Date,Open,High,Low,Close,Volume,Adj Close
2016-03-04,10.22,10.33,9.63,9.76,275400,9.76
2016-03-03,9.55,10.19,9.52,9.88,275100,9.88
2016-03-02,9.09,9.51,8.94,9.46,157600,9.46
2016-03-01,9.14,9.15,8.90,9.15,151600,9.15
2016-02-29,8.65,9.01,8.63,8.97,189600,8.97
2016-02-26,8.47,8.72,8.37,8.54,194500,8.54
2016-02-25,8.24,8.32,8.11,8.27,126700,8.27
2016-02-24,7.92,8.41,7.68,8.33,202900,8.33
2016-02-23,8.33,8.39,8.10,8.10,317900,8.10
2016-02-22,7.97,8.39,7.97,8.32,245900,8.32
2016-02-19,7.87,7.94,7.72,7.79,128700,7.79
2016-02-18,8.08,8.08,7.69,7.97,251200,7.97
2016-02-17,7.51,7.89,7.30,7.82,294800,7.82
2016-02-16,7.02,7.26,6.95,7.13,329000,7.13
2016-02-12,6.37,6.78,6.28,6.78,321700,6.78
2016-02-11,6.33,6.62,6.07,6.20,569900,6.20
2016-02-10,6.61,6.89,6.41,6.59,250200,6.59
2016-02-09,6.71,6.85,6.36,6.64,469000,6.64
2016-02-08,7.90,8.01,6.95,7.15,451500,7.15
2016-02-05,8.60,8.86,7.99,8.24,216600,8.24
2016-02-04,8.59,8.82,8.30,8.64,258200,8.64
2016-02-03,8.75,8.75,8.25,8.48,361100,8.48
2016-02-02,8.62,8.63,8.23,8.50,313100,8.50
2016-02-01,8.81,8.87,8.61,8.85,198700,8.85
2016-01-29,8.61,9.15,8.61,8.99,278400,8.99
2016-01-28,8.18,8.62,8.18,8.54,318800,8.54
2016-01-27,7.98,8.29,7.72,7.76,348300,7.76
2016-01-26,7.52,8.09,7.33,8.03,418400,8.03
2016-01-25,7.40,8.02,7.25,7.36,334000,7.36
2016-01-22,7.00,7.53,6.99,7.53,468200,7.53
2016-01-21,6.57,6.86,6.41,6.67,642500,6.67
2016-01-20,6.83,6.95,5.88,6.49,624900,6.49
2016-01-19,8.08,8.08,7.13,7.17,412900,7.17
2016-01-15,8.12,8.23,7.70,7.98,437700,7.98
2016-01-14,8.20,8.63,7.83,8.58,521700,8.58
2016-01-13,8.89,9.13,8.02,8.14,371700,8.14
2016-01-12,9.55,9.67,8.61,9.12,423900,8.783
2016-01-11,10.06,10.06,9.23,9.35,276900,9.004501
2016-01-08,10.15,10.26,9.94,10.06,325000,9.688265
2016-01-07,10.30,10.45,9.97,10.09,529600,9.717157
2016-01-06,10.98,10.98,10.41,10.54,293400,10.150528
2016-01-05,11.21,11.27,10.91,11.19,219100,10.776509
2016-01-04,10.89,11.22,10.82,11.22,424600,10.805401
2015-12-31,10.25,11.35,10.25,11.10,503400,10.689836
2015-12-30,10.25,10.61,10.13,10.38,743300,9.996441
2015-12-29,10.76,10.91,10.26,10.36,732900,9.977179
2015-12-28,11.14,11.14,10.40,10.59,574200,10.198681
2015-12-24,11.12,11.49,11.10,11.28,347300,10.863184
2015-12-23,10.13,11.05,10.13,11.00,1039000,10.59353
2015-12-22,9.38,10.15,9.36,9.78,504600,9.418611
2015-12-21,9.13,9.36,9.00,9.34,462600,8.994871
2015-12-18,9.23,9.49,9.06,9.15,637200,8.811891
2015-12-17,9.65,9.65,9.15,9.35,535600,9.004501
2015-12-16,9.17,9.74,9.14,9.56,455100,9.206741
2015-12-15,9.03,9.31,9.03,9.23,600900,8.888935
2015-12-14,9.57,9.60,8.84,8.94,433700,8.609651
2015-12-11,10.06,10.14,9.58,9.62,565300,9.264524
2015-12-10,10.12,10.62,10.00,10.29,465200,9.909766
2015-12-09,9.82,10.44,9.82,10.16,475000,9.78457
2015-12-08,9.48,10.19,9.43,9.78,517800,9.418611
2015-12-07,10.50,10.51,9.52,9.88,679600,9.514917
2015-12-04,11.16,11.30,10.62,10.68,562600,10.285355
2015-12-03,11.50,11.64,11.13,11.32,566000,10.901706
2015-12-02,11.80,11.80,11.34,11.49,420700,11.065424
2015-12-01,11.90,12.05,11.72,11.92,315500,11.479535
2015-11-30,12.12,12.17,11.85,11.91,266200,11.469904
2015-11-27,12.09,12.16,11.85,12.05,122400,11.604731
2015-11-25,11.68,12.17,11.54,12.15,324800,11.701036
2015-11-24,11.57,12.04,11.55,11.83,317200,11.39286
2015-11-23,11.75,12.01,11.41,11.41,396700,10.98838
2015-11-20,12.01,12.13,11.67,11.69,253000,11.258033
2015-11-19,12.16,12.22,11.94,12.07,255900,11.623992
2015-11-18,12.37,12.57,12.02,12.22,288100,11.76845
2015-11-17,12.79,13.04,12.31,12.33,370400,11.874384
2015-11-16,12.35,12.94,12.33,12.90,173500,12.423322
2015-11-13,12.00,12.54,11.82,12.37,238900,11.912906
2015-11-12,12.43,12.54,12.10,12.11,451200,11.662514
2015-11-11,12.88,13.01,12.54,12.61,118500,12.144038
2015-11-10,12.78,13.07,12.71,12.89,173500,12.413692
2015-11-09,12.98,13.16,12.79,12.97,214300,12.490736
2015-11-06,13.21,13.42,13.06,13.08,134800,12.596671
2015-11-05,13.72,13.84,13.25,13.35,198700,12.856694
2015-11-04,14.30,14.44,13.75,13.86,203300,13.347848
2015-11-03,14.06,14.46,13.95,14.26,163000,13.733068
2015-11-02,13.89,14.35,13.85,14.05,346900,13.530828
2015-10-30,13.72,14.04,13.41,14.01,137300,13.492306
2015-10-29,13.44,13.95,13.44,13.78,86400,13.270804
2015-10-28,12.98,13.51,12.93,13.51,166700,13.010782
2015-10-27,13.10,13.19,12.70,12.80,176500,12.327017
2015-10-26,13.57,13.62,13.20,13.21,183300,12.721867
2015-10-23,13.94,14.07,13.51,13.64,131700,13.135978
2015-10-22,14.17,14.39,13.85,13.90,224300,13.38637
2015-10-21,14.16,14.43,14.02,14.22,208200,13.694546
2015-10-20,14.06,14.31,14.02,14.18,135200,13.656024
2015-10-19,14.26,14.40,13.90,14.12,90100,13.598241
2015-10-16,14.35,14.53,14.24,14.42,136900,13.887155
2015-10-15,14.17,14.57,13.97,14.25,204100,13.723437
2015-10-14,14.35,14.44,13.92,14.26,160700,13.733068
2015-10-13,14.35,14.55,14.08,14.48,263200,13.944938
2015-10-12,15.46,15.46,14.63,14.86,181900,13.98635
2015-10-09,15.15,15.45,15.04,15.43,192600,14.522839
2015-10-08,14.93,15.13,14.75,15.11,232000,14.221652
2015-10-07,14.72,15.00,14.43,15.00,340500,14.118119
2015-10-06,13.95,14.72,13.85,14.58,289900,13.722812
2015-10-05,13.70,14.01,13.70,13.85,194600,13.03573
2015-10-02,12.82,13.66,12.79,13.64,301200,12.838077
2015-10-01,12.74,13.35,12.74,13.21,389800,12.433357
2015-09-30,12.42,13.10,12.28,12.57,392800,11.830984
2015-09-29,12.96,13.08,12.24,12.27,417800,11.548622
2015-09-28,13.52,13.53,12.98,13.06,302700,12.292176
2015-09-25,13.74,13.92,13.52,13.65,234300,12.847488
2015-09-24,13.64,13.74,13.17,13.61,235000,12.80984
2015-09-23,14.22,14.34,13.71,13.76,224600,12.951022
2015-09-22,14.22,14.37,14.18,14.22,131500,13.383977
2015-09-21,14.57,14.57,14.39,14.40,98200,13.553394
2015-09-18,14.34,14.65,14.23,14.53,110000,13.675751
2015-09-17,14.35,14.71,14.23,14.64,124600,13.779285
2015-09-16,14.19,14.44,14.15,14.38,150500,13.53457
2015-09-15,13.65,14.15,13.65,14.10,143100,13.271032
2015-09-14,13.92,14.09,13.70,13.73,155200,12.922785
2015-09-11,14.35,14.36,14.00,14.03,235100,13.205147
2015-09-10,14.75,14.77,14.43,14.44,159900,13.591042
2015-09-09,15.03,15.03,14.66,14.77,82200,13.901642
2015-09-08,14.92,15.02,14.67,14.96,136700,14.080471
2015-09-04,14.70,15.15,14.70,14.88,110000,14.005174
2015-09-03,14.55,14.94,14.54,14.88,166200,14.005174
2015-09-02,14.69,14.91,14.30,14.57,182800,13.713399
2015-09-01,14.25,14.61,14.25,14.48,185800,13.628691
2015-08-31,15.02,15.22,14.68,14.75,203200,13.882817
2015-08-28,14.76,15.44,14.76,15.16,209600,14.268712
2015-08-27,14.52,15.28,14.52,15.01,348700,14.127531
2015-08-26,13.96,14.44,13.82,14.44,218500,13.591042
2015-08-25,14.09,14.53,13.75,13.82,198400,13.007494
2015-08-24,13.51,14.34,13.32,13.80,326700,12.98867
2015-08-21,14.43,14.72,13.99,14.20,162000,13.365153
2015-08-20,15.12,15.40,14.62,14.62,209200,13.76046
2015-08-19,15.44,15.55,15.15,15.30,212800,14.400482
2015-08-18,15.37,15.59,15.37,15.54,148000,14.626371
2015-08-17,15.27,15.55,15.16,15.49,213800,14.579311
2015-08-14,14.83,15.34,14.81,15.30,212900,14.400482
2015-08-13,15.10,15.10,14.76,14.88,122900,14.005174
2015-08-12,14.46,15.09,14.39,15.09,275600,14.202828
2015-08-11,14.45,14.64,14.33,14.61,383000,13.751048
2015-08-10,14.14,14.68,14.13,14.56,279700,13.703988
2015-08-07,13.94,14.26,13.90,14.15,314200,13.318092
2015-08-06,14.08,14.17,13.66,13.88,353100,13.063966
2015-08-05,15.00,15.31,14.22,14.32,236500,13.478097
2015-08-04,14.90,15.11,14.76,14.92,209500,14.042823
2015-08-03,15.28,15.30,14.73,15.02,205300,14.136944
2015-07-31,15.44,15.50,15.26,15.38,198400,14.475778
2015-07-30,15.67,15.80,15.41,15.44,307800,14.53225
2015-07-29,15.35,15.90,15.25,15.82,224900,14.889909
2015-07-28,14.99,15.44,14.75,15.37,230300,14.466366
2015-07-27,14.71,14.99,14.57,14.98,152900,14.099295
2015-07-24,14.59,14.93,14.55,14.86,323500,13.98635
2015-07-23,14.64,14.90,14.63,14.75,259700,13.882817
2015-07-22,15.01,15.05,14.56,14.61,258200,13.751048
2015-07-21,15.32,15.46,15.04,15.11,213700,14.221652
2015-07-20,15.90,15.91,15.30,15.30,246600,14.400482
2015-07-17,16.190001,16.190001,15.69,15.91,178400,14.974618
2015-07-16,16.370001,16.42,16.07,16.200001,264100,15.247569
2015-07-15,16.77,16.82,16.27,16.35,196000,15.38875
2015-07-14,16.639999,16.950001,16.60,16.90,204400,15.906414
2015-07-13,16.549999,16.75,16.540001,16.719999,122700,15.736996
2015-07-10,16.459999,16.879999,16.33,16.83,132700,15.523342
2015-07-09,16.549999,16.610001,16.24,16.379999,119300,15.108279
2015-07-08,16.42,16.52,16.17,16.280001,104500,15.016044
2015-07-07,16.370001,16.629999,16.01,16.58,202500,15.292752
2015-07-06,16.299999,16.41,16.24,16.379999,78200,15.108279
2015-07-02,16.309999,16.50,16.200001,16.43,248300,15.154398
2015-07-01,16.58,16.58,16.299999,16.389999,169300,15.117502
2015-06-30,16.540001,16.559999,16.33,16.469999,134900,15.191291
2015-06-29,16.60,16.66,16.49,16.49,154300,15.209739
2015-06-26,16.91,16.91,16.690001,16.700001,209200,15.403436
2015-06-25,17.219999,17.280001,16.870001,17.01,144200,15.689367
2015-06-24,17.32,17.35,17.09,17.110001,152400,15.781604
2015-06-23,16.98,17.360001,16.940001,17.24,146600,15.90151
2015-06-22,17.18,17.209999,16.91,16.92,161200,15.606355
2015-06-19,17.280001,17.370001,17.120001,17.120001,138800,15.790827
2015-06-18,17.530001,17.530001,17.290001,17.370001,156200,16.021418
2015-06-17,17.60,17.700001,17.360001,17.50,99200,16.141324
2015-06-16,17.42,17.66,17.40,17.60,117900,16.233561
2015-06-15,17.190001,17.40,17.17,17.389999,113500,16.039864
2015-06-12,17.389999,17.389999,17.190001,17.23,111900,15.892286
2015-06-11,17.42,17.530001,17.360001,17.440001,130900,16.085983
2015-06-10,17.60,17.719999,17.469999,17.48,97300,16.122876
2015-06-09,17.719999,17.75,17.51,17.52,105800,16.159772
2015-06-08,17.690001,17.83,17.60,17.719999,122900,16.344243
2015-06-05,17.629999,17.780001,17.459999,17.73,125600,16.353467
2015-06-04,18.129999,18.129999,17.58,17.66,94900,16.288902
2015-06-03,18.309999,18.35,18.120001,18.129999,101000,16.722411
2015-06-02,18.299999,18.41,18.27,18.309999,54500,16.888436
2015-06-01,18.33,18.48,18.299999,18.299999,205900,16.879212
2015-05-29,18.440001,18.450001,18.290001,18.32,118900,16.89766
2015-05-28,18.41,18.459999,18.34,18.42,71100,16.989897
2015-05-27,18.469999,18.52,18.41,18.51,66700,17.072909
2015-05-26,18.59,18.66,18.43,18.440001,90600,17.008344
2015-05-22,18.67,18.719999,18.58,18.639999,74400,17.192815
2015-05-21,18.82,18.879999,18.610001,18.67,145200,17.220487
2015-05-20,18.75,18.84,18.65,18.74,128400,17.285052
2015-05-19,18.85,18.85,18.690001,18.77,64300,17.312723
2015-05-18,18.92,18.969999,18.799999,18.879999,147700,17.414182
2015-05-15,19.02,19.059999,18.84,18.870001,186100,17.40496
2015-05-14,18.889999,19.059999,18.889999,19.00,110700,17.524866
2015-05-13,18.629999,18.90,18.58,18.74,211300,17.285052
2015-05-12,18.32,18.49,18.25,18.48,65400,17.045238
2015-05-11,18.32,18.389999,18.23,18.33,159300,16.906884
2015-05-08,18.34,18.50,18.299999,18.33,96100,16.906884
2015-05-07,18.67,18.67,18.24,18.24,121900,16.823871
2015-05-06,18.99,18.99,18.639999,18.700001,101700,17.248158
2015-05-05,18.950001,18.99,18.77,18.950001,65900,17.478749
2015-05-04,18.959999,19.02,18.84,18.90,109700,17.43263
2015-05-01,19.02,19.059999,18.870001,18.98,91400,17.506418
2015-04-30,18.85,19.059999,18.77,18.99,125900,17.515642
2015-04-29,18.620001,18.940001,18.60,18.940001,140900,17.469525
2015-04-28,18.709999,18.790001,18.559999,18.67,113100,17.220487
2015-04-27,18.940001,18.959999,18.709999,18.73,110800,17.275828
2015-04-24,18.84,18.969999,18.780001,18.940001,158600,17.469525
2015-04-23,18.700001,18.90,18.690001,18.870001,140300,17.40496
2015-04-22,18.65,18.719999,18.60,18.639999,135900,17.192815
2015-04-21,18.559999,18.639999,18.469999,18.620001,102600,17.17437
2015-04-20,18.700001,18.82,18.52,18.540001,114100,17.100581
2015-04-17,18.77,18.889999,18.549999,18.559999,89000,17.119027
2015-04-16,18.93,18.93,18.73,18.93,115800,17.460301
2015-04-15,18.66,18.950001,18.620001,18.91,128900,17.441853
2015-04-14,18.379999,18.65,18.299999,18.639999,191200,17.192815
2015-04-13,18.549999,18.549999,18.299999,18.360001,165800,16.934555
2015-04-10,18.74,18.75,18.52,18.59,114300,16.837707
2015-04-09,18.639999,18.74,18.540001,18.629999,110500,16.873936
2015-04-08,18.690001,18.799999,18.549999,18.629999,102600,16.873936
2015-04-07,18.530001,18.700001,18.48,18.700001,90600,16.937339
2015-04-06,18.34,18.57,18.309999,18.51,123100,16.765248
2015-04-02,18.120001,18.360001,18.120001,18.34,154900,16.611272
2015-04-01,18.379999,18.43,18.25,18.27,109200,16.547871
2015-03-31,18.18,18.440001,18.18,18.32,107400,16.593157
2015-03-30,18.27,18.41,18.219999,18.33,191100,16.602215
2015-03-27,18.139999,18.290001,18.09,18.23,110300,16.51164
2015-03-26,18.190001,18.33,18.02,18.139999,140200,16.430123
2015-03-25,18.219999,18.219999,17.92,18.10,213100,16.393895
2015-03-24,18.43,18.440001,18.190001,18.25,141300,16.529755
2015-03-23,18.129999,18.360001,18.09,18.360001,209500,16.629387
2015-03-20,18.049999,18.10,17.950001,18.07,194300,16.366722
2015-03-19,17.799999,17.90,17.68,17.90,141100,16.212746
2015-03-18,17.43,18.00,17.35,17.91,285900,16.221804
2015-03-17,17.42,17.60,17.40,17.450001,186900,15.805164
2015-03-16,17.559999,17.620001,17.32,17.469999,192700,15.823278
2015-03-13,17.68,17.83,17.459999,17.549999,134800,15.895737
2015-03-12,18.01,18.08,17.77,17.77,117200,16.095001
2015-03-11,18.190001,18.190001,17.98,17.98,171500,16.285205
2015-03-10,18.01,18.16,17.940001,18.15,116700,16.439181
2015-03-09,18.559999,18.68,18.15,18.17,136600,16.457296
2015-03-06,18.709999,18.77,18.540001,18.639999,211600,16.882993
2015-03-05,18.809999,18.93,18.74,18.879999,171500,17.100371
2015-03-04,18.75,18.82,18.620001,18.799999,128500,17.027912
2015-03-03,18.73,18.84,18.549999,18.76,261100,16.991683
2015-03-02,18.65,18.82,18.620001,18.700001,236400,16.937339
2015-02-27,18.77,18.860001,18.60,18.700001,210700,16.937339
2015-02-26,19.129999,19.129999,18.73,18.76,263800,16.991683
2015-02-25,19.02,19.219999,18.98,19.190001,121500,17.381152
2015-02-24,19.030001,19.030001,18.82,18.950001,133300,17.163774
2015-02-23,19.01,19.32,18.889999,18.93,212900,17.145659
2015-02-20,18.90,19.120001,18.879999,19.07,136400,17.272462
2015-02-19,18.879999,18.90,18.700001,18.90,151600,17.118486
2015-02-18,18.940001,19.040001,18.809999,18.969999,168700,17.181888
2015-02-17,19.07,19.07,18.790001,18.99,192800,17.200003
2015-02-13,18.780001,19.01,18.780001,19.00,138700,17.20906
2015-02-12,18.73,18.84,18.530001,18.629999,143200,16.873936
2015-02-11,18.700001,18.860001,18.50,18.58,128200,16.82865
2015-02-10,19.049999,19.08,18.41,18.860001,123900,17.082257
2015-02-09,19.26,19.26,18.950001,19.07,78900,17.272462
2015-02-06,19.16,19.280001,18.959999,19.18,152900,17.372094
2015-02-05,18.889999,19.040001,18.75,19.02,362300,17.227176
2015-02-04,18.84,18.870001,18.549999,18.75,370200,16.982625
2015-02-03,18.73,19.10,18.68,18.969999,218600,17.181888
2015-02-02,18.33,18.66,18.139999,18.620001,227100,16.86488
2015-01-30,18.059999,18.42,17.82,18.280001,239900,16.556928
2015-01-29,18.049999,18.16,17.700001,18.129999,248200,16.421066
2015-01-28,19.09,19.24,17.90,18.030001,279400,16.330493
2015-01-27,18.93,19.129999,18.780001,18.99,218500,17.200003
2015-01-26,19.030001,19.09,18.65,19.040001,184000,17.245291
2015-01-23,19.09,19.17,18.76,18.959999,164300,17.17283
2015-01-22,19.18,19.26,18.93,19.15,121500,17.344921
2015-01-21,18.60,18.969999,18.58,18.969999,143600,17.181888
2015-01-20,18.709999,18.76,18.33,18.629999,139800,16.873936
2015-01-16,17.860001,18.76,17.860001,18.74,150300,16.973568
2015-01-15,17.620001,18.139999,17.620001,17.91,188700,16.221804
2015-01-14,17.530001,17.76,17.07,17.620001,294400,15.95914
2015-01-13,18.530001,18.530001,17.68,17.84,116400,16.158402
2015-01-12,19.200001,19.34,18.51,18.60,287000,16.545153
2015-01-09,19.58,19.67,19.24,19.309999,146600,17.176715
2015-01-08,19.43,19.73,19.360001,19.58,102000,17.416887
2015-01-07,19.50,19.77,19.190001,19.27,188200,17.141134
2015-01-06,19.709999,19.76,19.02,19.27,211300,17.141134
2015-01-05,20.26,20.280001,19.57,19.84,158600,17.648163
2015-01-02,20.290001,20.559999,20.18,20.440001,72300,18.181878
2014-12-31,20.190001,20.379999,20.07,20.32,122400,18.075134
2014-12-30,20.190001,20.26,20.02,20.17,63900,17.941706
2014-12-29,20.09,20.280001,19.67,20.18,82400,17.950601
2014-12-26,20.40,20.41,20.07,20.09,62500,17.870544
2014-12-24,20.10,20.41,20.030001,20.17,88900,17.941706
2014-12-23,20.07,20.52,19.85,20.25,141400,18.012868
2014-12-22,20.18,20.209999,19.16,19.879999,178600,17.683743
2014-12-19,20.280001,20.389999,20.049999,20.33,101100,18.08403
2014-12-18,20.42,20.450001,19.610001,20.129999,204700,17.906124
2014-12-17,18.15,19.50,18.15,19.50,178500,17.345725
2014-12-16,17.67,18.48,17.34,18.200001,249300,16.189344
2014-12-15,18.57,18.780001,17.719999,17.870001,223600,15.895801
2014-12-12,18.200001,18.51,18.040001,18.389999,189500,16.358352
2014-12-11,18.48,18.969999,18.309999,18.32,194400,16.296086
2014-12-10,18.299999,18.700001,18.290001,18.67,449600,16.60742
2014-12-09,18.50,18.790001,18.299999,18.43,322600,16.393934
2014-12-08,19.57,19.57,18.540001,18.799999,369300,16.723057
2014-12-05,20.120001,20.299999,19.629999,19.73,257600,17.550315
2014-12-04,20.32,20.530001,20.120001,20.200001,218600,17.968392
2014-12-03,20.01,20.549999,20.01,20.450001,155300,18.190773
2014-12-02,19.49,20.02,19.450001,19.809999,134400,17.621477
2014-12-01,20.48,20.48,19.58,19.620001,163400,17.452468
2014-11-28,21.469999,21.559999,20.58,20.719999,86600,18.430944
2014-11-26,21.58,21.77,21.469999,21.77,108700,19.364945
2014-11-25,21.50,21.60,21.33,21.549999,152900,19.169249
2014-11-24,21.75,21.780001,21.219999,21.440001,145600,19.071402
2014-11-21,21.85,21.969999,21.50,21.60,92400,19.213726
2014-11-20,21.440001,21.639999,21.309999,21.59,110600,19.204831
2014-11-19,21.059999,21.530001,20.91,21.450001,194300,19.080298
2014-11-18,20.870001,21.10,20.84,21.059999,130300,18.733382
2014-11-17,20.959999,21.049999,20.809999,20.870001,218600,18.564374
2014-11-14,20.60,21.00,20.459999,20.99,96800,18.671116
2014-11-13,20.639999,20.73,20.469999,20.540001,228600,18.270831
2014-11-12,20.389999,20.68,20.34,20.59,105100,18.315306
2014-11-11,20.309999,20.549999,20.24,20.549999,65400,18.279725
2014-11-10,20.60,20.700001,20.290001,20.41,170100,18.155192
2014-11-07,20.16,20.629999,20.16,20.60,136600,18.324202
2014-11-06,20.129999,20.25,19.98,20.190001,105400,17.959497
2014-11-05,20.129999,20.23,19.879999,20.209999,201400,17.977286
2014-11-04,20.33,20.34,19.93,20.110001,166400,17.888335
2014-11-03,20.690001,20.780001,20.49,20.49,146500,18.226354
2014-10-31,20.93,20.99,20.610001,20.799999,117200,18.502106
2014-10-30,21.02,21.110001,20.709999,20.83,74000,18.528792
2014-10-29,20.940001,21.27,20.799999,21.08,116500,18.751173
2014-10-28,20.719999,20.90,20.700001,20.90,83800,18.591058
2014-10-27,21.059999,21.16,20.610001,20.74,183200,18.448735
2014-10-24,20.780001,21.25,20.74,21.17,132900,18.83123
2014-10-23,20.65,20.90,20.610001,20.77,106200,18.475421
2014-10-22,20.870001,21.10,20.27,20.43,171100,18.172983
2014-10-21,20.549999,20.959999,20.540001,20.77,138300,18.475421
2014-10-20,20.41,20.709999,20.07,20.360001,201400,18.110716
2014-10-17,20.299999,20.85,20.129999,20.57,213300,18.297515
2014-10-16,18.389999,20.02,18.299999,19.940001,243000,17.737116
2014-10-15,17.610001,18.82,17.120001,18.76,354900,16.687477
2014-10-14,18.58,18.58,17.15,17.940001,400800,15.958067
2014-10-13,19.65,19.68,18.549999,18.58,211600,16.527362
2014-10-10,20.48,20.48,19.25,19.549999,285400,17.3902
2014-10-09,21.82,21.82,20.73,20.870001,125900,18.2735
2014-10-08,21.870001,22.00,21.219999,21.83,112600,19.114063
2014-10-07,21.690001,21.93,21.65,21.780001,59200,19.070284
2014-10-06,22.08,22.190001,21.629999,21.74,84900,19.03526
2014-10-03,21.950001,21.969999,21.82,21.969999,65100,19.236644
2014-10-02,21.99,22.030001,21.43,21.879999,105500,19.157841
2014-10-01,22.17,22.26,21.83,21.950001,81100,19.219134
2014-09-30,21.889999,22.110001,21.68,22.110001,95300,19.359227
2014-09-29,21.629999,21.83,21.549999,21.83,77200,19.114063
2014-09-26,21.26,21.68,21.200001,21.67,84600,18.973969
2014-09-25,21.33,21.450001,21.07,21.200001,103600,18.562444
2014-09-24,21.450001,21.450001,21.040001,21.34,150000,18.685025
2014-09-23,21.549999,21.65,21.41,21.469999,115400,18.798851
2014-09-22,21.950001,21.969999,21.51,21.65,124500,18.956457
2014-09-19,21.77,21.940001,21.700001,21.93,93700,19.201622
2014-09-18,21.76,21.82,21.60,21.690001,180900,18.991481
2014-09-17,21.67,21.780001,21.549999,21.73,131500,19.026504
2014-09-16,21.24,21.60,21.24,21.59,113100,18.903922
2014-09-15,21.709999,21.709999,21.110001,21.27,230300,18.623734
2014-09-12,21.93,21.950001,21.50,21.690001,202500,18.991481
2014-09-11,21.969999,22.030001,21.860001,21.99,89400,19.254156
2014-09-10,21.969999,22.02,21.879999,22.02,98400,19.280425
2014-09-09,21.940001,22.059999,21.85,21.940001,116100,19.210378
2014-09-08,21.99,22.08,21.77,21.92,151800,19.192866
2014-09-05,22.09,22.09,21.780001,21.99,124900,19.254156
2014-09-04,22.200001,22.25,21.98,22.07,126000,19.324203
2014-09-03,22.27,22.280001,22.049999,22.190001,81700,19.429274
2014-09-02,22.27,22.299999,22.07,22.17,183900,19.411762
2014-08-29,22.280001,22.370001,22.10,22.200001,126000,19.43803
2014-08-28,22.17,22.40,22.110001,22.24,127600,19.473053
2014-08-27,22.299999,22.32,22.129999,22.25,107100,19.481809
2014-08-26,21.870001,22.23,21.799999,22.219999,170200,19.455541
2014-08-25,21.92,21.92,21.549999,21.75,159300,19.044016
2014-08-22,22.17,22.17,21.790001,21.879999,97100,19.157841
2014-08-21,22.139999,22.16,21.969999,22.110001,92500,19.359227
2014-08-20,21.84,22.049999,21.83,22.049999,108100,19.306691
2014-08-19,21.790001,21.85,21.700001,21.82,88800,19.105306
2014-08-18,21.82,21.82,21.610001,21.709999,94200,19.008991
2014-08-15,21.790001,21.799999,21.59,21.780001,120800,19.070284
2014-08-14,21.42,21.67,21.42,21.67,125200,18.973969
2014-08-13,21.459999,21.459999,21.049999,21.33,173600,18.676269
2014-08-12,21.35,21.469999,21.209999,21.450001,118400,18.78134
2014-08-11,21.190001,21.549999,21.190001,21.25,147300,18.606222
2014-08-08,20.66,20.84,20.58,20.809999,62500,18.220963
2014-08-07,20.530001,20.76,20.40,20.629999,72300,18.063358
2014-08-06,20.50,20.530001,20.16,20.440001,151600,17.896997
2014-08-05,20.48,20.780001,20.40,20.629999,226500,18.063358
2014-08-04,20.200001,20.51,20.10,20.51,110800,17.958288
2014-08-01,20.58,20.58,20.08,20.23,228500,17.713123
2014-07-31,21.15,21.15,20.459999,20.530001,132400,17.9758
2014-07-30,21.610001,21.65,21.120001,21.219999,176400,18.579954
2014-07-29,21.74,21.85,21.459999,21.48,91900,18.807607
2014-07-28,22.01,22.01,21.639999,21.690001,81700,18.991481
2014-07-25,22.15,22.15,21.879999,21.959999,75300,19.227888
2014-07-24,22.209999,22.209999,22.030001,22.15,57400,19.39425
2014-07-23,21.98,22.190001,21.92,22.16,118900,19.403006
2014-07-22,21.92,21.99,21.76,21.940001,79400,19.210378
2014-07-21,21.639999,21.809999,21.639999,21.790001,77000,19.07904
2014-07-18,21.719999,21.76,21.50,21.610001,169900,18.921434
2014-07-17,21.530001,21.77,21.450001,21.719999,147900,19.017747
2014-07-16,21.559999,21.60,21.41,21.48,100900,18.807607
2014-07-15,21.540001,21.540001,21.35,21.440001,95900,18.772584
2014-07-14,21.42,21.59,21.42,21.48,73700,18.807607
2014-07-11,21.41,21.42,21.139999,21.379999,83100,18.720048
2014-07-10,21.52,21.719999,21.51,21.690001,80900,18.709542
2014-07-09,21.58,21.690001,21.459999,21.690001,98100,18.709542
2014-07-08,21.77,21.83,21.389999,21.57,90700,18.60603
2014-07-07,21.90,21.91,21.450001,21.709999,116200,18.726792
2014-07-03,22.049999,22.110001,21.73,21.84,59000,18.83893
2014-07-02,22.290001,22.360001,22.00,22.110001,95800,19.071829
2014-07-01,22.34,22.379999,22.129999,22.24,89800,19.183965
2014-06-30,22.110001,22.23,22.040001,22.219999,92800,19.166712
2014-06-27,22.07,22.15,21.959999,22.08,88400,19.045951
2014-06-26,22.24,22.360001,22.02,22.049999,183100,19.020072
2014-06-25,21.969999,22.190001,21.91,22.129999,158800,19.089079
2014-06-24,21.870001,21.969999,21.799999,21.969999,100000,18.951065
2014-06-23,21.73,21.959999,21.65,21.799999,141400,18.804425
2014-06-20,21.719999,21.77,21.57,21.66,72000,18.683663
2014-06-19,21.620001,21.67,21.43,21.65,103400,18.675037
2014-06-18,21.57,21.610001,21.32,21.530001,135300,18.571528
2014-06-17,21.32,21.549999,21.309999,21.49,117400,18.537023
2014-06-16,21.219999,21.34,21.18,21.23,78400,18.31275
2014-06-13,21.25,21.360001,21.120001,21.17,92900,18.260995
2014-06-12,21.530001,21.530001,21.110001,21.190001,83500,18.278248
2014-06-11,21.35,21.48,21.32,21.48,83000,18.528397
2014-06-10,21.32,21.450001,21.25,21.33,80100,18.399009
2014-06-09,21.16,21.50,21.16,21.25,219300,18.330002
2014-06-06,21.49,21.639999,21.23,21.23,150900,18.31275
2014-06-05,21.440001,21.58,21.41,21.50,114000,18.545649
2014-06-04,21.35,21.49,21.299999,21.49,114100,18.537023
2014-06-03,21.190001,21.370001,21.190001,21.370001,130800,18.433514
2014-06-02,21.00,21.209999,21.00,21.200001,85900,18.286874
2014-05-30,20.92,21.00,20.860001,20.99,78300,18.105729
2014-05-29,20.77,20.889999,20.73,20.870001,73300,18.00222
2014-05-28,20.60,20.74,20.549999,20.74,92000,17.890082
2014-05-27,21.00,21.00,20.32,20.530001,183300,17.708939
2014-05-23,20.93,20.98,20.82,20.959999,100800,18.079851
2014-05-22,20.73,20.98,20.73,20.870001,113000,18.00222
2014-05-21,20.879999,20.98,20.67,20.73,118600,17.881456
2014-05-20,20.950001,20.950001,20.700001,20.75,99800,17.898708
2014-05-19,20.85,20.950001,20.799999,20.950001,115100,18.071227
2014-05-16,20.52,20.98,20.40,20.790001,115800,17.933213
2014-05-15,20.35,20.42,20.309999,20.42,133800,17.614054
2014-05-14,20.24,20.25,20.09,20.23,105900,17.450162
2014-05-13,20.129999,20.24,20.01,20.24,85600,17.458788
2014-05-12,20.01,20.190001,20.00,20.10,99400,17.338026
2014-05-09,20.17,20.17,19.90,19.98,67700,17.234515
2014-05-08,20.33,20.49,20.16,20.209999,115600,17.43291
2014-05-07,20.43,20.49,20.209999,20.33,147000,17.536421
2014-05-06,20.25,20.40,20.219999,20.40,107400,17.596802
2014-05-05,20.01,20.370001,19.950001,20.23,171300,17.450162
2014-05-02,20.200001,20.299999,20.08,20.110001,84500,17.346652
2014-05-01,20.190001,20.290001,20.08,20.25,91500,17.467414
2014-04-30,20.139999,20.41,20.110001,20.25,164100,17.467414
2014-04-29,19.969999,20.15,19.870001,20.139999,116500,17.372529
2014-04-28,19.82,19.90,19.76,19.90,144400,17.165508
2014-04-25,19.719999,19.75,19.610001,19.75,114700,17.03612
2014-04-24,19.75,19.82,19.65,19.76,129500,17.044746
2014-04-23,19.65,19.75,19.59,19.719999,199900,17.010242
2014-04-22,19.629999,19.75,19.59,19.65,168400,16.949861
2014-04-21,19.549999,19.620001,19.51,19.59,78200,16.898106
2014-04-17,19.389999,19.549999,19.34,19.48,133300,16.803221
2014-04-16,19.43,19.469999,19.290001,19.440001,89800,16.768718
2014-04-15,19.370001,19.370001,19.190001,19.35,108600,16.691085
2014-04-14,19.299999,19.48,19.219999,19.33,118100,16.673833
2014-04-11,19.280001,19.309999,19.10,19.23,120500,16.587573
2014-04-10,19.73,19.77,19.530001,19.58,110800,16.616901
2014-04-09,19.620001,19.77,19.49,19.77,125000,16.778149
2014-04-08,19.280001,19.459999,19.280001,19.459999,120100,16.515061
2014-04-07,19.59,19.60,19.24,19.27,103900,16.353815
2014-04-04,19.98,19.98,19.540001,19.58,140000,16.616901
2014-04-03,19.639999,19.639999,19.50,19.60,149700,16.633875
2014-04-02,19.40,19.620001,19.290001,19.58,237300,16.616901
2014-04-01,19.26,19.40,19.190001,19.40,117500,16.464141
2014-03-31,19.190001,19.23,19.10,19.200001,101700,16.294409
2014-03-28,19.030001,19.15,18.92,19.15,107900,16.251974
2014-03-27,18.73,18.92,18.709999,18.90,113700,16.039808
2014-03-26,18.84,18.91,18.67,18.67,136400,15.844615
2014-03-25,18.700001,18.799999,18.66,18.75,142400,15.912508
2014-03-24,18.98,18.99,18.67,18.690001,172700,15.861588
2014-03-21,18.92,19.139999,18.92,18.959999,155200,16.090727
2014-03-20,19.02,19.02,18.84,18.870001,118000,16.014349
2014-03-19,19.23,19.23,19.07,19.10,142500,16.209542
2014-03-18,19.129999,19.280001,19.10,19.200001,83800,16.294409
2014-03-17,18.91,19.139999,18.91,19.059999,113700,16.175594
2014-03-14,18.780001,19.040001,18.780001,18.860001,134200,16.005862
2014-03-13,19.040001,19.09,18.66,18.790001,138300,15.946455
2014-03-12,18.99,19.08,18.91,19.02,83500,16.141648
2014-03-11,18.959999,19.07,18.92,19.030001,117000,16.150135
2014-03-10,19.00,19.040001,18.84,18.940001,78700,16.073755
2014-03-07,19.219999,19.25,18.99,18.99,54900,16.116188
2014-03-06,19.25,19.290001,19.139999,19.200001,75400,16.294409
2014-03-05,19.26,19.389999,19.18,19.299999,110100,16.379274
2014-03-04,19.129999,19.290001,19.08,19.24,132700,16.328355
2014-03-03,19.00,19.120001,18.950001,19.120001,70000,16.226515
2014-02-28,19.23,19.25,19.030001,19.07,72300,16.184081
2014-02-27,19.10,19.25,19.040001,19.200001,163400,16.294409
2014-02-26,18.85,19.059999,18.799999,19.02,97300,16.141648
2014-02-25,18.98,19.030001,18.74,18.870001,130400,16.014349
2014-02-24,18.959999,18.99,18.860001,18.92,160400,16.056781
2014-02-21,19.08,19.15,18.969999,19.040001,106900,16.158622
2014-02-20,19.110001,19.120001,18.93,18.959999,88400,16.090727
2014-02-19,19.08,19.16,18.950001,19.049999,155600,16.167107
2014-02-18,19.32,19.32,18.969999,19.15,211700,16.251974
2014-02-14,19.07,19.24,19.07,19.190001,159000,16.285922
2014-02-13,18.940001,19.25,18.91,19.120001,169200,16.226515
2014-02-12,18.93,19.10,18.93,19.01,242500,16.133161
2014-02-11,18.940001,19.00,18.799999,18.92,155900,16.056781
2014-02-10,18.860001,18.940001,18.790001,18.940001,127600,16.073755
2014-02-07,18.620001,18.940001,18.610001,18.90,95700,16.039808
2014-02-06,18.450001,18.540001,18.35,18.51,88600,15.708828
2014-02-05,18.469999,18.549999,18.26,18.360001,232100,15.581528
2014-02-04,18.67,18.700001,18.50,18.50,151900,15.700341
2014-02-03,19.00,19.030001,18.530001,18.60,178600,15.785208
2014-01-31,18.700001,18.969999,18.700001,18.969999,69300,16.099214
2014-01-30,18.620001,18.870001,18.610001,18.73,90700,15.895534
2014-01-29,18.700001,18.860001,18.58,18.610001,113000,15.793695
2014-01-28,18.90,19.040001,18.790001,18.799999,114600,15.954941
2014-01-27,18.950001,19.15,18.57,18.83,121300,15.980401
2014-01-24,18.99,19.16,18.790001,18.84,85900,15.988888
2014-01-23,19.049999,19.290001,19.049999,19.07,106900,16.184081
2014-01-22,19.09,19.24,19.09,19.16,113300,16.260461
2014-01-21,19.08,19.15,18.99,19.00,82600,16.124675
2014-01-17,18.91,19.09,18.85,19.030001,92100,16.150135
2014-01-16,18.610001,18.889999,18.540001,18.879999,201700,16.022834
2014-01-15,18.57,18.629999,18.459999,18.559999,114100,15.751261
2014-01-14,18.719999,18.719999,18.35,18.51,131800,15.708828
2014-01-13,18.780001,18.90,18.52,18.57,261800,15.759748
2014-01-10,19.049999,19.15,18.92,19.030001,167300,15.881957
2014-01-09,19.23,19.23,18.940001,18.98,137500,15.840227
2014-01-08,19.27,19.27,19.030001,19.18,93600,16.007143
2014-01-07,19.450001,19.469999,19.02,19.23,128900,16.048871
2014-01-06,19.24,19.299999,18.969999,19.17,80200,15.998797
2014-01-03,19.129999,19.18,18.870001,19.18,105800,16.007143
2014-01-02,19.610001,19.639999,19.09,19.190001,139900,16.015489
2013-12-31,19.370001,19.68,19.370001,19.549999,119600,16.315935
2013-12-30,19.49,19.530001,19.27,19.51,127500,16.282553
2013-12-27,19.15,19.540001,19.059999,19.51,134900,16.282553
2013-12-26,19.139999,19.32,19.139999,19.290001,92400,16.098947
2013-12-24,19.16,19.299999,19.049999,19.280001,90800,16.090601
2013-12-23,18.85,19.08,18.629999,19.08,160200,15.923685
2013-12-20,18.23,18.530001,18.190001,18.530001,138400,15.46467
2013-12-19,17.969999,18.18,17.790001,18.139999,236500,15.139185
2013-12-18,17.950001,18.049999,17.719999,17.959999,370600,14.988961
2013-12-17,18.440001,18.49,17.950001,18.01,280900,15.030691
2013-12-16,18.110001,18.450001,18.110001,18.379999,153500,15.339482
2013-12-13,18.049999,18.110001,17.82,18.09,108000,15.097456
2013-12-12,18.15,18.15,17.940001,17.969999,86700,14.997307
2013-12-11,18.219999,18.299999,18.09,18.219999,125100,15.20595
2013-12-10,18.15,18.18,17.91,18.07,155700,15.080765
2013-12-09,18.25,18.360001,18.00,18.01,159800,15.030691
2013-12-06,18.49,18.610001,18.18,18.27,136600,15.24768
2013-12-05,18.700001,18.700001,18.32,18.450001,158700,15.397904
2013-12-04,19.01,19.01,18.60,18.66,88700,15.573164
2013-12-03,19.200001,19.209999,18.83,18.969999,84100,15.831881
2013-12-02,19.379999,19.379999,19.01,19.059999,58700,15.906993
2013-11-29,19.360001,19.440001,19.290001,19.40,45200,16.190749
2013-11-27,19.200001,19.27,19.00,19.25,72100,16.065563
2013-11-26,19.07,19.200001,19.049999,19.120001,99900,15.957069
2013-11-25,19.25,19.280001,19.129999,19.129999,126800,15.965413
2013-11-22,19.049999,19.299999,19.049999,19.290001,116400,16.098947
2013-11-21,18.889999,19.16,18.860001,19.049999,134200,15.898647
2013-11-20,19.040001,19.09,18.75,18.870001,100300,15.748425
2013-11-19,19.459999,19.459999,18.950001,19.049999,95400,15.898647
2013-11-18,19.450001,19.469999,19.309999,19.43,91500,16.215787
2013-11-15,19.34,19.51,19.24,19.459999,135800,16.240823
2013-11-14,18.98,19.129999,18.870001,19.120001,109200,15.957069
2013-11-13,19.00,19.00,18.75,18.93,143200,15.798499
2013-11-12,18.92,19.00,18.700001,18.85,102900,15.731733
2013-11-11,18.77,18.950001,18.76,18.93,115600,15.798499
2013-11-08,18.83,18.860001,18.57,18.84,99800,15.723387
2013-11-07,19.07,19.23,18.75,18.75,123100,15.648276
2013-11-06,19.360001,19.370001,19.00,19.09,87600,15.932031
2013-11-05,19.01,19.27,19.01,19.16,113500,15.990451
2013-11-04,19.26,19.27,18.99,19.139999,72200,15.973759
2013-11-01,19.299999,19.34,18.99,19.219999,99900,16.040525
2013-10-31,19.24,19.26,18.950001,19.26,129600,16.073909
2013-10-30,19.00,19.280001,19.00,19.23,126900,16.048871
2013-10-29,18.60,18.93,18.49,18.92,160500,15.790153
2013-10-28,19.07,19.07,18.549999,18.57,109400,15.498052
2013-10-25,18.75,19.10,18.75,18.940001,138900,15.806845
2013-10-24,18.879999,18.90,18.700001,18.73,163400,15.631584
2013-10-23,18.84,18.90,18.67,18.90,197400,15.773462
2013-10-22,18.540001,18.870001,18.540001,18.75,129100,15.648276
2013-10-21,18.440001,18.540001,18.40,18.48,110600,15.42294
2013-10-18,18.35,18.50,18.32,18.49,90400,15.431286
2013-10-17,18.09,18.389999,18.09,18.309999,166800,15.281062
2013-10-16,18.40,18.40,18.059999,18.25,90300,15.230988
2013-10-15,18.43,18.60,18.23,18.26,77300,15.239334
2013-10-14,18.43,18.629999,18.34,18.629999,51300,15.548126
2013-10-11,18.25,18.52,18.18,18.48,67800,15.42294
2013-10-10,18.129999,18.24,18.00,18.219999,129300,15.20595
2013-10-09,18.43,18.43,18.059999,18.280001,114900,14.9923
2013-10-08,18.60,18.60,18.35,18.35,104300,15.04971
2013-10-07,18.67,18.76,18.549999,18.700001,105800,15.336762
2013-10-04,18.65,18.82,18.65,18.77,83900,15.394173
2013-10-03,18.799999,18.90,18.60,18.73,114300,15.361366
2013-10-02,18.549999,18.940001,18.549999,18.93,142300,15.525396
2013-10-01,18.57,18.969999,18.530001,18.969999,77500,15.558201
2013-09-30,18.209999,18.709999,18.209999,18.709999,110000,15.344963
2013-09-27,18.52,18.559999,18.370001,18.42,106900,15.107121
2013-09-26,18.41,18.610001,18.389999,18.540001,135400,15.205539
2013-09-25,18.49,18.690001,18.389999,18.450001,93900,15.131726
2013-09-24,18.450001,18.530001,18.25,18.459999,111200,15.139926
2013-09-23,18.93,18.93,18.49,18.530001,96000,15.197337
2013-09-20,19.120001,19.120001,18.82,18.969999,101100,15.558201
2013-09-19,18.65,19.15,18.65,19.09,170300,15.65662
2013-09-18,18.139999,18.68,18.01,18.68,119600,15.320359
2013-09-17,18.450001,18.450001,18.00,18.18,96700,14.910285
2013-09-16,18.719999,18.719999,18.360001,18.469999,52800,15.148127
2013-09-13,18.360001,18.540001,18.360001,18.440001,78900,15.123524
2013-09-12,18.629999,18.74,18.33,18.440001,98300,15.123524
2013-09-11,18.84,19.01,18.629999,18.67,104600,15.312157
2013-09-10,19.08,19.110001,18.84,18.92,116600,15.517194
2013-09-09,19.02,19.030001,18.76,18.889999,110400,15.492589
2013-09-06,18.93,19.15,18.76,19.139999,85700,15.697626
2013-09-05,18.83,18.93,18.799999,18.93,47100,15.525396
2013-09-04,19.030001,19.110001,18.82,18.91,71000,15.508993
2013-09-03,19.27,19.34,18.969999,19.10,69300,15.664821
2013-08-30,19.129999,19.35,19.049999,19.09,61200,15.65662
2013-08-29,19.08,19.23,19.02,19.23,77900,15.77144
2013-08-28,19.17,19.309999,19.01,19.120001,97500,15.681225
2013-08-27,19.27,19.27,19.00,19.15,123200,15.705828
2013-08-26,19.540001,19.58,19.309999,19.360001,55600,15.87806
2013-08-23,19.48,19.51,19.299999,19.49,68400,15.984678
2013-08-22,19.280001,19.549999,19.200001,19.42,89100,15.927268
2013-08-21,19.110001,19.290001,18.99,19.17,61100,15.722231
2013-08-20,18.83,19.110001,18.790001,19.07,86400,15.640216
2013-08-19,19.360001,19.43,18.83,18.99,140700,15.574605
2013-08-16,19.50,19.59,19.35,19.440001,63200,15.943672
2013-08-15,19.450001,19.60,19.33,19.51,113700,16.001082
2013-08-14,19.530001,19.549999,19.32,19.540001,81600,16.025687
2013-08-13,19.889999,19.889999,19.379999,19.50,80200,15.99288
2013-08-12,19.950001,20.030001,19.83,19.90,80500,16.320939
2013-08-09,20.030001,20.129999,19.74,20.030001,100300,16.427559
2013-08-08,20.08,20.09,19.90,20.02,97900,16.419357
2013-08-07,19.91,19.91,19.690001,19.90,67100,16.320939
2013-08-06,19.870001,19.950001,19.790001,19.940001,75300,16.353745
2013-08-05,20.059999,20.059999,19.77,19.809999,84500,16.247125
2013-08-02,20.15,20.15,19.959999,20.09,107600,16.476767
2013-08-01,20.16,20.24,20.00,20.17,92900,16.542379
2013-07-31,20.040001,20.09,19.959999,20.08,91800,16.468566
2013-07-30,19.91,20.10,19.77,20.10,111800,16.484969
2013-07-29,20.24,20.360001,19.76,19.790001,162700,16.230724
2013-07-26,20.200001,20.48,20.08,20.23,117400,16.591587
2013-07-25,20.360001,20.530001,20.08,20.299999,81900,16.648998
2013-07-24,20.67,20.719999,20.200001,20.379999,98900,16.714609
2013-07-23,20.99,20.99,20.60,20.67,114800,16.952453
2013-07-22,20.82,20.91,20.629999,20.790001,72400,17.050871
2013-07-19,20.67,20.84,20.559999,20.83,71600,17.083676
2013-07-18,20.42,20.73,20.42,20.66,105200,16.944251
2013-07-17,20.48,20.610001,20.35,20.469999,109300,16.788423
2013-07-16,20.950001,20.950001,20.469999,20.469999,99900,16.788423
2013-07-15,20.780001,21.01,20.74,20.950001,127400,17.182095
2013-07-12,21.290001,21.290001,20.709999,20.969999,116300,17.198497
2013-07-11,21.60,21.60,21.030001,21.190001,136900,17.37893
2013-07-10,21.639999,21.74,21.379999,21.450001,139400,17.333001
2013-07-09,21.690001,21.690001,21.40,21.549999,95900,17.413806
2013-07-08,21.51,21.57,21.25,21.440001,46200,17.32492
2013-07-05,21.190001,21.379999,20.870001,21.280001,91700,17.19563
2013-07-03,20.889999,21.09,20.799999,20.91,55200,16.896645
2013-07-02,21.950001,22.02,21.049999,21.18,92700,17.114823
2013-07-01,22.33,22.360001,21.709999,21.860001,133500,17.664308
2013-06-28,21.77,22.26,21.610001,22.02,132400,17.793598
2013-06-27,21.77,21.77,21.469999,21.75,133700,17.57542
2013-06-26,20.59,21.50,20.42,21.440001,129900,17.32492
2013-06-25,20.129999,20.440001,20.00,20.370001,107200,16.460291
2013-06-24,19.950001,20.32,19.360001,20.059999,160600,16.209789
2013-06-21,20.74,20.74,20.01,20.110001,163800,16.250194
2013-06-20,20.780001,20.780001,20.110001,20.450001,123100,16.524936
2013-06-19,21.110001,21.139999,20.75,20.860001,101400,16.856243
2013-06-18,21.02,21.280001,20.92,21.049999,93900,17.009774
2013-06-17,21.15,21.219999,20.709999,20.99,105900,16.96129
2013-06-14,21.00,21.08,20.780001,20.93,70400,16.912807
2013-06-13,20.549999,20.940001,20.26,20.940001,113600,16.920888
2013-06-12,20.530001,20.700001,20.32,20.450001,91100,16.524936
2013-06-11,20.57,20.60,20.26,20.299999,80000,16.403725
2013-06-10,20.90,20.950001,20.43,20.68,94300,16.710791
2013-06-07,20.27,20.93,20.139999,20.90,158700,16.888564
2013-06-06,19.50,20.01,19.379999,19.98,138200,16.145144
2013-06-05,20.219999,20.219999,19.389999,19.57,124800,15.813838
2013-06-04,20.08,20.280001,19.84,20.10,152500,16.242113
2013-06-03,20.74,20.74,19.799999,20.040001,151100,16.193629
2013-05-31,20.950001,21.09,20.48,20.559999,126300,16.613822
2013-05-30,21.32,21.35,20.58,20.860001,139500,16.856243
2013-05-29,21.66,21.790001,20.85,21.219999,153400,17.147145
2013-05-28,21.77,21.85,21.440001,21.65,128700,17.494613
2013-05-24,21.43,21.68,21.35,21.549999,114200,17.413806
2013-05-23,21.440001,21.51,21.129999,21.35,121200,17.252194
2013-05-22,21.68,21.940001,21.33,21.530001,156000,17.397646
2013-05-21,21.559999,21.65,21.35,21.57,159300,17.429968
2013-05-20,21.32,21.60,21.32,21.51,168400,17.381485
2013-05-17,20.98,21.299999,20.809999,21.25,156100,17.171388
2013-05-16,20.809999,20.98,20.809999,20.91,133000,16.896645
2013-05-15,20.82,20.889999,20.629999,20.889999,126000,16.880484
2013-05-14,20.76,20.77,20.549999,20.77,135200,16.783517
2013-05-13,20.82,20.870001,20.60,20.690001,127200,16.718871
2013-05-10,20.84,20.90,20.629999,20.780001,152600,16.791597
2013-05-09,20.76,20.85,20.690001,20.799999,135700,16.807758
2013-05-08,20.91,20.91,20.639999,20.75,172800,16.767355
2013-05-07,20.530001,20.98,20.530001,20.92,138700,16.904726
2013-05-06,20.35,20.68,20.35,20.60,131400,16.646145
2013-05-03,20.73,20.73,20.299999,20.50,125900,16.565339
2013-05-02,20.620001,20.73,20.43,20.59,129200,16.638065
2013-05-01,20.57,20.75,20.559999,20.73,111900,16.751193
2013-04-30,20.66,20.75,20.50,20.73,146400,16.751193
2013-04-29,20.559999,20.690001,20.440001,20.59,114200,16.638065
2013-04-26,20.52,20.52,20.290001,20.49,96000,16.557258
2013-04-25,20.66,20.67,20.33,20.51,130800,16.573419
2013-04-24,20.440001,20.719999,20.389999,20.60,152400,16.646145
2013-04-23,20.34,20.42,20.200001,20.42,110700,16.500693
2013-04-22,20.219999,20.35,20.059999,20.25,144300,16.363322
2013-04-19,20.01,20.23,19.77,20.15,109600,16.282515
2013-04-18,20.200001,20.200001,19.93,20.08,98200,16.225951
2013-04-17,20.18,20.18,20.040001,20.120001,110900,16.258274
2013-04-16,20.10,20.200001,19.950001,20.200001,116000,16.32292
2013-04-15,20.50,20.50,19.75,19.879999,133800,16.064337
2013-04-12,20.690001,20.700001,20.290001,20.40,123800,16.484532
2013-04-11,20.549999,20.639999,20.42,20.629999,38200,16.670386
2013-04-10,20.65,20.75,20.51,20.75,150200,16.512007
2013-04-09,20.549999,20.629999,20.450001,20.610001,114700,16.400601
2013-04-08,20.23,20.51,20.15,20.42,147700,16.249407
2013-04-05,19.459999,20.15,19.440001,20.139999,126400,16.026593
2013-04-04,20.059999,20.07,19.50,19.690001,169000,15.668503
2013-04-03,20.65,20.65,19.610001,20.00,190400,15.915188
2013-04-02,20.65,20.74,20.51,20.65,151900,16.432431
2013-04-01,20.549999,20.639999,20.33,20.540001,123400,16.344898
2013-03-28,20.35,20.459999,20.190001,20.459999,145000,16.281236
2013-03-27,20.219999,20.370001,20.049999,20.290001,199000,16.145959
2013-03-26,20.27,20.290001,20.10,20.25,152600,16.114127
2013-03-25,20.290001,20.389999,19.92,20.209999,204900,16.082296
2013-03-22,20.030001,20.200001,20.01,20.18,197700,16.058425
2013-03-21,19.700001,20.049999,19.690001,19.92,231500,15.851527
2013-03-20,19.51,19.75,19.43,19.75,144700,15.716248
2013-03-19,19.610001,19.610001,19.110001,19.40,240100,15.437732
2013-03-18,19.59,19.639999,19.34,19.450001,143100,15.477521
2013-03-15,19.73,19.790001,19.549999,19.719999,175800,15.692374
2013-03-14,19.719999,19.780001,19.450001,19.700001,134600,15.67646
2013-03-13,19.76,19.76,19.58,19.66,153400,15.644629
2013-03-12,19.68,19.85,19.549999,19.65,135000,15.636672
2013-03-11,19.719999,19.77,19.549999,19.610001,135300,15.604842
2013-03-08,19.780001,19.90,19.73,19.879999,159200,15.819696
2013-03-07,19.52,19.690001,19.35,19.65,122600,15.636672
2013-03-06,19.75,19.799999,19.35,19.50,156600,15.517308
2013-03-05,19.690001,19.799999,19.60,19.74,146900,15.70829
2013-03-04,19.530001,19.68,19.379999,19.540001,147100,15.549139
2013-03-01,19.809999,19.82,19.51,19.620001,96600,15.6128
2013-02-28,19.709999,19.92,19.639999,19.700001,158300,15.67646
2013-02-27,19.58,19.74,19.57,19.700001,162100,15.67646
2013-02-26,19.459999,19.559999,19.34,19.559999,125800,15.565053
2013-02-25,19.459999,19.559999,19.35,19.370001,113500,15.41386
2013-02-22,19.440001,19.440001,19.209999,19.34,89400,15.389987
2013-02-21,19.610001,19.610001,19.07,19.299999,157700,15.358155
2013-02-20,19.75,19.91,19.48,19.60,152500,15.596884
2013-02-19,19.33,19.719999,19.299999,19.709999,143000,15.684417
2013-02-15,19.67,19.67,19.280001,19.360001,166000,15.405902
2013-02-14,19.620001,19.68,19.389999,19.620001,173000,15.6128
2013-02-13,19.559999,19.639999,19.49,19.60,169700,15.596884
2013-02-12,19.700001,19.73,19.370001,19.469999,171800,15.493435
2013-02-11,19.690001,19.76,19.49,19.66,128600,15.644629
2013-02-08,19.74,19.780001,19.559999,19.639999,125400,15.628714
2013-02-07,19.74,19.799999,19.50,19.709999,172500,15.684417
2013-02-06,19.799999,20.00,19.459999,19.68,204300,15.660545
2013-02-05,19.68,19.799999,19.469999,19.799999,149400,15.756035
2013-02-04,19.639999,19.709999,19.23,19.50,148700,15.517308
2013-02-01,19.50,20.07,19.389999,19.60,161900,15.596884
2013-01-31,19.379999,19.49,19.280001,19.469999,129800,15.493435
2013-01-30,19.219999,19.34,19.120001,19.32,155400,15.374071
2013-01-29,19.01,19.15,18.959999,19.129999,110900,15.222876
2013-01-28,19.200001,19.280001,18.879999,19.01,161600,15.127386
2013-01-25,19.25,19.280001,19.10,19.110001,114000,15.206962
2013-01-24,19.32,19.41,19.040001,19.110001,162900,15.206962
2013-01-23,19.389999,19.469999,19.110001,19.24,142500,15.31041
2013-01-22,19.059999,19.43,19.02,19.33,145200,15.382029
2013-01-18,19.01,19.129999,18.91,19.00,154200,15.119428
2013-01-17,18.85,19.040001,18.74,19.01,143000,15.127386
2013-01-16,18.719999,18.83,18.639999,18.809999,111900,14.968234
2013-01-15,18.67,18.690001,18.540001,18.65,109400,14.840912
2013-01-14,18.65,18.700001,18.42,18.58,128800,14.785209
2013-01-11,18.90,18.959999,18.540001,18.67,59200,14.856828
2013-01-10,18.889999,19.02,18.799999,19.02,115300,14.883883
2013-01-09,18.870001,18.91,18.620001,18.799999,131300,14.711724
2013-01-08,18.719999,18.85,18.610001,18.83,132300,14.735201
2013-01-07,18.75,18.879999,18.549999,18.67,193500,14.609994
2013-01-04,18.719999,18.809999,18.549999,18.60,167700,14.555217
2013-01-03,18.719999,18.719999,18.459999,18.620001,116800,14.570868
2013-01-02,17.99,18.629999,17.940001,18.629999,179100,14.578692
2012-12-31,17.58,17.75,17.309999,17.700001,116000,13.850933
2012-12-28,17.49,17.60,17.299999,17.51,125500,13.70225
2012-12-27,17.549999,17.76,17.15,17.559999,136500,13.741376
2012-12-26,17.889999,17.889999,17.41,17.51,139300,13.70225
2012-12-24,17.950001,18.200001,17.75,17.950001,97400,14.046567
2012-12-21,17.690001,18.08,17.690001,17.870001,227000,13.983964
2012-12-20,17.91,18.02,17.790001,17.92,156200,14.023091
2012-12-19,17.700001,17.92,17.66,17.92,153500,14.023091
2012-12-18,17.549999,17.780001,17.50,17.65,201700,13.811805
2012-12-17,17.620001,17.66,17.40,17.66,136400,13.81963
2012-12-14,17.60,17.77,17.48,17.59,137300,13.764853
2012-12-13,17.709999,17.709999,17.43,17.620001,127400,13.78833
2012-12-12,17.639999,17.90,17.469999,17.67,241000,13.827456
2012-12-11,17.68,17.690001,17.35,17.559999,157700,13.741376
2012-12-10,17.41,17.68,17.41,17.57,112400,13.749202
2012-12-07,17.629999,17.629999,17.35,17.51,99800,13.70225
2012-12-06,17.700001,18.16,17.40,17.50,139600,13.694424
2012-12-05,17.889999,17.889999,17.60,17.639999,120900,13.803979
2012-12-04,17.879999,17.98,17.719999,17.799999,157500,13.929185
2012-12-03,18.43,18.43,17.799999,17.85,150000,13.968313
2012-11-30,18.32,18.379999,18.07,18.280001,113200,14.304805
2012-11-29,18.200001,18.360001,18.15,18.25,107800,14.281328
2012-11-28,17.940001,18.120001,17.879999,18.07,162900,14.140471
2012-11-27,17.950001,17.98,17.799999,17.92,149900,14.023091
2012-11-26,17.98,18.110001,17.809999,17.879999,137400,13.991788
2012-11-23,18.10,18.120001,17.91,17.98,78700,14.070042
2012-11-21,17.940001,18.030001,17.860001,17.940001,160600,14.038742
2012-11-20,17.67,17.99,17.52,17.93,166200,14.030916
2012-11-19,17.40,17.75,17.379999,17.629999,176900,13.796154
2012-11-16,16.84,17.309999,16.65,17.15,177900,13.420536
2012-11-15,16.889999,17.129999,16.40,16.719999,204500,13.084044
2012-11-14,17.190001,17.370001,16.809999,16.85,129800,13.185775
2012-11-13,17.190001,17.379999,17.129999,17.200001,145000,13.459663
2012-11-12,17.780001,17.85,17.42,17.42,98300,13.631821
2012-11-09,17.870001,17.91,17.73,17.790001,93500,13.921361
2012-11-08,18.01,18.07,17.799999,17.940001,139500,14.038742
2012-11-07,18.16,18.16,17.91,18.030001,93300,14.10917
2012-11-06,18.049999,18.25,18.040001,18.219999,91800,14.257852
2012-11-05,18.129999,18.16,17.969999,18.059999,82100,14.132645
2012-11-02,18.309999,18.379999,18.040001,18.08,86400,14.148297
2012-11-01,18.110001,18.389999,18.08,18.299999,94800,14.320455
2012-10-31,18.07,18.110001,17.90,18.059999,124400,14.132645
2012-10-26,18.299999,18.299999,18.07,18.17,80000,14.218725
2012-10-25,18.35,18.35,18.08,18.24,78800,14.273503
2012-10-24,18.290001,18.34,18.10,18.190001,61000,14.234376
2012-10-23,18.059999,18.27,18.059999,18.23,87000,14.265677
2012-10-22,18.299999,18.299999,18.00,18.120001,101200,14.179599
2012-10-19,18.52,18.52,18.09,18.25,87900,14.281328
2012-10-18,18.530001,18.60,18.40,18.50,58200,14.476963
2012-10-17,18.52,18.629999,18.440001,18.50,99800,14.476963
2012-10-16,18.43,18.549999,18.370001,18.469999,100600,14.453486
2012-10-15,18.51,18.52,18.280001,18.360001,77100,14.367408
2012-10-12,18.540001,18.540001,18.34,18.41,63300,14.406534
2012-10-11,18.33,18.459999,18.33,18.42,84100,14.41436
2012-10-10,18.879999,18.90,18.60,18.60,129400,14.307935
2012-10-09,18.91,18.91,18.74,18.870001,74700,14.515631
2012-10-08,18.85,18.93,18.809999,18.93,62400,14.561785
2012-10-05,18.77,18.90,18.719999,18.889999,62900,14.531014
2012-10-04,18.700001,18.76,18.610001,18.68,109000,14.369474
2012-10-03,18.73,18.73,18.50,18.709999,85400,14.39255
2012-10-02,18.91,18.92,18.540001,18.65,132200,14.346396
2012-10-01,18.870001,18.93,18.799999,18.90,95400,14.538707
2012-09-28,18.799999,18.870001,18.68,18.85,108200,14.500245
2012-09-27,18.82,18.879999,18.66,18.85,78300,14.500245
2012-09-26,18.620001,18.73,18.58,18.719999,94700,14.400243
2012-09-25,18.870001,18.90,18.68,18.700001,167300,14.384859
2012-09-24,18.700001,18.809999,18.65,18.780001,157200,14.446399
2012-09-21,18.549999,18.73,18.52,18.700001,147500,14.384859
2012-09-20,18.65,18.65,18.450001,18.65,114500,14.346396
2012-09-19,18.48,18.68,18.40,18.68,196300,14.369474
2012-09-18,18.379999,18.49,18.35,18.49,106000,14.223317
2012-09-17,18.120001,18.35,18.120001,18.35,120700,14.115624
2012-09-14,18.120001,18.209999,18.07,18.209999,153700,14.007928
2012-09-13,18.08,18.120001,18.00,18.120001,121600,13.938698
2012-09-12,18.110001,18.110001,18.00,18.07,103400,13.900235
2012-09-11,18.15,18.15,17.76,18.120001,105400,13.938698
2012-09-10,18.15,18.190001,18.00,18.08,126600,13.907927
2012-09-07,18.07,18.16,17.959999,18.15,116800,13.961774
2012-09-06,18.07,18.07,17.870001,18.049999,84900,13.88485
2012-09-05,18.059999,18.08,17.90,17.969999,114100,13.82331
2012-09-04,18.049999,18.110001,17.889999,18.049999,133900,13.88485
2012-08-31,17.879999,18.059999,17.719999,18.059999,148600,13.892542
2012-08-30,17.639999,18.110001,17.610001,17.73,153100,13.638692
2012-08-29,17.940001,17.940001,17.700001,17.719999,197200,13.630999
2012-08-28,18.02,18.120001,17.799999,17.860001,140400,13.738694
2012-08-27,18.25,18.25,17.75,18.01,107400,13.854081
2012-08-24,18.42,18.440001,18.09,18.26,84300,14.046392
2012-08-23,18.43,18.48,18.26,18.379999,57700,14.1387
2012-08-22,18.629999,18.629999,18.27,18.42,72400,14.16947
2012-08-21,18.639999,18.68,18.360001,18.50,45000,14.23101
2012-08-20,18.49,18.639999,18.370001,18.549999,70700,14.269471
2012-08-17,18.60,18.629999,18.209999,18.440001,74700,14.184856
2012-08-16,18.540001,18.540001,18.27,18.48,58100,14.215625
2012-08-15,18.49,18.629999,18.209999,18.459999,77200,14.200239
2012-08-14,18.690001,18.690001,18.309999,18.42,47900,14.16947
2012-08-13,18.690001,18.690001,18.360001,18.620001,32600,14.32332
2012-08-10,18.50,18.73,18.43,18.50,40900,14.23101
2012-08-09,18.27,18.50,18.18,18.389999,53400,14.146393
2012-08-08,18.200001,18.49,18.139999,18.219999,71400,14.015621
2012-08-07,18.57,18.629999,18.139999,18.290001,70300,14.069469
2012-08-06,18.50,18.75,18.290001,18.50,75600,14.23101
2012-08-03,18.75,18.75,18.129999,18.35,56300,14.115624
2012-08-02,18.27,18.74,18.25,18.370001,57600,14.131009
2012-08-01,18.52,18.690001,18.33,18.43,47100,14.177163
2012-07-31,18.549999,18.709999,18.16,18.379999,62700,14.1387
2012-07-30,18.780001,18.889999,18.40,18.450001,70300,14.192548
2012-07-27,18.51,18.700001,18.26,18.559999,89700,14.277164
2012-07-26,18.49,18.73,18.27,18.50,68300,14.23101
2012-07-25,18.290001,18.41,18.209999,18.23,49300,14.023314
2012-07-24,18.59,18.59,18.059999,18.23,54100,14.023314
2012-07-23,18.360001,18.450001,18.25,18.370001,66300,14.131009
2012-07-20,18.379999,18.530001,18.290001,18.51,67500,14.238702
2012-07-19,18.639999,18.639999,18.360001,18.43,80100,14.177163
2012-07-18,18.459999,18.65,18.43,18.57,61200,14.284857
2012-07-17,18.299999,18.559999,18.299999,18.40,67400,14.154085
2012-07-16,18.52,18.57,18.00,18.379999,45800,14.1387
2012-07-13,18.299999,18.40,18.23,18.40,35000,14.154085
2012-07-12,18.60,18.60,18.09,18.309999,47800,14.084853
2012-07-11,18.24,18.540001,18.059999,18.41,64800,14.161778
2012-07-10,18.549999,18.549999,18.35,18.43,57900,13.934083
2012-07-09,18.32,18.549999,18.25,18.389999,46800,13.90384
2012-07-06,18.23,18.450001,18.10,18.450001,41600,13.949204
2012-07-05,18.25,18.370001,18.190001,18.27,63900,13.813114
2012-07-03,18.10,18.360001,18.09,18.209999,29200,13.76775
2012-07-02,17.90,18.200001,17.90,18.10,52000,13.684585
2012-06-29,18.25,18.389999,17.889999,17.969999,80700,13.586297
2012-06-28,17.73,18.129999,17.73,17.99,84900,13.601419
2012-06-27,17.65,18.200001,17.620001,17.82,74200,13.472889
2012-06-26,17.219999,17.52,17.01,17.43,106700,13.178028
2012-06-25,17.10,17.209999,17.00,17.18,84300,12.989015
2012-06-22,17.01,17.200001,16.85,17.15,74400,12.966333
2012-06-21,16.959999,16.98,16.85,16.93,66200,12.800001
2012-06-20,16.83,16.99,16.73,16.790001,100400,12.694154
2012-06-19,16.530001,16.75,16.379999,16.73,91300,12.64879
2012-06-18,16.57,16.639999,16.40,16.540001,65500,12.50514
2012-06-15,16.57,16.57,16.370001,16.469999,52700,12.452215
2012-06-14,16.540001,16.700001,16.379999,16.52,86500,12.490019
2012-06-13,16.51,16.780001,16.49,16.57,89000,12.527821
2012-06-12,16.709999,16.709999,16.43,16.610001,85500,12.558064
2012-06-11,16.799999,16.809999,16.610001,16.639999,50000,12.580745
2012-06-08,16.719999,16.719999,16.40,16.559999,48300,12.52026
2012-06-07,16.459999,16.549999,16.440001,16.530001,74600,12.49758
2012-06-06,16.49,16.540001,16.32,16.33,68100,12.346368
2012-06-05,15.89,16.200001,15.89,16.200001,80100,12.248082
2012-06-04,16.799999,16.799999,15.89,15.93,102100,12.043947
2012-06-01,16.809999,16.809999,16.26,16.35,78500,12.36149
2012-05-31,17.110001,17.110001,16.76,16.879999,46700,12.762198
2012-05-30,17.26,17.26,16.940001,17.00,30900,12.852925
2012-05-29,17.280001,17.379999,17.129999,17.33,57900,13.102423
2012-05-25,17.32,17.32,16.940001,17.08,43700,12.913409
2012-05-24,17.10,17.17,17.01,17.129999,71100,12.951211
2012-05-23,17.379999,17.379999,16.91,17.129999,66000,12.951211
2012-05-22,17.549999,17.60,17.17,17.24,59300,13.034378
2012-05-21,17.190001,17.379999,16.93,17.290001,42100,13.072181
2012-05-18,17.540001,17.549999,16.92,17.00,64900,12.852925
2012-05-17,18.139999,18.25,17.51,17.51,72900,13.238513
2012-05-16,18.280001,18.379999,17.799999,17.809999,53700,13.465328
2012-05-15,18.299999,18.41,18.049999,18.18,66000,13.745069
2012-05-14,18.389999,18.469999,18.07,18.25,42600,13.797993
2012-05-11,18.40,18.629999,17.870001,18.25,135000,13.797993
2012-05-10,18.360001,18.360001,17.700001,17.879999,82000,13.518252
2012-05-09,17.639999,17.76,17.59,17.610001,83400,13.314118
2012-05-08,18.02,18.040001,17.66,17.790001,46600,13.450208
2012-05-07,17.98,18.02,17.73,18.02,55000,13.624101
2012-05-04,17.90,17.90,17.700001,17.889999,58100,13.525813
2012-05-03,18.27,18.290001,17.93,18.00,48000,13.608979
2012-05-02,18.620001,18.620001,18.01,18.24,159000,13.790432
2012-05-01,18.639999,18.709999,18.50,18.50,71600,13.987006
2012-04-30,17.57,18.58,17.57,18.58,72000,14.047491
2012-04-27,18.25,18.34,18.209999,18.32,47300,13.850916
2012-04-26,18.01,18.15,17.98,18.129999,70900,13.707266
2012-04-25,18.34,18.34,17.98,18.129999,77700,13.707266
2012-04-24,18.290001,18.290001,18.049999,18.209999,96400,13.76775
2012-04-23,18.209999,18.389999,18.17,18.290001,99800,13.828236
2012-04-20,18.49,18.49,18.24,18.290001,99800,13.828236
2012-04-19,18.24,18.34,18.040001,18.34,82200,13.866038
2012-04-18,18.24,18.32,18.01,18.10,104300,13.684585
2012-04-17,18.450001,18.49,18.18,18.209999,102800,13.76775
2012-04-16,18.48,18.48,18.18,18.35,70000,13.873599
2012-04-13,18.40,18.40,18.030001,18.23,86900,13.782871
2012-04-12,18.34,18.35,18.219999,18.290001,63200,13.828236
2012-04-11,18.76,18.76,18.059999,18.27,36800,13.813114
2012-04-10,18.700001,18.700001,18.299999,18.370001,78500,13.649807
2012-04-09,18.33,18.60,18.33,18.60,62200,13.820708
2012-04-05,18.540001,18.67,18.440001,18.57,68500,13.798416
2012-04-04,18.67,18.67,18.440001,18.549999,57700,13.783554
2012-04-03,18.65,18.65,18.42,18.639999,84100,13.850429
2012-04-02,18.469999,18.59,18.40,18.469999,62300,13.724111
2012-03-30,18.26,18.40,18.15,18.40,59200,13.672097
2012-03-29,18.60,18.60,17.99,18.26,106100,13.568071
2012-03-28,18.67,18.67,18.24,18.51,57200,13.753833
2012-03-27,18.610001,18.610001,18.440001,18.50,71900,13.746403
2012-03-26,18.620001,18.620001,18.450001,18.50,62200,13.746403
2012-03-23,18.67,18.67,18.440001,18.559999,70000,13.790985
2012-03-22,18.629999,18.629999,18.42,18.530001,61200,13.768695
2012-03-21,18.67,18.67,18.469999,18.60,98400,13.820708
2012-03-20,18.309999,18.620001,18.309999,18.540001,64700,13.776125
2012-03-19,18.48,18.60,18.43,18.48,95700,13.731541
2012-03-16,18.27,18.41,18.139999,18.40,84300,13.672097
2012-03-15,18.67,18.67,18.07,18.200001,145600,13.523488
2012-03-14,18.459999,18.57,18.200001,18.23,103000,13.545779
2012-03-13,18.65,18.65,18.280001,18.43,77000,13.694389
2012-03-12,18.51,18.51,18.26,18.440001,69500,13.70182
2012-03-09,18.26,18.40,18.23,18.40,88200,13.672097
2012-03-08,18.370001,18.40,18.15,18.26,94300,13.568071
2012-03-07,18.190001,18.23,18.129999,18.16,52400,13.493766
2012-03-06,18.58,18.60,18.02,18.139999,123500,13.478905
2012-03-05,18.77,18.77,18.58,18.610001,63000,13.828138
2012-03-02,18.76,18.76,18.610001,18.67,76000,13.872721
2012-03-01,18.610001,18.709999,18.540001,18.639999,96000,13.850429
2012-02-29,18.700001,18.719999,18.49,18.50,156500,13.746403
2012-02-28,18.799999,18.799999,18.549999,18.66,98800,13.86529
2012-02-27,18.75,18.860001,18.75,18.83,70100,13.991609
2012-02-24,18.74,18.90,18.629999,18.719999,169100,13.909873
2012-02-23,18.639999,18.780001,18.629999,18.68,107600,13.880152
2012-02-22,18.82,18.83,18.73,18.77,101800,13.947026
2012-02-21,18.85,18.92,18.790001,18.82,137600,13.984178
2012-02-17,18.73,18.879999,18.690001,18.75,94400,13.932165
2012-02-16,18.73,18.75,18.60,18.65,100400,13.85786
2012-02-15,18.67,18.690001,18.50,18.60,81800,13.820708
2012-02-14,18.42,18.48,18.360001,18.459999,83000,13.71668
2012-02-13,18.540001,18.540001,18.33,18.360001,71500,13.642376
2012-02-10,18.48,18.49,18.27,18.370001,133200,13.649807
2012-02-09,18.43,18.57,18.379999,18.43,112200,13.694389
2012-02-08,18.469999,18.559999,18.280001,18.389999,87000,13.664667
2012-02-07,18.50,18.52,18.290001,18.42,84500,13.686959
2012-02-06,18.280001,18.459999,18.25,18.459999,69100,13.71668
2012-02-03,18.530001,18.530001,18.24,18.370001,75600,13.649807
2012-02-02,18.51,18.559999,18.280001,18.370001,58700,13.649807
2012-02-01,18.49,18.50,18.16,18.33,171600,13.620084
2012-01-31,18.280001,18.469999,18.120001,18.27,92000,13.575502
2012-01-30,18.059999,18.24,18.030001,18.120001,88600,13.464045
2012-01-27,18.25,18.360001,18.049999,18.129999,56300,13.471474
2012-01-26,18.440001,18.469999,18.18,18.25,95900,13.56064
2012-01-25,18.17,18.25,18.07,18.25,98700,13.56064
2012-01-24,18.129999,18.35,18.09,18.15,154500,13.486335
2012-01-23,18.17,18.40,18.129999,18.17,106600,13.501197
2012-01-20,18.219999,18.360001,18.02,18.129999,83500,13.471474
2012-01-19,18.07,18.25,18.00,18.129999,103500,13.471474
2012-01-18,17.799999,17.969999,17.74,17.940001,76400,13.330296
2012-01-17,18.09,18.09,17.610001,17.75,98500,13.189116
2012-01-13,17.77,17.889999,17.59,17.889999,70100,13.293142
2012-01-12,18.09,18.09,17.65,17.799999,107800,13.226268
2012-01-11,17.84,17.950001,17.700001,17.950001,14800,13.337726
2012-01-10,18.389999,18.389999,18.030001,18.129999,98600,13.23667
2012-01-09,18.24,18.27,18.00,18.219999,73200,13.302379
2012-01-06,18.290001,18.290001,17.950001,18.110001,105400,13.222069
2012-01-05,17.98,18.18,17.92,18.16,122400,13.258573
2012-01-04,17.700001,17.91,17.629999,17.91,104100,13.076049
2012-01-03,17.52,17.610001,17.49,17.58,133900,12.835117
2011-12-30,17.24,17.40,17.129999,17.389999,144900,12.696398
2011-12-29,16.92,17.17,16.85,17.16,174800,12.528476
2011-12-28,17.08,17.08,16.82,16.860001,152100,12.309447
2011-12-27,17.07,17.09,16.870001,16.959999,199100,12.382456
2011-12-23,16.860001,17.09,16.780001,16.99,119100,12.404359
2011-12-22,16.60,16.83,16.60,16.790001,218700,12.25834
2011-12-21,16.65,16.67,16.50,16.57,181400,12.097718
2011-12-20,16.620001,16.75,16.50,16.59,225600,12.11232
2011-12-19,16.60,16.799999,16.41,16.530001,181300,12.068515
2011-12-16,16.85,16.92,16.700001,16.700001,94700,12.192631
2011-12-15,17.02,17.02,16.629999,16.82,142700,12.280242
2011-12-14,16.57,16.940001,16.469999,16.83,159400,12.287543
2011-12-13,16.950001,16.950001,16.40,16.530001,138400,12.068515
2011-12-12,16.809999,16.860001,16.389999,16.73,122400,12.214533
2011-12-09,16.74,16.799999,16.610001,16.799999,84600,12.26564
2011-12-08,16.84,16.84,16.51,16.57,105500,12.097718
2011-12-07,17.049999,17.08,16.85,16.889999,120600,12.331349
2011-12-06,17.059999,17.07,16.84,17.00,101400,12.41166
2011-12-05,17.049999,17.219999,16.93,16.99,97300,12.404359
2011-12-02,17.059999,17.08,16.879999,16.98,109400,12.397058
2011-12-01,16.83,16.93,16.559999,16.92,113300,12.353252
2011-11-30,16.540001,16.77,16.299999,16.66,151500,12.163427
2011-11-29,16.09,16.290001,15.92,16.07,171100,11.732669
2011-11-28,16.469999,16.59,15.88,16.24,186700,11.856786
2011-11-25,16.09,16.49,15.93,16.030001,96900,11.703466
2011-11-23,16.16,16.25,15.95,15.95,70700,11.645057
2011-11-22,16.51,16.790001,16.049999,16.27,128000,11.878689
2011-11-21,16.790001,16.90,16.549999,16.60,107000,12.119621
2011-11-18,16.90,16.959999,16.719999,16.879999,50100,12.324048
2011-11-17,16.889999,16.889999,16.610001,16.75,62500,12.229136
2011-11-16,16.959999,16.959999,16.67,16.73,62100,12.214533
2011-11-15,17.00,17.07,16.709999,16.82,95400,12.280242
2011-11-14,16.98,17.129999,16.75,16.780001,109700,12.251039
2011-11-11,16.809999,17.030001,16.60,16.780001,136400,12.251039
2011-11-10,16.40,16.700001,16.370001,16.530001,92000,12.068515
2011-11-09,16.549999,16.66,16.33,16.370001,93000,11.951699
2011-11-08,16.620001,16.780001,16.610001,16.77,79600,12.243738
2011-11-07,16.690001,16.82,16.370001,16.73,87200,12.214533
2011-11-04,16.52,16.66,16.33,16.629999,51600,12.141523
2011-11-03,16.799999,16.84,16.219999,16.48,106000,12.032009
2011-11-02,16.75,16.780001,16.32,16.450001,68800,12.010107
2011-11-01,16.50,16.719999,15.90,16.50,67200,12.046611
2011-10-31,16.93,17.01,16.549999,16.83,77800,12.287543
2011-10-28,16.92,17.02,16.58,16.860001,70000,12.309447
2011-10-27,16.889999,16.889999,16.450001,16.68,104900,12.178029
2011-10-26,16.02,16.440001,15.91,16.389999,110200,11.9663
2011-10-25,16.48,16.549999,15.92,16.01,96800,11.688864
2011-10-24,16.50,16.90,16.389999,16.469999,94300,12.024708
2011-10-21,16.700001,16.76,16.40,16.690001,77700,12.18533
2011-10-20,16.41,16.450001,16.200001,16.32,61600,11.915193
2011-10-19,16.799999,16.799999,16.040001,16.34,128600,11.929796
2011-10-18,16.280001,16.33,15.62,16.200001,132900,11.827583
2011-10-17,16.540001,16.66,15.85,16.15,80700,11.791077
2011-10-14,16.25,16.60,16.10,16.43,52500,11.995505
2011-10-13,15.97,16.360001,15.59,15.97,56500,11.65966
2011-10-12,16.379999,16.549999,15.62,15.87,93100,11.58665
2011-10-11,16.65,16.65,16.219999,16.41,56900,11.750192
2011-10-10,16.41,16.75,16.290001,16.530001,85100,11.836117
2011-10-07,16.09,16.299999,15.73,15.90,57200,11.385012
2011-10-06,15.09,16.049999,14.76,15.89,107000,11.377852
2011-10-05,14.37,14.96,14.13,14.79,92600,10.59021
2011-10-04,14.67,14.71,13.90,14.22,109000,10.182068
2011-10-03,15.30,15.35,14.57,14.89,79600,10.661814
2011-09-30,15.25,15.43,15.00,15.19,123600,10.876625
2011-09-29,15.81,15.81,15.30,15.54,46800,11.127239
2011-09-28,15.79,16.040001,15.46,15.54,77900,11.127239
2011-09-27,16.00,16.32,15.59,15.59,150600,11.163041
2011-09-26,16.049999,16.280001,15.76,15.82,77500,11.327729
2011-09-23,16.50,16.51,15.85,16.09,83600,11.52106
2011-09-22,17.200001,17.200001,16.09,16.16,109200,11.571182
2011-09-21,17.00,17.299999,16.719999,17.00,64700,12.172655
2011-09-20,17.120001,17.389999,16.870001,16.959999,59500,12.144013
2011-09-19,16.719999,17.32,16.690001,16.889999,59700,12.09389
2011-09-16,17.299999,17.299999,16.709999,16.809999,59400,12.036607
2011-09-15,16.690001,16.99,16.40,16.950001,103400,12.136854
2011-09-14,16.51,16.620001,16.23,16.540001,69800,11.843278
2011-09-13,15.95,16.34,15.95,16.33,43100,11.692909
2011-09-12,16.120001,16.25,15.93,16.08,63500,11.513899
2011-09-09,16.290001,16.35,15.62,16.15,96100,11.564022
2011-09-08,16.379999,16.75,16.25,16.379999,63100,11.72871
2011-09-07,16.67,16.67,16.16,16.379999,60600,11.72871
2011-09-06,16.559999,16.60,16.25,16.33,87600,11.692909
2011-09-02,17.379999,17.379999,16.709999,16.799999,107200,12.029447
2011-09-01,17.299999,17.65,17.02,17.540001,42700,12.559316
2011-08-31,17.540001,17.67,17.00,17.370001,147300,12.43759
2011-08-30,16.92,17.450001,16.92,17.219999,97100,12.330183
2011-08-29,16.370001,17.10,16.32,17.10,110900,12.244259
2011-08-26,15.69,16.360001,15.67,16.190001,45200,11.592664
2011-08-25,16.209999,16.209999,15.50,15.76,166700,11.284767
2011-08-24,16.120001,16.59,15.70,15.99,123300,11.449456
2011-08-23,15.91,16.41,15.80,16.280001,39500,11.657108
2011-08-22,16.280001,16.59,15.62,15.79,72700,11.306248
2011-08-19,16.40,16.91,16.049999,16.200001,73500,11.599825
2011-08-18,16.540001,16.91,16.32,16.60,72600,11.88624
2011-08-17,16.940001,17.34,16.76,17.01,61900,12.179815
2011-08-16,17.40,17.40,16.73,16.93,83900,12.122532
2011-08-15,17.26,17.58,16.85,17.41,65900,12.466231
2011-08-12,16.790001,17.030001,16.59,16.969999,71000,12.151173
2011-08-11,15.60,16.549999,15.50,16.549999,83700,11.850437
2011-08-10,15.61,15.92,14.90,15.55,140400,11.134399
2011-08-09,15.40,16.49,14.61,15.58,222000,11.15588
2011-08-08,15.63,15.64,14.27,15.52,221900,11.112918
2011-08-05,16.74,16.940001,15.06,16.48,169100,11.800315
2011-08-04,17.450001,17.73,16.57,16.68,202500,11.943523
2011-08-03,17.549999,17.83,17.41,17.639999,49100,12.630919
2011-08-02,17.75,17.90,17.549999,17.549999,68400,12.566476
2011-08-01,17.75,17.860001,17.50,17.84,56700,12.774127
2011-07-29,17.370001,17.65,17.360001,17.57,66200,12.580797
2011-07-28,17.50,17.75,17.219999,17.49,68700,12.523514
2011-07-27,17.75,17.85,17.190001,17.379999,119500,12.444749
2011-07-26,17.969999,18.02,17.76,17.84,81800,12.774127
2011-07-25,17.90,18.030001,17.809999,17.92,85800,12.83141
2011-07-22,18.00,18.09,17.85,18.00,72200,12.888693
2011-07-21,18.24,18.27,17.860001,18.00,99400,12.888693
2011-07-20,18.15,18.41,17.950001,18.08,99500,12.945976
2011-07-19,18.280001,18.35,17.959999,18.15,129800,12.996099
2011-07-18,18.50,18.58,18.01,18.16,56400,13.00326
2011-07-15,18.27,18.48,18.09,18.379999,34000,13.160787
2011-07-14,18.50,18.74,18.049999,18.18,51300,13.017581
2011-07-13,18.809999,18.83,18.50,18.51,7600,13.253873
2011-07-12,18.799999,18.879999,18.49,18.82,50200,13.249576
2011-07-11,19.139999,19.139999,18.690001,18.73,37800,13.186214
2011-07-08,19.17,19.280001,18.85,19.139999,35100,13.474861
2011-07-07,19.139999,19.370001,19.00,19.309999,53000,13.594543
2011-07-06,18.940001,19.18,18.889999,19.049999,53800,13.411499
2011-07-05,19.049999,19.07,18.68,19.059999,51400,13.418539
2011-07-01,18.889999,19.00,18.690001,19.00,37000,13.376299
2011-06-30,18.58,18.90,18.35,18.809999,87600,13.242536
2011-06-29,18.50,18.65,18.17,18.549999,58800,13.059491
2011-06-28,18.43,18.450001,18.219999,18.35,50500,12.918689
2011-06-27,17.870001,18.34,17.790001,18.299999,40700,12.883487
2011-06-24,18.209999,18.209999,17.75,17.90,92500,12.601881
2011-06-23,17.700001,17.99,17.50,17.98,107300,12.658203
2011-06-22,18.15,18.209999,17.870001,18.030001,82300,12.693404
2011-06-21,17.799999,18.18,17.700001,18.049999,94700,12.707483
2011-06-20,17.700001,17.99,17.50,17.67,67800,12.439958
2011-06-17,17.709999,17.940001,17.709999,17.74,55900,12.489239
2011-06-16,17.450001,17.700001,17.35,17.629999,110700,12.411797
2011-06-15,18.219999,18.290001,17.18,17.32,131500,12.193552
2011-06-14,18.469999,18.469999,17.82,18.08,101900,12.728604
2011-06-13,18.139999,18.200001,17.780001,18.00,69000,12.672283
2011-06-10,18.129999,18.23,17.75,18.01,91200,12.679323
2011-06-09,18.10,18.309999,17.74,18.120001,81000,12.756766
2011-06-08,17.719999,17.959999,17.459999,17.860001,86800,12.573721
2011-06-07,17.690001,18.059999,17.49,17.85,102700,12.566681
2011-06-06,18.459999,18.459999,17.83,17.860001,60100,12.573721
2011-06-03,18.309999,18.469999,18.00,18.32,52400,12.897568
2011-06-02,18.209999,18.25,18.00,18.200001,41800,12.813087
2011-06-01,18.26,18.290001,17.790001,18.059999,95600,12.714524
2011-05-31,18.49,18.74,18.32,18.370001,83300,12.93277
2011-05-27,18.43,18.50,17.870001,18.50,74800,13.024291
2011-05-26,18.23,18.34,18.030001,18.34,54900,12.911649
2011-05-25,18.01,18.15,17.85,18.120001,97500,12.756766
2011-05-24,18.549999,18.74,17.93,17.98,149800,12.658203
2011-05-23,18.549999,18.620001,18.440001,18.52,51200,13.038372
2011-05-20,18.200001,18.65,18.10,18.639999,66600,13.122853
2011-05-19,18.23,18.48,18.10,18.26,93400,12.855327
2011-05-18,17.549999,18.10,17.440001,18.10,125700,12.742685
2011-05-17,17.92,18.17,17.459999,17.49,176600,12.313235
2011-05-16,18.469999,18.620001,18.059999,18.190001,141600,12.806047
2011-05-13,18.799999,18.92,18.51,18.629999,66200,13.115812
2011-05-12,18.99,18.99,18.629999,18.790001,63000,13.228456
2011-05-11,19.040001,19.200001,18.709999,18.959999,53500,13.348138
2011-05-10,19.049999,19.049999,18.84,19.030001,38300,13.39742
2011-05-09,19.25,19.360001,18.60,18.870001,48000,13.284777
2011-05-06,18.540001,19.01,18.540001,18.950001,60300,13.341099
2011-05-05,19.469999,19.469999,18.360001,18.52,206500,13.038372
2011-05-04,19.950001,19.950001,19.120001,19.34,82000,13.615664
2011-05-03,19.719999,19.83,19.33,19.66,93000,13.840949
2011-05-02,19.68,19.719999,19.51,19.709999,81000,13.876149
2011-04-29,19.40,19.639999,19.360001,19.559999,92000,13.770547
2011-04-28,19.379999,19.48,19.25,19.379999,68000,13.643824
2011-04-27,19.280001,19.40,19.129999,19.40,12200,13.657905
2011-04-26,19.52,19.52,19.370001,19.440001,123800,13.463598
2011-04-25,19.639999,19.639999,19.309999,19.440001,102600,13.463598
2011-04-21,19.48,19.68,19.360001,19.42,126200,13.449746
2011-04-20,19.34,19.559999,19.34,19.42,114200,13.449746
2011-04-19,19.290001,19.74,19.07,19.42,80500,13.449746
2011-04-18,19.16,19.299999,19.040001,19.10,70100,13.228123
2011-04-15,19.23,19.27,19.040001,19.18,58200,13.283529
2011-04-14,19.540001,19.540001,19.26,19.33,33100,13.387414
2011-04-13,19.200001,19.370001,19.17,19.360001,46500,13.408192
2011-04-12,19.540001,19.540001,19.15,19.190001,117500,13.290455
2011-04-11,19.85,19.90,19.50,19.50,100300,13.505152
2011-04-08,20.059999,20.10,19.75,19.90,89300,13.78218
2011-04-07,20.09,20.110001,20.01,20.08,49900,13.906843
2011-04-06,20.059999,20.059999,20.00,20.040001,49000,13.879141
2011-04-05,20.00,20.040001,20.00,20.00,22800,13.851438
2011-04-04,20.07,20.07,20.00,20.00,81100,13.851438
2011-04-01,20.00,20.07,20.00,20.00,57600,13.851438
2011-03-31,20.00,20.08,20.00,20.00,106700,13.851438
2011-03-30,20.00,20.059999,20.00,20.00,789300,13.851438
2011-03-29,20.059999,20.07,20.00,20.00,48300,13.851438
2011-03-28,20.25,20.719999,20.01,20.030001,30800,13.872215
2011-03-25,20.09,20.10,20.01,20.07,52700,13.899917
2011-03-24,20.08,20.08,20.00,20.00,62200,13.851438
2011-03-23,20.01,20.02,20.00,20.00,37100,13.851438
2011-03-22,20.00,20.049999,20.00,20.049999,42700,13.886066
2011-03-21,20.08,20.08,20.00,20.00,50700,13.851438
2011-03-18,20.049999,20.07,20.00,20.00,58600,13.851438
2011-03-17,20.00,20.049999,20.00,20.02,45200,13.865289
2011-03-16,20.02,20.02,20.00,20.00,39200,13.851438
2011-03-15,20.00,20.049999,20.00,20.049999,116900,13.886066
2011-03-14,20.17,20.18,20.049999,20.10,29900,13.920695
2011-03-11,20.049999,20.15,20.01,20.15,8200,13.955323
2011-03-10,20.15,20.15,20.02,20.15,55700,13.955323
2011-03-09,20.00,20.10,20.00,20.02,49100,13.865289
2011-03-08,20.01,20.059999,20.00,20.059999,33600,13.892992
2011-03-07,20.01,20.01,20.00,20.00,68100,13.851438
2011-03-04,20.01,20.01,20.00,20.00,40800,13.851438
2011-03-03,20.00,20.01,20.00,20.00,56200,13.851438
2011-03-02,20.00,20.01,20.00,20.00,61000,13.851438
2011-03-01,20.01,20.01,20.00,20.00,132900,13.851438
2011-02-28,20.00,20.01,20.00,20.01,85700,13.858363
2011-02-25,20.01,20.02,20.00,20.00,86800,13.851438
