Date,Open,High,Low,Close,Volume,Adj Close
2016-03-01,109.540001,110.580002,108.010002,110.540001,2177300,110.540001
2016-02-29,109.519997,110.720001,108.599998,108.629997,2145100,108.629997
2016-02-26,109.470001,111.529999,109.360001,109.919998,2901700,109.919998
2016-02-25,107.120003,109.529999,105.970001,109.400002,2179800,109.400002
2016-02-24,107.019997,107.290001,105.239998,106.650002,2035000,106.650002
2016-02-23,106.779999,107.989998,106.300003,107.330002,1870200,107.330002
2016-02-22,103.669998,107.00,102.839996,106.559998,2995500,106.559998
2016-02-19,104.800003,105.400002,102.519997,103.449997,2352700,103.449997
2016-02-18,105.220001,106.25,104.019997,104.379997,2409300,104.379997
2016-02-17,102.599998,105.599998,102.190002,105.459999,3339500,105.459999
2016-02-16,100.059998,102.309998,99.620003,102.18,2146900,102.18
2016-02-12,97.739998,99.349998,97.150002,99.300003,2268900,99.300003
2016-02-11,98.330002,99.099998,97.050003,97.82,2273600,97.82
2016-02-10,98.309998,100.559998,98.25,99.739998,3196800,99.739998
2016-02-09,93.739998,98.360001,92.419998,97.199997,4321200,97.199997
2016-02-08,98.339996,98.410004,93.290001,94.309998,3899600,94.309998
2016-02-05,102.040001,102.510002,98.959999,99.220001,2719400,99.220001
2016-02-04,100.720001,102.309998,99.959999,102.110001,2209500,102.110001
2016-02-03,102.110001,102.50,99.230003,101.190002,2806400,101.190002
2016-02-02,103.050003,103.25,100.93,101.879997,2820700,101.879997
2016-02-01,103.25,105.00,102.510002,103.370003,4294700,103.370003
2016-01-29,99.370003,101.839996,99.07,101.839996,3330200,101.839996
2016-01-28,102.00,102.870003,98.400002,98.790001,3898900,98.790001
2016-01-27,105.080002,105.110001,100.57,101.690002,4242600,101.690002
2016-01-26,105.650002,105.839996,103.919998,104.980003,2465900,104.980003
2016-01-25,108.68,108.839996,105.220001,105.43,1847100,105.43
2016-01-22,106.160004,108.129997,105.720001,107.580002,2342700,107.580002
2016-01-21,104.589996,106.220001,103.720001,105.260002,3062300,105.260002
2016-01-20,103.769997,104.980003,100.290001,104.040001,5581700,104.040001
2016-01-19,105.669998,106.949997,104.32,104.839996,6176200,104.839996
2016-01-15,106.080002,108.239998,103.120003,105.040001,4780900,105.040001
2016-01-14,104.860001,108.540001,104.440002,108.25,4230300,108.25
2016-01-13,109.25,109.970001,104.720001,104.879997,4485700,104.879997
2016-01-12,104.529999,109.599998,104.529999,109.150002,4220800,109.150002
2016-01-11,107.139999,108.269997,104.190002,105.32,4785300,105.070002
2016-01-08,110.00,110.459999,106.269997,107.07,7014700,106.815848
2016-01-07,108.919998,111.230003,108.25,110.269997,6282200,110.008249
2016-01-06,109.160004,110.980003,109.089996,110.220001,6670200,109.958373
2016-01-05,109.730003,111.199997,109.199997,110.779999,3476400,110.517041
2016-01-04,106.589996,109.260002,106.019997,109.260002,4890500,109.000652
2015-12-31,108.349998,109.540001,108.00,108.120003,1612700,107.863359
2015-12-30,110.389999,110.839996,108.639999,108.93,1041400,108.671434
2015-12-29,109.519997,110.900002,109.389999,110.209999,1088000,109.948394
2015-12-28,109.529999,109.669998,108.220001,108.949997,1543900,108.691383
2015-12-24,110.010002,110.529999,109.510002,109.629997,726800,109.369769
2015-12-23,109.129997,110.449997,109.129997,110.080002,1776500,109.818705
2015-12-22,110.419998,110.470001,107.760002,108.910004,2659400,108.651484
2015-12-21,108.910004,110.540001,108.589996,109.720001,2730700,109.459559
2015-12-18,108.769997,109.919998,108.019997,108.470001,4296900,108.212526
2015-12-17,108.730003,109.410004,107.709999,108.860001,2826800,108.6016
2015-12-16,108.080002,108.949997,107.129997,108.760002,2823000,108.501839
2015-12-15,106.50,108.43,106.25,107.019997,2712200,106.765964
2015-12-14,105.220001,106.50,104.690002,105.800003,3799900,105.548866
2015-12-11,103.940002,106.300003,103.169998,104.910004,3556000,104.660979
2015-12-10,103.589996,105.550003,103.160004,104.82,2162200,104.571189
2015-12-09,103.110001,104.529999,102.830002,103.870003,3409100,103.623447
2015-12-08,102.860001,104.279999,102.099998,103.93,2957400,103.683302
2015-12-07,105.449997,105.459999,103.059998,103.620003,2945500,103.37404
2015-12-04,102.470001,106.099998,101.910004,105.32,4784900,105.070002
2015-12-03,106.75,107.529999,101.419998,101.720001,7098700,101.478549
2015-12-02,107.629997,109.480003,106.620003,106.93,3974600,106.676181
2015-12-01,103.160004,107.849998,102.779999,107.50,4370400,107.244828
2015-11-30,104.470001,104.900002,102.75,102.75,2789300,102.506103
2015-11-27,104.25,104.800003,103.400002,104.059998,958300,103.812991
2015-11-25,106.309998,106.480003,103.800003,103.949997,2271000,103.703251
2015-11-24,104.839996,106.279999,104.349998,106.080002,2249700,105.8282
2015-11-23,104.779999,106.919998,104.309998,105.709999,2922500,105.459076
2015-11-20,101.349998,104.980003,100.550003,104.43,4983900,104.182115
2015-11-19,101.699997,103.580002,98.669998,99.889999,11864400,99.652891
2015-11-18,105.279999,107.059998,104.459999,106.860001,1719900,106.606348
2015-11-17,104.82,107.040001,104.010002,105.279999,1575000,105.030096
2015-11-16,102.389999,105.089996,102.199997,105.010002,2770300,104.76074
2015-11-13,102.650002,104.25,101.519997,102.209999,3871200,101.967384
2015-11-12,105.800003,106.019997,103.050003,103.110001,4710200,102.865249
2015-11-11,109.43,109.559998,104.860001,105.089996,2943000,104.840545
2015-11-10,108.25,109.389999,107.889999,108.739998,2678100,108.481882
2015-11-09,107.220001,108.059998,105.650002,108.00,3133500,107.743641
2015-11-06,110.160004,110.220001,106.32,107.550003,4503300,107.294712
2015-11-05,108.769997,111.650002,108.470001,111.269997,2876900,111.005876
2015-11-04,111.800003,112.389999,107.389999,108.660004,4672400,108.402078
2015-11-03,114.589996,115.480003,111.330002,111.809998,2981700,111.544595
2015-11-02,115.419998,116.220001,114.099998,115.339996,2362400,115.066214
2015-10-30,115.919998,115.989998,114.089996,114.779999,4113100,114.507546
2015-10-29,111.25,116.330002,110.68,114.860001,4390700,114.587358
2015-10-28,110.669998,111.18,107.07,111.110001,4083600,110.846259
2015-10-27,107.480003,111.860001,107.010002,110.669998,4829000,110.407301
2015-10-26,106.089996,108.220001,104.599998,107.800003,3775400,107.544119
2015-10-23,103.93,106.239998,102.940002,105.889999,4635800,105.638649
2015-10-22,107.879997,108.379997,100.690002,103.360001,7651400,103.114655
2015-10-21,112.629997,112.699997,103.639999,108.279999,5529900,108.022975
2015-10-20,114.32,114.790001,111.050003,111.82,2588200,111.554573
2015-10-19,112.940002,114.93,112.660004,114.199997,2166700,113.928921
2015-10-16,113.07,113.559998,111.889999,112.989998,2070200,112.721794
2015-10-15,110.00,112.720001,108.339996,112.169998,3269600,111.903741
2015-10-14,113.050003,114.419998,110.059998,111.110001,2585800,110.846259
2015-10-13,110.580002,115.980003,110.580002,113.269997,4681400,113.001128
2015-10-12,109.43,110.910004,109.00,110.629997,1992700,110.117988
2015-10-09,108.970001,110.959999,108.849998,109.18,1998100,108.674702
2015-10-08,109.540001,109.93,107.989998,109.610001,1458900,109.102712
2015-10-07,109.050003,109.790001,107.019997,109.559998,2760400,109.052941
2015-10-06,113.360001,113.470001,107.839996,108.830002,3301900,108.326323
2015-10-05,113.959999,114.730003,111.699997,113.040001,1834700,112.516838
2015-10-02,108.809998,113.18,107.650002,113.110001,2716600,112.586514
2015-10-01,109.209999,110.419998,107.00,109.940002,2700200,109.431187
2015-09-30,107.980003,110.480003,107.50,109.410004,3948900,108.903641
2015-09-29,105.360001,107.93,103.790001,106.309998,3945500,105.817982
2015-09-28,111.889999,111.919998,104.300003,105.300003,5730100,104.812662
2015-09-25,117.459999,117.459999,111.129997,112.019997,3574900,111.501554
2015-09-24,118.080002,118.25,114.459999,116.440002,2415300,115.901104
2015-09-23,118.099998,119.489998,117.209999,118.82,1999700,118.270086
2015-09-22,117.139999,119.370003,116.029999,118.120003,2372800,117.573329
2015-09-21,117.209999,119.75,116.349998,118.82,2430500,118.270086
2015-09-18,117.019997,118.18,115.900002,116.150002,2765500,115.612445
2015-09-17,117.650002,119.540001,116.730003,117.760002,1723900,117.214994
2015-09-16,117.790001,118.360001,116.139999,117.580002,1796400,117.035827
2015-09-15,116.900002,117.93,115.849998,117.57,1386700,117.025871
2015-09-14,118.809998,118.860001,115.989998,116.389999,1812400,115.851332
2015-09-11,115.410004,117.93,115.269997,117.889999,1846400,117.34439
2015-09-10,116.730003,118.980003,115.879997,116.190002,2794800,115.652261
2015-09-09,119.599998,119.849998,116.879997,117.230003,2330200,116.687449
2015-09-08,116.239998,118.370003,115.449997,118.139999,3120500,117.593233
2015-09-04,113.599998,114.419998,112.790001,113.470001,2175400,112.944848
2015-09-03,114.080002,116.550003,113.760002,115.18,2637400,114.646933
2015-09-02,112.75,113.599998,111.18,113.559998,2255400,113.034428
2015-09-01,112.199997,114.209999,110.889999,111.550003,2933900,111.033736
2015-08-31,116.669998,118.160004,114.360001,114.519997,2624400,113.989984
2015-08-28,117.610001,118.110001,116.019997,116.860001,1681700,116.319158
2015-08-27,115.75,117.889999,114.410004,117.779999,3655100,117.234899
2015-08-26,112.879997,115.739998,112.349998,115.419998,4838400,114.88582
2015-08-25,114.190002,115.949997,110.50,110.50,4461200,109.988593
2015-08-24,108.029999,112.00,93.510002,110.510002,4999700,109.998548
2015-08-21,117.949997,118.779999,115.489998,115.510002,3110900,114.975408
2015-08-20,121.139999,121.910004,118.18,118.529999,3398400,117.981428
2015-08-19,123.43,123.50,120.82,122.18,3405800,121.614536
2015-08-18,123.029999,125.470001,122.800003,124.209999,2837300,123.63514
2015-08-17,120.059998,123.790001,119.889999,123.040001,3115400,122.470557
2015-08-14,117.93,120.959999,117.82,120.660004,3122000,120.101574
2015-08-13,117.620003,118.669998,117.00,118.25,1866500,117.702725
2015-08-12,117.50,118.00,115.419998,117.300003,2828500,116.757124
2015-08-11,116.25,119.489998,116.18,118.349998,3428000,117.80226
2015-08-10,116.910004,117.489998,116.260002,117.089996,1650400,116.54809
2015-08-07,116.080002,116.809998,115.050003,116.389999,1582400,115.851332
2015-08-06,118.199997,118.589996,115.940002,116.400002,2713500,115.861288
2015-08-05,116.589996,118.760002,115.440002,118.07,4296500,117.523557
2015-08-04,115.989998,117.099998,112.239998,115.190002,4244400,114.656889
2015-08-03,113.550003,114.720001,112.50,113.790001,3020000,113.263367
2015-07-31,114.629997,114.980003,112.690002,112.970001,2882300,112.447162
2015-07-30,114.360001,114.639999,112.360001,114.150002,2650200,113.621701
2015-07-29,112.519997,112.940002,111.120003,112.599998,2669500,112.078872
2015-07-28,110.809998,112.370003,109.900002,112.309998,3538700,111.790213
2015-07-27,109.269997,110.550003,107.949997,110.230003,3783600,109.719845
2015-07-24,111.620003,111.949997,109.730003,110.00,3223400,109.490907
2015-07-23,114.160004,114.239998,111.57,112.050003,2854000,111.531422
2015-07-22,111.50,114.230003,111.019997,113.879997,4433900,113.352947
2015-07-21,111.50,112.559998,109.110001,111.550003,3933700,111.033736
2015-07-20,113.129997,113.139999,111.040001,111.599998,2890400,111.0835
2015-07-17,112.760002,113.480003,111.260002,112.919998,4297700,112.397391
2015-07-16,115.660004,115.959999,112.809998,112.910004,4819400,112.387442
2015-07-15,115.790001,117.010002,114.919998,115.480003,2915600,114.945548
2015-07-14,113.300003,115.970001,113.209999,115.75,3266700,115.214295
2015-07-13,115.900002,116.269997,112.370003,114.019997,5353900,113.243451
2015-07-10,114.019997,114.800003,112.57,114.599998,4734700,113.819503
2015-07-09,115.730003,116.510002,112.559998,112.669998,5282400,111.902647
2015-07-08,114.879997,115.93,112.669998,112.669998,5307900,111.902647
2015-07-07,117.720001,118.199997,112.639999,115.330002,9847000,114.544535
2015-07-06,117.809998,120.760002,115.559998,117.43,16434100,116.630231
2015-07-02,129.410004,129.740005,125.449997,125.510002,3168500,124.655203
2015-07-01,128.949997,129.360001,127.25,128.899994,2452300,128.022107
2015-06-30,128.320007,128.710007,127.25,127.459999,2397500,126.591919
2015-06-29,128.589996,129.479996,127.040001,127.279999,3185600,126.413145
2015-06-26,132.830002,134.399994,130.050003,130.050003,5583300,129.164284
2015-06-25,127.660004,133.050003,126.730003,132.600006,8858700,131.69692
2015-06-24,127.099998,128.639999,125.900002,127.510002,8226400,126.641582
2015-06-23,128.289993,128.75,126.470001,128.199997,6173300,127.326877
2015-06-22,127.910004,130.169998,127.599998,128.050003,7391400,127.177905
2015-06-19,124.370003,124.669998,123.849998,124.07,2070300,123.225008
2015-06-18,124.059998,125.389999,124.019997,124.50,2122900,123.65208
2015-06-17,125.769997,126.839996,123.449997,123.860001,2797600,123.016439
2015-06-16,124.879997,128.649994,123.120003,124.970001,6827900,124.11888
2015-06-15,115.309998,124.199997,114.75,121.010002,6380900,120.185851
2015-06-12,117.230003,117.449997,115.760002,115.870003,1746000,115.080858
2015-06-11,118.209999,118.589996,117.730003,117.949997,1674900,117.146686
2015-06-10,117.080002,118.529999,116.980003,117.940002,1590200,117.13676
2015-06-09,116.349998,117.489998,115.940002,117.239998,2060400,116.441522
2015-06-08,117.00,117.800003,115.980003,116.00,1350100,115.20997
2015-06-05,115.580002,117.160004,115.010002,116.860001,1441400,116.064113
2015-06-04,116.010002,116.949997,115.449997,115.980003,1908800,115.190109
2015-06-03,117.870003,118.139999,115.760002,116.949997,3102200,116.153497
2015-06-02,119.239998,119.50,116.889999,117.330002,2630000,116.530913
2015-06-01,118.059998,120.190002,117.910004,119.620003,3900700,118.805318
2015-05-29,116.470001,120.150002,114.470001,117.970001,5255400,117.166554
2015-05-28,115.349998,116.559998,114.980003,116.389999,1903100,115.597313
2015-05-27,115.00,115.839996,114.040001,115.209999,1481500,114.425349
2015-05-26,114.699997,114.839996,113.730003,113.879997,1698700,113.104406
2015-05-22,114.309998,115.760002,113.889999,114.519997,1740100,113.740046
2015-05-21,114.00,114.860001,113.800003,114.690002,1089900,113.908894
2015-05-20,114.120003,114.760002,113.720001,114.400002,1753200,113.620868
2015-05-19,113.989998,114.620003,113.809998,114.089996,1272900,113.312974
2015-05-18,112.610001,113.889999,112.150002,113.730003,1516900,112.955433
2015-05-15,111.970001,112.75,111.57,112.739998,1641100,111.97217
2015-05-14,110.889999,111.559998,110.599998,111.480003,1203900,110.720757
2015-05-13,110.169998,111.00,109.660004,109.790001,1589200,109.042265
2015-05-12,108.730003,111.120003,108.660004,110.080002,1638600,109.33029
2015-05-11,109.150002,110.279999,109.010002,109.300003,1090600,108.555604
2015-05-08,108.849998,109.830002,108.620003,109.260002,1279500,108.515875
2015-05-07,107.00,108.720001,107.00,107.889999,1415100,107.155203
2015-05-06,107.989998,108.339996,106.629997,107.370003,1210200,106.638748
2015-05-05,108.599998,108.849998,106.870003,107.199997,1922600,106.4699
2015-05-04,108.68,109.82,108.550003,109.190002,1819000,108.446352
2015-05-01,107.860001,108.550003,107.150002,108.470001,1885800,107.731255
2015-04-30,108.00,108.709999,106.68,106.870003,3162900,106.142153
2015-04-29,109.949997,110.50,106.730003,108.010002,2771600,107.274389
2015-04-28,108.809998,111.080002,106.720001,110.379997,3546800,109.628243
2015-04-27,109.059998,109.360001,106.790001,106.919998,2134400,106.191808
2015-04-24,108.599998,109.010002,108.230003,108.82,1267500,108.07887
2015-04-23,107.800003,109.099998,107.519997,108.900002,1150600,108.158327
2015-04-22,108.330002,108.75,107.239998,107.949997,2347100,107.214792
2015-04-21,107.690002,108.629997,107.57,108.360001,1537500,107.622003
2015-04-20,108.160004,108.68,107.190002,107.25,1381700,106.519563
2015-04-17,108.519997,108.790001,106.769997,107.720001,1766800,106.986363
2015-04-16,108.220001,109.650002,108.220001,109.43,2874200,108.684716
2015-04-15,108.559998,108.57,105.440002,106.080002,2528600,105.357533
2015-04-14,107.919998,108.230003,107.00,107.879997,1025600,107.145269
2015-04-13,108.129997,109.139999,107.660004,107.690002,1247400,106.956568
2015-04-10,108.00,108.00,107.139999,107.910004,915800,107.175071
2015-04-09,107.019997,108.129997,107.00,107.720001,1530600,106.986363
2015-04-08,107.18,108.07,106.650002,107.459999,1236500,106.728131
2015-04-07,108.489998,108.889999,106.779999,106.790001,1637500,106.062696
2015-04-06,106.550003,108.040001,106.300003,107.830002,1655400,106.84732
2015-04-02,107.110001,107.860001,106.550003,107.150002,1184700,106.173517
2015-04-01,106.660004,106.870003,104.93,106.870003,2027400,105.896069
2015-03-31,107.919998,108.18,106.510002,106.529999,2578900,105.559164
2015-03-30,109.029999,109.349998,107.959999,108.57,1635700,107.580574
2015-03-27,106.300003,107.970001,106.269997,107.400002,1611800,106.421238
2015-03-26,106.720001,107.120003,105.360001,105.910004,2535800,104.944819
2015-03-25,108.989998,109.769997,107.230003,107.290001,2571700,106.31224
2015-03-24,109.419998,109.599998,108.599998,108.739998,2261800,107.749023
2015-03-23,108.50,109.900002,108.449997,109.260002,2902200,108.264288
2015-03-20,108.699997,109.120003,107.940002,108.629997,2457400,107.640025
2015-03-19,108.00,108.970001,107.25,108.309998,2449000,107.322941
2015-03-18,105.330002,107.870003,105.129997,107.480003,2782700,106.500511
2015-03-17,105.220001,105.50,104.360001,105.400002,2401300,104.439465
2015-03-16,104.739998,106.75,104.50,106.07,2827800,105.103357
2015-03-13,102.00,104.199997,101.32,104.089996,2992600,103.141398
2015-03-12,100.800003,102.349998,100.57,102.120003,2286200,101.189357
2015-03-11,100.290001,100.940002,99.849998,100.040001,1627200,99.128311
2015-03-10,100.400002,100.760002,99.550003,100.160004,2335000,99.24722
2015-03-09,100.620003,101.739998,100.599998,101.529999,1330200,100.60473
2015-03-06,101.769997,101.900002,100.290001,100.669998,2293900,99.752567
2015-03-05,101.730003,102.629997,101.370003,102.089996,2967300,101.159624
2015-03-04,99.440002,102.00,98.779999,101.75,4275200,100.822727
2015-03-03,100.169998,100.330002,99.029999,99.790001,3398200,98.880589
2015-03-02,99.550003,100.800003,99.470001,100.50,2529300,99.584118
2015-02-27,99.389999,99.919998,99.099998,99.550003,2486000,98.642779
2015-02-26,99.459999,99.919998,99.080002,99.309998,1171500,98.404961
2015-02-25,100.269997,100.480003,99.220001,99.519997,1435600,98.613046
2015-02-24,100.860001,101.980003,100.059998,100.169998,2207100,99.257124
2015-02-23,98.00,100.760002,98.00,100.68,2587400,99.762478
2015-02-20,96.400002,98.120003,96.199997,97.919998,1705500,97.027629
2015-02-19,96.769997,97.489998,96.220001,96.639999,1214500,95.759295
2015-02-18,96.269997,96.959999,95.610001,96.889999,2334500,96.007016
2015-02-17,96.089996,96.620003,95.589996,96.620003,1515600,95.73948
2015-02-13,96.580002,96.889999,95.82,96.120003,1504600,95.244037
2015-02-12,97.160004,97.160004,95.989998,97.080002,1513800,96.195287
2015-02-11,95.489998,96.75,95.379997,96.459999,1841000,95.580935
2015-02-10,94.150002,95.949997,94.040001,95.75,1900600,94.877406
2015-02-09,94.18,94.599998,93.379997,93.739998,1696000,92.885722
2015-02-06,96.339996,96.790001,94.160004,94.540001,3540700,93.678434
2015-02-05,96.129997,97.709999,96.010002,96.589996,3461400,95.709747
2015-02-04,93.760002,96.900002,93.00,96.050003,3873300,95.174675
2015-02-03,93.010002,94.269997,91.830002,94.18,2561700,93.321714
2015-02-02,92.010002,92.910004,90.199997,92.220001,2817600,91.379577
2015-01-30,92.970001,93.599998,91.639999,91.82,2048600,90.983221
2015-01-29,92.949997,93.779999,91.949997,93.610001,1347700,92.756909
2015-01-28,94.480003,94.709999,92.559998,92.690002,2094900,91.845295
2015-01-27,93.610001,94.300003,93.160004,93.699997,1520800,92.846085
2015-01-26,94.25,94.580002,93.32,94.239998,1821700,93.381165
2015-01-23,95.940002,96.25,94.440002,94.480003,2000200,93.618983
2015-01-22,95.519997,96.150002,94.029999,96.110001,2257800,95.234126
2015-01-21,92.790001,95.080002,91.980003,94.739998,2762400,93.876608
2015-01-20,92.650002,92.900002,91.190002,91.980003,2337300,91.141766
2015-01-16,90.470001,92.639999,90.279999,92.559998,2982200,91.716475
2015-01-15,90.610001,91.110001,90.00,90.50,2415700,89.675251
2015-01-14,89.50,90.900002,88.699997,89.889999,2807300,89.070809
2015-01-13,90.480003,92.029999,89.580002,90.330002,3302200,89.506802
2015-01-12,91.400002,91.610001,89.169998,89.519997,3646300,88.456458
2015-01-09,92.029999,92.480003,91.00,91.040001,1915900,89.958404
2015-01-08,90.290001,92.529999,90.290001,92.389999,2881600,91.292364
2015-01-07,88.419998,89.550003,88.260002,89.489998,2148500,88.426816
2015-01-06,88.010002,88.730003,87.480003,87.730003,2976900,86.687731
2015-01-05,88.139999,88.830002,87.25,87.599998,2343100,86.55927
2015-01-02,89.709999,90.150002,87.870003,88.800003,1406600,87.745018
2014-12-31,90.209999,91.050003,88.779999,88.830002,1068500,87.774661
2014-12-30,89.440002,90.57,89.440002,90.139999,1009600,89.069095
2014-12-29,89.68,90.190002,89.019997,89.75,912300,88.683729
2014-12-26,89.730003,90.269997,89.510002,89.839996,803600,88.772656
2014-12-24,89.709999,89.879997,89.360001,89.589996,549000,88.525626
2014-12-23,91.010002,91.010002,89.00,89.449997,1506100,88.38729
2014-12-22,90.790001,91.059998,90.169998,90.410004,1439900,89.335891
2014-12-19,90.709999,91.870003,90.379997,90.839996,4197100,89.760776
2014-12-18,88.389999,90.129997,87.879997,90.129997,2643500,89.059212
2014-12-17,86.260002,87.50,85.830002,87.18,2742300,86.144262
2014-12-16,86.510002,87.669998,85.620003,85.639999,2196100,84.622557
2014-12-15,88.07,88.489998,85.910004,86.669998,2147600,85.640319
2014-12-12,87.709999,89.040001,87.260002,87.300003,2401600,86.262839
2014-12-11,87.00,89.25,86.309998,88.120003,2276600,87.073097
2014-12-10,89.419998,89.470001,87.599998,87.669998,1954500,86.628438
2014-12-09,88.830002,89.879997,88.790001,89.559998,1949200,88.495984
2014-12-08,90.550003,91.25,89.580002,90.120003,1891800,89.049336
2014-12-05,89.410004,90.669998,89.209999,90.620003,2065200,89.543396
2014-12-04,89.400002,89.68,88.360001,89.190002,2576700,88.130384
2014-12-03,88.410004,89.82,88.410004,89.68,2429200,88.614561
2014-12-02,87.589996,88.449997,87.360001,88.339996,2954200,87.290477
2014-12-01,87.699997,88.00,86.879997,87.540001,2354400,86.499986
2014-11-28,87.099998,87.849998,87.089996,87.239998,819300,86.203547
2014-11-26,86.889999,87.309998,86.510002,86.910004,1348500,85.877473
2014-11-25,86.910004,87.410004,86.510002,86.610001,2055600,85.581034
2014-11-24,86.610001,87.370003,85.900002,86.940002,1674800,85.907115
2014-11-21,86.800003,87.139999,86.260002,86.360001,2334200,85.334004
2014-11-20,85.080002,86.300003,84.919998,85.849998,2137100,84.830061
2014-11-19,87.029999,87.050003,85.449997,85.550003,1841500,84.53363
2014-11-18,86.25,88.110001,86.25,87.160004,2534400,86.124503
2014-11-17,83.809998,86.269997,83.75,86.220001,2891600,85.195668
2014-11-14,84.599998,84.769997,83.529999,83.809998,1539000,82.814296
2014-11-13,84.550003,84.980003,83.989998,84.559998,1653500,83.555386
2014-11-12,83.970001,84.720001,83.360001,84.519997,1797700,83.51586
2014-11-11,83.949997,84.849998,83.760002,84.50,1685100,83.496101
2014-11-10,82.43,84.019997,82.43,84.019997,1885800,83.021801
2014-11-07,84.209999,84.739998,81.93,82.290001,3375700,81.312358
2014-11-06,84.470001,85.00,84.150002,84.699997,1448900,83.693722
2014-11-05,84.360001,84.699997,83.900002,84.260002,2629000,83.258955
2014-11-04,82.190002,84.050003,82.120003,83.709999,3518900,82.715486
2014-11-03,82.779999,83.50,82.00,82.25,1961700,81.272832
2014-10-31,81.379997,82.550003,81.010002,82.510002,3498500,81.529746
2014-10-30,79.720001,81.379997,79.43,80.599998,2921300,79.642434
2014-10-29,77.559998,80.099998,77.559998,79.75,4033800,78.802534
2014-10-28,78.449997,78.489998,76.169998,77.230003,6559100,76.312476
2014-10-27,78.529999,79.650002,78.529999,79.18,2946700,78.239306
2014-10-24,79.00,79.099998,77.919998,78.690002,2034700,77.755129
2014-10-23,78.980003,79.300003,78.519997,78.75,1876000,77.814414
2014-10-22,78.82,79.209999,77.699997,78.089996,2457900,77.162251
2014-10-21,77.260002,78.589996,77.160004,78.389999,2340400,77.45869
2014-10-20,75.410004,76.50,75.339996,76.449997,2112600,75.541736
2014-10-17,74.419998,76.330002,74.110001,75.389999,3877900,74.494332
2014-10-16,73.699997,75.419998,72.57,73.43,5204800,72.557618
2014-10-15,72.839996,74.459999,71.809998,73.57,5439300,72.695954
2014-10-14,76.410004,76.580002,73.059998,73.980003,5506000,73.101087
2014-10-13,77.620003,78.410004,76.349998,76.43,1919300,75.299646
2014-10-10,78.839996,79.279999,77.639999,77.660004,2613900,76.511459
2014-10-09,79.889999,80.309998,78.230003,78.620003,2273300,77.45726
2014-10-08,78.050003,80.080002,77.809998,80.029999,2510900,78.846403
2014-10-07,78.910004,79.489998,77.970001,78.010002,2926900,76.856281
2014-10-06,82.040001,82.160004,79.080002,79.169998,3137600,77.999121
2014-10-03,80.239998,81.830002,79.709999,81.489998,2707400,80.284809
2014-10-02,79.790001,79.949997,78.349998,79.389999,2269900,78.215869
2014-10-01,81.199997,81.199997,79.50,79.82,2101800,78.63951
2014-09-30,81.510002,81.940002,80.949997,81.00,2138500,79.802058
2014-09-29,81.379997,81.839996,81.139999,81.339996,1972900,80.137026
2014-09-26,82.360001,82.57,81.269997,82.029999,1634300,80.816824
2014-09-25,83.519997,83.620003,81.889999,82.059998,1791000,80.846379
2014-09-24,82.160004,83.800003,82.139999,83.75,1656000,82.511388
2014-09-23,82.779999,83.199997,81.949997,82.120003,1512000,80.905497
2014-09-22,82.959999,83.739998,82.550003,83.050003,1837900,81.821743
2014-09-19,84.540001,84.629997,83.550003,83.690002,1899400,82.452277
2014-09-18,83.370003,84.050003,83.220001,83.910004,1175900,82.669025
2014-09-17,83.459999,83.940002,82.540001,83.150002,1740800,81.920263
2014-09-16,82.110001,83.470001,81.849998,83.349998,1552300,82.117302
2014-09-15,82.300003,82.860001,81.980003,82.120003,1476200,80.905497
2014-09-12,83.760002,83.760002,82.00,82.199997,2293400,80.984308
2014-09-11,83.970001,84.169998,82.970001,83.690002,2484900,82.452277
2014-09-10,84.82,84.82,83.519997,84.410004,2224000,83.16163
2014-09-09,84.150002,84.949997,84.00,84.940002,2428100,83.683791
2014-09-08,83.860001,84.029999,83.25,83.949997,1210200,82.708427
2014-09-05,83.00,84.110001,82.849998,83.940002,1525700,82.69858
2014-09-04,82.550003,84.150002,82.449997,82.970001,2047500,81.742924
2014-09-03,82.300003,82.800003,82.150002,82.43,1918700,81.21091
2014-09-02,82.660004,82.739998,81.040001,81.93,2392400,80.718305
2014-08-29,82.07,83.220001,82.010002,82.129997,2612600,80.915344
2014-08-28,80.760002,82.279999,80.760002,81.919998,2244400,80.70845
2014-08-27,80.279999,81.510002,80.18,81.110001,2290500,79.910432
2014-08-26,79.080002,80.190002,79.00,80.099998,1719100,78.915367
2014-08-25,79.370003,79.43,78.610001,78.949997,1411100,77.782374
2014-08-22,79.330002,79.489998,78.739998,78.769997,1436400,77.605035
2014-08-21,79.580002,79.739998,79.059998,79.349998,1423300,78.176459
2014-08-20,79.059998,79.610001,78.629997,79.510002,1374700,78.334097
2014-08-19,78.089996,79.279999,77.620003,79.120003,1932400,77.949865
2014-08-18,78.029999,78.169998,77.120003,78.040001,1417700,76.885836
2014-08-15,77.779999,77.900002,76.709999,77.720001,1840700,76.570569
2014-08-14,77.110001,77.68,76.709999,77.639999,1773200,76.49175
2014-08-13,76.209999,77.220001,75.699997,77.059998,2216300,75.920326
2014-08-12,75.550003,76.040001,75.230003,75.43,3533400,74.314436
2014-08-11,76.760002,77.040001,75.650002,75.830002,2244300,74.708521
2014-08-08,75.599998,76.860001,75.07,76.739998,2284000,75.605059
2014-08-07,77.459999,77.610001,74.809998,75.220001,4083400,74.107542
2014-08-06,78.400002,78.879997,78.07,78.32,3114500,77.161694
2014-08-05,79.480003,79.779999,78.050003,78.459999,2069300,77.299623
2014-08-04,79.059998,79.910004,78.470001,79.599998,2055700,78.422762
2014-08-01,77.199997,79.00,77.080002,78.730003,3041200,77.565634
2014-07-31,78.559998,78.769997,76.110001,77.529999,6150400,76.383376
2014-07-30,82.480003,82.720001,78.599998,79.739998,4767400,78.560691
2014-07-29,83.089996,84.00,81.400002,81.879997,4718000,80.669041
2014-07-28,83.730003,84.889999,83.489998,84.82,2173400,83.565563
2014-07-25,82.269997,83.760002,81.870003,83.389999,3149700,82.156711
2014-07-24,84.50,84.849998,84.010002,84.160004,2235300,82.915327
2014-07-23,85.160004,85.199997,84.370003,84.540001,1021700,83.289705
2014-07-22,84.400002,85.720001,84.209999,84.870003,2518900,83.614826
2014-07-21,84.309998,84.550003,83.75,83.989998,1544100,82.747836
2014-07-18,83.989998,84.75,83.279999,84.639999,1820600,83.388224
2014-07-17,81.669998,84.75,81.620003,83.739998,4173900,82.501533
2014-07-16,82.839996,82.940002,81.660004,82.160004,1902600,80.944906
2014-07-15,82.160004,82.949997,82.00,82.379997,2026800,81.161646
2014-07-14,81.93,82.639999,81.919998,82.160004,1659600,80.944906
2014-07-11,81.269997,81.989998,80.919998,81.610001,1762700,80.403037
2014-07-10,80.379997,81.839996,80.18,81.25,1923100,80.048361
2014-07-09,81.360001,81.779999,80.989998,81.190002,2635700,79.989251
2014-07-08,81.93,82.169998,80.870003,81.07,1824800,79.871023
2014-07-07,83.169998,83.480003,81.860001,82.449997,1808300,81.008942
2014-07-03,83.059998,83.709999,82.779999,83.629997,1140400,82.168318
2014-07-02,82.139999,82.949997,81.260002,82.919998,1387200,81.470728
2014-07-01,81.489998,82.489998,81.010002,82.059998,2867100,80.625759
2014-06-30,81.889999,82.699997,81.010002,81.080002,2222200,79.662891
2014-06-27,81.580002,81.919998,81.099998,81.769997,1223000,80.340826
2014-06-26,82.489998,82.489998,81.269997,82.050003,1182800,80.615939
2014-06-25,81.18,82.480003,80.959999,82.459999,2070800,81.018769
2014-06-24,81.980003,82.110001,80.959999,80.989998,1392900,79.57446
2014-06-23,82.00,82.220001,81.540001,82.059998,1580800,80.625759
2014-06-20,81.589996,81.989998,81.089996,81.919998,2334700,80.488206
2014-06-19,81.150002,81.550003,80.739998,81.410004,1500200,79.987125
2014-06-18,80.510002,81.059998,79.739998,80.980003,1879600,79.564641
2014-06-17,80.330002,80.800003,80.199997,80.57,1683400,79.161803
2014-06-16,80.940002,81.220001,80.330002,80.57,2191300,79.161803
2014-06-13,80.610001,81.080002,80.150002,80.940002,1772000,79.525339
2014-06-12,80.629997,81.150002,80.07,80.870003,2132500,79.456563
2014-06-11,79.830002,81.25,79.519997,80.980003,3107300,79.564641
2014-06-10,79.220001,80.32,78.940002,80.269997,2062800,78.867043
2014-06-09,79.209999,79.510002,78.709999,79.169998,1786100,77.786271
2014-06-06,79.400002,79.790001,79.150002,79.470001,1235500,78.08103
2014-06-05,79.769997,79.910004,79.120003,79.120003,2198800,77.737149
2014-06-04,78.400002,79.480003,78.400002,79.389999,2142500,78.002427
2014-06-03,77.739998,78.57,77.730003,78.50,2205900,77.127983
2014-06-02,77.919998,78.230003,77.410004,77.860001,2065800,76.499169
2014-05-30,77.360001,77.839996,76.610001,77.550003,1773900,76.19459
2014-05-29,77.110001,77.489998,76.400002,77.190002,2600100,75.840881
2014-05-28,77.589996,77.699997,76.690002,76.699997,1819800,75.35944
2014-05-27,76.57,77.68,76.519997,77.400002,2214400,76.04721
2014-05-23,75.75,76.489998,74.489998,76.389999,2422500,75.05486
2014-05-22,75.559998,75.639999,74.809998,75.50,1537200,74.180416
2014-05-21,75.389999,75.830002,75.230003,75.599998,1679900,74.278667
2014-05-20,75.510002,75.650002,74.650002,75.209999,1966300,73.895484
2014-05-19,74.339996,75.57,74.260002,75.410004,1414700,74.091993
2014-05-16,74.779999,75.00,73.650002,74.360001,1998900,73.060342
2014-05-15,75.169998,75.440002,74.199997,74.730003,2016200,73.423878
2014-05-14,75.349998,75.589996,74.940002,75.389999,2222600,74.072338
2014-05-13,75.800003,75.970001,75.279999,75.309998,1930500,73.993735
2014-05-12,74.580002,75.989998,74.580002,75.769997,2211700,74.445694
2014-05-09,73.830002,74.580002,73.349998,74.470001,1480000,73.16842
2014-05-08,73.910004,74.43,73.57,73.699997,1964400,72.411874
2014-05-07,72.18,74.07,71.959999,74.050003,2698600,72.755762
2014-05-06,72.190002,72.519997,71.940002,72.080002,2434800,70.820193
2014-05-05,71.389999,72.440002,70.760002,72.290001,3817800,71.026521
2014-05-02,71.489998,71.900002,71.129997,71.489998,2800300,70.240501
2014-05-01,71.800003,72.550003,70.860001,71.440002,2287400,70.191379
2014-04-30,70.550003,72.449997,70.00,71.449997,4467700,70.201199
2014-04-29,70.779999,71.099998,70.360001,70.459999,3521900,69.228504
2014-04-28,71.779999,71.970001,70.029999,70.370003,5373000,69.140081
2014-04-25,72.169998,73.860001,71.190002,71.25,3977100,70.004698
2014-04-24,73.199997,73.989998,72.010002,72.959999,5670100,71.684809
2014-04-23,68.760002,69.150002,68.650002,68.910004,3335100,67.705599
2014-04-22,68.230003,69.370003,68.129997,68.709999,4403400,67.509091
2014-04-21,67.849998,68.900002,67.739998,67.889999,3419100,66.703423
2014-04-17,67.830002,68.339996,66.849998,67.769997,8470800,66.585517
2014-04-16,71.940002,72.029999,69.779999,69.870003,3278900,68.64882
2014-04-15,70.93,71.720001,70.550003,71.629997,1941400,70.378053
2014-04-14,71.440002,71.440002,70.220001,70.769997,1991400,69.533084
2014-04-11,71.519997,71.970001,70.629997,70.82,1712000,69.582213
2014-04-10,74.139999,74.379997,71.839996,71.870003,3082700,70.613864
2014-04-09,73.07,74.410004,72.970001,74.00,2554800,72.706633
2014-04-08,72.760002,73.099998,72.00,72.860001,2354100,71.586559
2014-04-07,74.220001,74.589996,72.720001,72.900002,2304100,71.404791
2014-04-04,75.690002,75.910004,74.129997,74.230003,2593800,72.707514
2014-04-03,74.830002,75.150002,74.160004,75.00,2047800,73.461717
2014-04-02,74.959999,75.019997,74.419998,74.809998,1761100,73.275612
2014-04-01,75.129997,75.989998,74.800003,75.050003,1822900,73.510695
2014-03-31,74.489998,75.190002,74.279999,74.970001,1814300,73.432334
2014-03-28,73.900002,74.919998,73.720001,74.099998,1569400,72.580175
2014-03-27,74.25,74.25,73.089996,73.410004,1723000,71.904333
2014-03-26,74.550003,74.550003,73.870003,74.230003,1761800,72.707514
2014-03-25,74.080002,75.379997,73.870003,73.940002,1629000,72.423461
2014-03-24,75.980003,76.160004,74.300003,74.339996,1487700,72.815251
2014-03-21,75.949997,76.709999,75.610001,75.709999,3426400,74.157154
2014-03-20,74.650002,76.379997,74.650002,75.389999,2045100,73.843718
2014-03-19,73.75,75.639999,73.410004,74.769997,3572400,73.236431
2014-03-18,72.860001,74.25,72.849998,73.739998,2323600,72.227558
2014-03-17,71.779999,73.25,71.699997,72.989998,1969100,71.492941
2014-03-14,72.910004,73.290001,71.480003,71.510002,3045700,70.043301
2014-03-13,73.760002,73.800003,72.650002,72.910004,3450500,71.414588
2014-03-12,73.419998,73.800003,73.110001,73.349998,2759600,71.845558
2014-03-11,74.019997,74.50,73.599998,73.650002,1694700,72.139408
2014-03-10,73.449997,74.07,73.220001,74.019997,1413400,72.501814
2014-03-07,74.129997,74.279999,73.169998,73.709999,2313800,72.198175
2014-03-06,74.00,74.379997,73.529999,73.589996,2398300,72.080633
2014-03-05,73.519997,74.239998,73.110001,73.75,2490800,72.237355
2014-03-04,72.93,73.82,72.769997,73.650002,1855700,72.139408
2014-03-03,72.300003,72.620003,71.599998,72.260002,1781500,70.777918
2014-02-28,71.559998,73.860001,71.550003,72.709999,2782400,71.218685
2014-02-27,71.169998,71.650002,71.059998,71.480003,1750300,70.013917
2014-02-26,71.07,71.889999,70.650002,71.419998,1910800,69.955143
2014-02-25,71.879997,72.349998,71.00,71.139999,1614200,69.680887
2014-02-24,70.389999,72.43,70.150002,71.800003,2877800,70.327354
2014-02-21,69.830002,70.669998,69.669998,70.43,2275900,68.98545
2014-02-20,69.209999,70.029999,69.099998,69.889999,2712000,68.456525
2014-02-19,69.050003,69.940002,69.00,69.080002,2287000,67.663141
2014-02-18,69.160004,69.849998,69.00,69.110001,2891400,67.692524
2014-02-14,66.00,69.25,65.82,69.190002,5115300,67.770885
2014-02-13,65.00,66.269997,64.68,65.75,3728200,64.401439
2014-02-12,66.029999,66.480003,65.089996,65.150002,3831800,63.813747
2014-02-11,65.589996,66.209999,65.279999,66.029999,3990800,64.675695
2014-02-10,66.610001,66.779999,65.589996,65.68,4276800,64.332875
2014-02-07,66.300003,67.019997,65.650002,66.760002,4825900,65.390725
2014-02-06,66.790001,68.419998,66.230003,67.919998,4376900,66.526929
2014-02-05,67.110001,68.739998,66.669998,68.269997,2494000,66.869749
2014-02-04,67.190002,67.489998,66.540001,67.260002,2080400,65.88047
2014-02-03,68.489998,68.489998,66.949997,67.059998,4433800,65.684568
2014-01-31,68.489998,68.830002,67.980003,68.330002,3349500,66.928524
2014-01-30,68.519997,69.599998,68.32,68.849998,2340800,67.437855
2014-01-29,68.459999,69.82,67.889999,68.059998,2489600,66.664057
2014-01-28,68.830002,69.639999,68.739998,68.93,1493100,67.516216
2014-01-27,68.800003,69.220001,68.300003,68.75,1904500,67.339908
2014-01-24,69.650002,69.860001,68.589996,68.93,2252700,67.516216
2014-01-23,70.120003,70.529999,69.269997,69.970001,2139500,68.534886
2014-01-22,70.660004,71.010002,69.989998,70.610001,1691600,69.161759
2014-01-21,70.489998,70.709999,69.709999,70.260002,2761500,68.818939
2014-01-17,70.379997,70.610001,69.559998,70.160004,2236200,68.720991
2014-01-16,71.129997,71.300003,69.849998,70.230003,3026600,68.789555
2014-01-15,71.599998,72.160004,71.209999,71.400002,2438600,69.935556
2014-01-14,70.860001,71.599998,70.470001,71.480003,2237100,70.013917
2014-01-13,71.209999,72.00,70.720001,71.040001,2277300,69.362556
2014-01-10,71.449997,72.059998,70.620003,71.349998,3438800,69.665234
2014-01-09,70.00,71.739998,69.949997,71.720001,4185200,70.0265
2014-01-08,68.599998,69.339996,68.32,69.139999,2453800,67.507419
2014-01-07,67.699997,68.580002,67.699997,68.440002,1869500,66.823951
2014-01-06,68.190002,68.339996,67.160004,67.519997,2055800,65.925669
2014-01-03,67.68,68.260002,67.669998,67.849998,810800,66.247878
2014-01-02,68.209999,68.599998,67.519997,67.559998,1418700,65.964725
2013-12-31,68.199997,68.860001,67.870003,68.589996,1565600,66.970403
2013-12-30,68.309998,68.50,67.639999,68.150002,1446800,66.540797
2013-12-27,68.25,68.489998,68.080002,68.360001,1113700,66.745838
2013-12-26,67.529999,68.360001,67.419998,68.309998,1434800,66.697016
2013-12-24,67.610001,67.669998,67.269997,67.370003,640300,65.779217
2013-12-23,67.25,67.68,67.190002,67.470001,1628000,65.876854
2013-12-20,66.779999,67.160004,66.389999,66.980003,2943500,65.398426
2013-12-19,66.709999,66.93,66.239998,66.629997,2509300,65.056685
2013-12-18,65.970001,67.110001,65.559998,67.07,3309200,65.486297
2013-12-17,65.610001,65.889999,65.080002,65.75,3031300,64.197466
2013-12-16,65.400002,65.629997,65.010002,65.610001,2933100,64.060773
2013-12-13,65.150002,66.00,64.720001,65.019997,2783700,63.4847
2013-12-12,66.00,66.790001,65.099998,65.139999,3302700,63.60187
2013-12-11,67.139999,67.339996,66.099998,66.300003,4339200,64.734482
2013-12-10,66.75,67.309998,66.739998,67.129997,3795200,65.544878
2013-12-09,66.25,66.900002,66.080002,66.82,2717700,65.242201
2013-12-06,65.459999,66.059998,65.370003,66.019997,2069300,64.461088
2013-12-05,66.309998,66.769997,64.720001,64.809998,4606000,63.27966
2013-12-04,67.400002,67.709999,66.18,66.290001,4939700,64.724716
2013-12-03,68.080002,68.339996,67.43,67.639999,2803200,66.042838
2013-12-02,68.970001,69.470001,68.309998,68.459999,2581100,66.843475
2013-11-29,69.00,69.459999,68.82,68.93,1073800,67.302378
2013-11-27,68.940002,69.160004,68.400002,68.870003,1982200,67.243798
2013-11-26,68.769997,69.160004,68.559998,68.57,2471100,66.950878
2013-11-25,68.199997,68.970001,68.190002,68.800003,3090000,67.175451
2013-11-22,66.82,67.82,66.50,67.769997,2333800,66.169766
2013-11-21,66.32,67.790001,66.32,66.779999,4075500,65.203144
2013-11-20,64.529999,66.220001,64.480003,65.940002,3118000,64.382982
2013-11-19,64.75,65.00,64.370003,64.540001,2827100,63.016039
2013-11-18,65.110001,65.330002,64.669998,64.75,2013500,63.221079
2013-11-15,64.720001,65.160004,64.25,65.080002,1826400,63.543289
2013-11-14,63.889999,65.120003,63.799999,64.989998,2695400,63.45541
2013-11-13,62.810001,63.889999,62.810001,63.880001,3535800,62.371623
2013-11-12,63.330002,63.560001,62.82,63.07,2013600,61.580748
2013-11-11,63.330002,63.98,63.27,63.650002,1542600,62.147055
2013-11-08,62.57,63.41,62.50,63.349998,1869500,61.854135
2013-11-07,63.68,64.00,62.52,62.560001,2755800,61.082792
2013-11-06,62.880001,63.779999,62.34,63.240002,2552800,61.746736
2013-11-05,63.119999,63.360001,62.610001,62.669998,4652100,61.190192
2013-11-04,62.650002,63.860001,62.57,63.59,2799400,62.08847
2013-11-01,62.709999,62.959999,62.150002,62.610001,2475700,61.131611
2013-10-31,62.130001,63.07,61.970001,62.700001,3645100,61.219486
2013-10-30,61.169998,62.950001,61.169998,62.119999,4453700,60.653179
2013-10-29,61.580002,61.700001,60.32,60.75,7963100,59.31553
2013-10-28,62.009998,62.099998,61.540001,61.779999,4438800,60.321208
2013-10-25,61.82,61.93,61.540001,61.82,1953000,60.360264
2013-10-24,62.330002,62.799999,61.389999,61.700001,3407600,60.243099
2013-10-23,63.52,63.66,62.150002,62.349998,3653400,60.877748
2013-10-22,63.52,63.950001,63.290001,63.790001,3514500,62.283748
2013-10-21,63.709999,63.93,63.119999,63.189999,2921500,61.697914
2013-10-18,64.220001,64.360001,61.66,63.43,6354000,61.932248
2013-10-17,64.639999,64.639999,63.900002,64.18,5263100,62.664539
2013-10-16,65.110001,65.870003,64.779999,65.650002,2119300,64.099829
2013-10-15,65.459999,65.629997,64.589996,64.860001,1697200,63.328482
2013-10-14,65.18,65.660004,64.739998,65.510002,1654800,63.963136
2013-10-11,65.900002,65.900002,65.169998,65.50,2421700,63.95337
2013-10-10,64.400002,66.019997,64.360001,65.709999,3568300,64.15841
2013-10-09,64.260002,64.57,63.779999,63.860001,2413600,62.352095
2013-10-08,65.139999,65.139999,64.269997,64.279999,1627400,62.762176
2013-10-07,65.879997,66.120003,65.279999,65.349998,2086900,63.61163
2013-10-04,64.330002,66.50,64.239998,66.440002,4246600,64.672639
2013-10-03,64.730003,64.889999,64.019997,64.230003,2140700,62.521428
2013-10-02,64.720001,65.00,64.279999,64.760002,1850900,63.037328
2013-10-01,64.199997,65.209999,64.040001,64.900002,2051900,63.173603
2013-09-30,63.900002,64.410004,63.52,64.019997,1860200,62.317007
2013-09-27,64.68,64.779999,63.959999,64.480003,1625000,62.764777
2013-09-26,64.760002,65.599998,64.50,64.779999,1155400,63.056793
2013-09-25,64.940002,65.080002,64.50,64.919998,2401300,63.193068
2013-09-24,64.169998,65.389999,64.050003,64.809998,3029200,63.085993
2013-09-23,64.650002,65.080002,63.400002,64.099998,3208700,62.394881
2013-09-20,64.93,65.720001,64.639999,64.730003,4672500,63.008127
2013-09-19,66.599998,67.400002,64.599998,64.839996,5500500,63.115194
2013-09-18,67.519997,67.57,66.00,66.599998,5621100,64.828379
2013-09-17,68.620003,68.860001,67.32,67.75,4496800,65.947789
2013-09-16,68.32,69.190002,68.220001,68.709999,2696400,66.882251
2013-09-13,66.620003,68.489998,66.379997,67.470001,4428000,65.675239
2013-09-12,65.839996,66.25,65.629997,65.699997,1469400,63.952318
2013-09-11,65.540001,65.809998,65.220001,65.760002,2066400,64.010727
2013-09-10,65.389999,65.449997,64.57,65.379997,2512100,63.640831
2013-09-09,65.010002,65.239998,64.470001,65.050003,2130200,63.319615
2013-09-06,65.349998,65.629997,64.220001,65.110001,2355000,63.378016
2013-09-05,64.209999,65.50,64.129997,65.260002,2486900,63.524028
2013-09-04,63.830002,64.529999,63.540001,64.309998,2212700,62.599294
2013-09-03,63.830002,64.349998,63.41,63.77,1807100,62.073661
2013-08-30,63.91,64.449997,63.220001,63.389999,1859900,61.703769
2013-08-29,62.630001,63.959999,62.459999,63.759998,1748900,62.063925
2013-08-28,62.880001,63.27,62.68,62.790001,2072600,61.119731
2013-08-27,63.400002,63.700001,63.009998,63.060001,2430100,61.382549
2013-08-26,64.709999,64.93,63.849998,63.860001,1811200,62.161267
2013-08-23,63.91,64.790001,63.720001,64.709999,2534500,62.988655
2013-08-22,62.990002,63.75,62.889999,63.700001,1949400,62.005524
2013-08-21,63.049999,63.380001,62.68,62.810001,2006100,61.139199
2013-08-20,62.09,63.41,62.02,63.049999,2333800,61.372813
2013-08-19,62.23,62.869999,62.099998,62.200001,1629200,60.545425
2013-08-16,61.73,62.66,61.57,62.150002,1600600,60.496756
2013-08-15,62.689999,63.25,61.93,61.959999,1739500,60.311808
2013-08-14,63.880001,63.98,63.130001,63.240002,1867800,61.557761
2013-08-13,63.400002,64.099998,62.990002,64.050003,2291900,62.346215
2013-08-12,63.450001,63.599998,63.16,63.439999,1293000,61.752438
2013-08-09,64.349998,64.50,63.66,63.869999,1395500,62.171
2013-08-08,63.389999,64.410004,63.169998,64.199997,2541300,62.492219
2013-08-07,63.950001,64.129997,63.049999,63.16,2063100,61.479887
2013-08-06,64.129997,64.239998,63.189999,64.050003,2210900,62.346215
2013-08-05,63.549999,64.50,63.380001,64.25,1424800,62.540892
2013-08-02,63.52,63.93,63.240002,63.560001,2045200,61.869248
2013-08-01,64.379997,64.779999,63.669998,63.73,2347300,62.034724
2013-07-31,62.98,64.839996,62.98,64.169998,3507700,62.463019
2013-07-30,63.580002,64.669998,62.139999,62.950001,6845700,61.275474
2013-07-29,64.519997,64.860001,63.32,63.400002,4616000,61.713505
2013-07-26,65.400002,65.540001,64.260002,64.699997,2386600,62.978919
2013-07-25,65.269997,65.860001,64.610001,65.580002,2161500,63.835515
2013-07-24,65.760002,66.00,64.739998,65.610001,2995700,63.864716
2013-07-23,65.510002,65.599998,65.150002,65.349998,1919800,63.61163
2013-07-22,64.489998,65.610001,64.32,65.040001,2686800,63.309879
2013-07-19,63.959999,64.699997,63.43,64.489998,2750100,62.774506
2013-07-18,62.259998,64.339996,62.259998,64.230003,4667300,62.521428
2013-07-17,62.77,62.900002,61.52,61.540001,3371100,59.902982
2013-07-16,63.509998,63.650002,62.119999,62.52,3333600,60.856912
2013-07-15,63.459999,63.669998,63.209999,63.52,2085200,61.830311
2013-07-12,64.230003,64.540001,62.950001,63.50,2990700,61.810843
2013-07-11,64.790001,65.169998,63.98,64.040001,3583300,62.336479
2013-07-10,63.439999,64.389999,63.34,64.050003,2867300,62.346215
2013-07-09,63.549999,63.93,63.23,63.290001,2141200,61.60643
2013-07-08,63.00,63.50,62.82,63.259998,2403400,61.382546
2013-07-05,62.610001,62.889999,61.950001,62.580002,1650800,60.722731
2013-07-03,62.099998,62.509998,61.59,62.130001,1826300,60.286085
2013-07-02,63.299999,63.330002,62.150002,62.43,3649300,60.577181
2013-07-01,64.18,64.220001,63.290001,63.349998,2285500,61.469875
2013-06-28,63.650002,64.129997,63.299999,63.540001,2761600,61.654239
2013-06-27,63.209999,63.82,63.080002,63.59,2518200,61.702754
2013-06-26,62.75,63.470001,62.029999,62.959999,3157000,61.091451
2013-06-25,62.59,62.900002,61.849998,62.16,2829600,60.315194
2013-06-24,61.50,62.790001,61.349998,62.16,5216700,60.315194
2013-06-21,61.299999,62.25,61.099998,61.790001,4112700,59.956176
2013-06-20,61.540001,61.91,60.68,60.82,2721100,59.014963
2013-06-19,62.709999,62.900002,61.82,61.82,2935300,59.985284
2013-06-18,61.48,62.740002,61.32,62.650002,2941800,60.790653
2013-06-17,61.029999,61.970001,60.860001,61.490002,2592600,59.66508
2013-06-14,61.509998,61.919998,60.349998,60.529999,3076900,58.733569
2013-06-13,61.299999,61.889999,60.75,61.59,2630100,59.762111
2013-06-12,62.00,62.240002,61.360001,61.369999,3081600,59.548639
2013-06-11,60.360001,62.060001,60.169998,61.779999,3767700,59.946471
2013-06-10,60.279999,61.110001,60.209999,60.970001,2197500,59.160513
2013-06-07,59.540001,60.290001,59.43,60.27,2418500,58.481287
2013-06-06,58.419998,59.369999,57.959999,59.369999,3287300,57.607996
2013-06-05,59.209999,59.43,57.720001,58.220001,2830600,56.492128
2013-06-04,59.630001,60.330002,58.900002,59.360001,2818200,57.598294
2013-06-03,60.459999,60.66,59.259998,59.68,3137900,57.908797
2013-05-31,62.23,62.23,60.34,60.380001,4054800,58.588023
2013-05-30,60.459999,62.759998,60.299999,62.450001,3850300,60.596588
2013-05-29,60.639999,60.950001,60.220001,60.290001,2175200,58.500693
2013-05-28,59.810001,61.209999,59.810001,60.889999,2754100,59.082885
2013-05-24,60.080002,60.189999,58.880001,59.310001,2374800,57.549779
2013-05-23,59.099998,60.560001,59.029999,60.389999,2139200,58.597724
2013-05-22,60.25,61.189999,59.310001,59.529999,2332300,57.763247
2013-05-21,59.349998,60.549999,59.259998,60.27,2506300,58.481287
2013-05-20,59.849998,59.93,58.970001,59.139999,2109800,57.384822
2013-05-17,59.560001,60.150002,59.509998,60.040001,2612100,58.258113
2013-05-16,59.619999,60.029999,59.52,59.529999,2296300,57.763247
2013-05-15,59.419998,60.259998,59.110001,59.830002,3232800,58.054346
2013-05-14,59.130001,59.68,59.130001,59.389999,2963500,57.627403
2013-05-13,59.110001,59.580002,59.00,59.25,3436500,57.491558
2013-05-10,59.43,59.709999,58.880001,59.099998,3443200,57.346008
2013-05-09,59.139999,59.509998,58.540001,59.490002,2331500,57.724437
2013-05-08,59.16,59.50,58.810001,59.349998,3359400,57.588589
2013-05-07,58.849998,59.080002,58.299999,59.07,3905200,57.3169
2013-05-06,58.919998,59.470001,58.52,58.689999,2972700,56.948177
2013-05-03,58.540001,59.09,58.290001,59.00,2401800,57.248978
2013-05-02,58.48,59.18,58.130001,58.349998,2824900,56.618267
2013-05-01,57.529999,59.380001,57.450001,58.25,3910000,56.521236
2013-04-30,57.099998,58.639999,56.57,57.439999,5665200,55.735275
2013-04-29,57.349998,57.540001,56.049999,56.16,3753100,54.493264
2013-04-26,56.830002,57.41,56.650002,57.009998,2118800,55.318036
2013-04-25,57.220001,57.389999,56.240002,56.880001,3731300,55.191897
2013-04-24,57.189999,57.360001,56.400002,56.990002,3488100,55.298633
2013-04-23,55.299999,55.810001,54.82,55.549999,2097900,53.901367
2013-04-22,55.880001,55.880001,54.880001,55.02,1933000,53.387098
2013-04-19,54.580002,55.959999,54.50,55.869999,2930600,54.21187
2013-04-18,54.009998,55.18,53.509998,54.18,4556000,52.572028
2013-04-17,56.330002,56.349998,54.610001,55.290001,3591900,53.649085
2013-04-16,55.889999,56.689999,55.139999,56.639999,3676000,54.959018
2013-04-15,56.540001,56.759998,55.23,55.259998,2357100,53.619973
2013-04-12,56.599998,56.93,56.459999,56.779999,2955300,55.094862
2013-04-11,56.139999,56.720001,55.82,56.700001,2561700,55.017239
2013-04-10,55.759998,56.470001,55.560001,56.09,2519500,54.425342
2013-04-09,54.509998,55.889999,54.369999,55.529999,3797800,53.88196
2013-04-08,53.959999,54.59,53.360001,54.490002,2294600,52.678766
2013-04-05,54.27,54.470001,53.630001,54.00,2291400,52.205052
2013-04-04,54.450001,55.080002,54.25,54.599998,3142500,52.785106
2013-04-03,54.34,55.619999,53.93,54.43,5519900,52.620759
2013-04-02,55.02,55.369999,54.060001,54.299999,9969100,52.495079
2013-04-01,51.029999,54.049999,50.400002,52.380001,5603600,50.638901
2013-03-28,50.889999,51.189999,50.48,51.130001,2108000,49.430451
2013-03-27,50.450001,50.919998,50.389999,50.869999,1884100,49.179091
2013-03-26,50.290001,51.150002,50.16,50.599998,2540500,48.918066
2013-03-25,50.040001,50.560001,49.900002,50.049999,2826400,48.386348
2013-03-22,50.389999,50.470001,49.779999,49.91,2082600,48.251002
2013-03-21,49.77,50.389999,49.68,50.240002,3526100,48.570035
2013-03-20,50.77,50.830002,49.98,50.029999,2581300,48.367013
2013-03-19,50.75,50.91,50.380001,50.52,2877900,48.840727
2013-03-18,50.52,50.970001,50.240002,50.57,3063800,48.889064
2013-03-15,51.009998,51.279999,50.82,50.869999,4399100,49.179091
2013-03-14,51.599998,51.73,50.91,51.23,2723000,49.527126
2013-03-13,51.18,51.459999,50.790001,51.459999,2661600,49.74948
2013-03-12,49.810001,51.240002,49.599998,51.240002,3873800,49.536795
2013-03-11,50.290001,50.41,49.48,49.900002,4163000,48.241336
2013-03-08,49.709999,50.689999,49.66,50.52,3382600,48.840727
2013-03-07,48.889999,49.709999,48.889999,49.59,3162800,47.941639
2013-03-06,48.150002,49.040001,48.110001,49.029999,3865200,47.400252
2013-03-05,47.240002,47.950001,47.220001,47.849998,1998900,46.259475
2013-03-04,47.240002,47.619999,46.860001,47.139999,3312300,45.573076
2013-03-01,47.02,47.59,46.529999,47.50,2388200,45.92111
2013-02-28,47.52,47.59,46.91,47.189999,3415100,45.621413
2013-02-27,46.540001,47.73,46.459999,47.529999,3040700,45.950112
2013-02-26,46.830002,46.939999,46.040001,46.560001,3791200,45.012357
2013-02-25,47.740002,48.139999,46.650002,46.700001,4788700,45.147703
2013-02-22,47.869999,48.110001,47.369999,47.580002,2698400,45.998453
2013-02-21,48.259998,48.59,47.360001,47.759998,3346100,46.172466
2013-02-20,48.75,48.82,48.040001,48.240002,3187100,46.636515
2013-02-19,47.57,48.860001,46.900002,48.709999,6719200,47.090889
2013-02-15,49.57,49.84,49.139999,49.200001,2746700,47.564603
2013-02-14,49.330002,49.98,48.990002,49.560001,2194900,47.912638
2013-02-13,50.259998,50.419998,49.400002,49.509998,3603600,47.864297
2013-02-12,50.959999,51.099998,49.990002,50.150002,3122400,48.483026
2013-02-11,50.52,50.650002,49.93,50.380001,4020700,48.705381
2013-02-08,49.830002,50.950001,49.490002,50.599998,3843900,48.918066
2013-02-07,49.639999,49.77,49.009998,49.66,2128200,48.009312
2013-02-06,49.279999,49.860001,49.130001,49.650002,2775300,47.999646
2013-02-05,48.720001,49.669998,48.650002,49.549999,2526000,47.902968
2013-02-04,48.220001,48.950001,48.099998,48.549999,2576900,46.936208
2013-02-01,48.740002,48.740002,47.869999,48.48,3071600,46.868535
2013-01-31,47.439999,48.75,46.529999,48.23,5790700,46.626845
2013-01-30,49.650002,49.709999,48.889999,48.950001,4080400,47.322913
2013-01-29,49.389999,49.869999,49.279999,49.709999,3088900,48.05765
2013-01-28,49.939999,50.360001,49.369999,49.369999,3416000,47.728951
2013-01-25,49.700001,49.810001,49.220001,49.759998,3860200,48.105987
2013-01-24,48.650002,49.849998,48.580002,49.720001,3779100,48.067319
2013-01-23,48.220001,48.650002,47.82,48.610001,2548300,46.994215
2013-01-22,46.98,48.450001,46.919998,48.34,3753700,46.733189
2013-01-18,47.09,47.139999,46.720001,46.93,3113400,45.370057
2013-01-17,45.970001,47.200001,45.790001,47.189999,3455900,45.621413
2013-01-16,46.009998,46.040001,45.43,45.700001,2057700,44.180943
2013-01-15,45.450001,46.09,45.290001,46.049999,2211600,44.519307
2013-01-14,45.639999,45.860001,45.119999,45.779999,2068400,44.258282
2013-01-11,45.799999,45.849998,45.279999,45.529999,1842400,44.016592
2013-01-10,45.09,45.759998,44.900002,45.759998,2016000,44.238946
2013-01-09,44.540001,45.41,44.540001,44.98,2339200,43.484874
2013-01-08,45.959999,46.290001,44.380001,44.380001,4503700,42.90482
2013-01-07,45.34,46.18,45.200001,46.16,2437900,44.432298
2013-01-04,45.41,45.59,44.959999,45.48,4106000,43.777749
2013-01-03,46.150002,46.23,45.200001,45.27,5054200,43.57561
2013-01-02,47.049999,47.049999,45.779999,46.25,3920000,44.518929
2012-12-31,45.490002,46.369999,45.200001,46.310001,2572800,44.576685
2012-12-28,46.029999,46.360001,45.529999,45.560001,1593800,43.854756
2012-12-27,46.599998,46.779999,45.740002,46.240002,2150400,44.509305
2012-12-26,46.50,46.990002,46.330002,46.52,2520600,44.778824
2012-12-24,46.68,46.830002,46.34,46.50,937500,44.759572
2012-12-21,46.549999,46.93,46.220001,46.630001,4551400,44.884707
2012-12-20,46.00,47.060001,45.889999,46.990002,3841200,45.231234
2012-12-19,46.470001,46.50,45.610001,46.00,3377100,44.278286
2012-12-18,46.25,46.610001,46.080002,46.52,3634000,44.778824
2012-12-17,45.650002,46.279999,45.50,46.18,2501500,44.451549
2012-12-14,45.740002,45.990002,45.34,45.57,4148900,43.86438
2012-12-13,45.82,46.57,45.639999,45.970001,4126400,44.24941
2012-12-12,45.07,46.709999,44.799999,45.91,8455300,44.191655
2012-12-11,44.68,44.700001,44.099998,44.48,5544000,42.815177
2012-12-10,44.50,44.849998,44.130001,44.68,4334700,43.007692
2012-12-07,44.060001,44.73,44.040001,44.709999,4097400,43.036568
2012-12-06,43.540001,43.630001,43.110001,43.43,2452500,41.804478
2012-12-05,43.369999,43.849998,42.950001,43.549999,3354500,41.919986
2012-12-04,43.360001,43.950001,43.32,43.360001,3736400,41.737098
2012-12-03,43.470001,43.77,43.279999,43.400002,3386400,41.775602
2012-11-30,42.779999,43.41,42.66,43.189999,5197700,41.573459
2012-11-29,42.470001,42.970001,42.43,42.740002,4299100,41.140305
2012-11-28,42.240002,42.669998,42.119999,42.32,3662000,40.736023
2012-11-27,42.689999,43.240002,42.529999,42.66,5108900,41.063298
2012-11-26,42.790001,42.91,42.290001,42.779999,3737200,41.178805
2012-11-23,42.18,43.02,42.02,42.990002,1661100,41.380948
2012-11-21,41.810001,42.470001,41.52,42.16,2707600,40.582012
2012-11-20,41.740002,41.990002,41.419998,41.849998,3069700,40.283613
2012-11-19,41.02,41.73,40.98,41.709999,2676800,40.148854
2012-11-16,40.790001,40.98,40.32,40.700001,2783800,39.176658
2012-11-15,40.799999,41.200001,40.57,40.779999,3234700,39.253662
2012-11-14,41.509998,41.66,40.560001,40.790001,5480400,39.26329
2012-11-13,41.759998,42.360001,41.48,41.48,2898700,39.927463
2012-11-12,42.200001,42.32,41.889999,41.91,2364400,40.341369
2012-11-09,42.32,43.040001,42.029999,42.119999,4418700,40.543508
2012-11-08,42.799999,43.689999,42.240002,42.330002,5073100,40.745651
2012-11-07,43.07,43.50,42.34,42.689999,9739700,41.092174
2012-11-06,44.349998,44.59,43.57,44.560001,4374200,42.892185
2012-11-05,44.07,44.380001,43.360001,44.290001,5380000,42.63229
2012-11-02,44.509998,44.619999,43.669998,44.00,7351400,42.353143
2012-11-01,43.610001,44.549999,43.610001,44.490002,7034300,42.824805
2012-10-31,44.259998,44.540001,43.209999,43.689999,5285300,42.054745
2012-10-26,44.200001,44.50,43.880001,44.099998,3154100,42.449399
2012-10-25,44.970001,45.00,44.139999,44.43,5020600,42.767049
2012-10-24,43.91,44.279999,43.66,43.950001,4852700,42.305016
2012-10-23,43.830002,43.990002,43.259998,43.66,4637900,42.025869
2012-10-22,43.50,44.279999,43.389999,44.259998,3726800,42.60341
2012-10-19,44.060001,44.16,43.369999,43.540001,3718700,41.910361
2012-10-18,43.32,44.490002,43.150002,44.299999,5207100,42.641914
2012-10-17,44.189999,44.25,43.169998,43.529999,4952200,41.900734
2012-10-16,43.599998,44.23,43.299999,43.93,5458800,42.285764
2012-10-15,43.32,43.959999,43.27,43.919998,6088400,42.276136
2012-10-12,43.419998,43.970001,43.040001,43.25,5850400,41.631215
2012-10-11,42.220001,43.380001,42.139999,43.290001,7257200,41.669719
2012-10-10,42.110001,42.290001,41.830002,41.889999,5026700,40.322117
2012-10-09,41.919998,42.400002,41.84,42.200001,6775700,40.620516
2012-10-08,41.77,42.34,41.400002,42.080002,4853000,40.33656
2012-10-05,42.169998,42.189999,41.52,41.66,3856200,39.933959
2012-10-04,41.59,42.689999,41.580002,42.09,7327800,40.346144
2012-10-03,40.779999,41.529999,40.779999,41.400002,5954500,39.684733
2012-10-02,39.959999,40.709999,39.880001,40.700001,4668500,39.013734
2012-10-01,39.82,40.00,39.50,39.810001,3397500,38.160609
2012-09-28,39.52,39.75,39.330002,39.599998,4008100,37.959307
2012-09-27,39.41,39.759998,39.130001,39.720001,3695900,38.074338
2012-09-26,39.700001,40.099998,39.060001,39.299999,4654400,37.671737
2012-09-25,40.299999,40.939999,39.75,39.900002,8516900,38.24688
2012-09-24,39.57,40.549999,39.330002,40.290001,5603900,38.620721
2012-09-21,39.470001,39.720001,39.139999,39.599998,4851100,37.959307
2012-09-20,39.43,39.52,38.889999,39.41,2700700,37.77718
2012-09-19,39.450001,39.52,39.240002,39.43,4872600,37.796352
2012-09-18,39.02,39.48,38.959999,39.470001,4198400,37.834696
2012-09-17,38.970001,39.200001,38.43,39.130001,4526100,37.508782
2012-09-14,38.119999,39.040001,38.060001,39.040001,5884200,37.422511
2012-09-13,37.27,38.299999,37.099998,38.169998,6864900,36.588554
2012-09-12,37.779999,38.23,37.279999,37.349998,4165800,35.802528
2012-09-11,38.23,38.490002,37.84,37.889999,4657600,36.320156
2012-09-10,38.669998,39.029999,38.200001,38.200001,3945500,36.617313
2012-09-07,38.450001,39.25,38.439999,39.00,3608800,37.384167
2012-09-06,38.259998,38.66,38.240002,38.369999,3365000,36.780268
2012-09-05,38.32,38.509998,38.080002,38.169998,3566500,36.588554
2012-09-04,38.419998,38.720001,38.040001,38.150002,3643400,36.569386
2012-08-31,38.939999,39.07,38.380001,38.41,3024100,36.818612
2012-08-30,38.860001,39.060001,38.73,38.799999,3197200,37.192453
2012-08-29,38.66,39.360001,38.650002,39.119999,2935900,37.499195
2012-08-28,38.810001,39.029999,38.509998,38.529999,2574100,36.933639
2012-08-27,38.740002,39.189999,38.619999,39.00,2875200,37.384167
2012-08-24,39.23,39.389999,38.66,38.720001,4418200,37.115769
2012-08-23,39.549999,39.720001,39.25,39.299999,3199800,37.671737
2012-08-22,39.82,39.869999,39.400002,39.57,4052200,37.930551
2012-08-21,39.869999,40.470001,39.709999,39.900002,6390200,38.24688
2012-08-20,39.700001,40.240002,39.00,40.18,15124900,38.515278
2012-08-17,38.240002,38.290001,37.77,38.040001,2253600,36.463943
2012-08-16,37.560001,38.169998,37.419998,38.169998,2902300,36.588554
2012-08-15,37.060001,37.84,37.00,37.650002,2155500,36.090102
2012-08-14,37.549999,37.689999,36.880001,36.970001,2209100,35.438275
2012-08-13,37.59,37.700001,37.290001,37.48,1982400,35.927143
2012-08-10,37.369999,37.75,37.259998,37.73,2258200,36.166785
2012-08-09,37.450001,37.73,37.200001,37.529999,2864200,35.975071
2012-08-08,37.130001,37.849998,37.040001,37.599998,3718200,36.04217
2012-08-07,36.759998,37.349998,36.709999,37.200001,5798000,35.658745
2012-08-06,36.830002,37.00,36.549999,36.580002,2293400,35.064434
2012-08-03,36.490002,37.07,36.43,36.700001,3281800,35.179461
2012-08-02,36.200001,36.57,35.779999,36.330002,4691900,34.824792
2012-08-01,36.259998,37.00,36.099998,36.509998,3795600,34.99733
2012-07-31,38.040001,38.380001,36.040001,36.060001,7907500,34.565978
2012-07-30,36.709999,37.290001,36.689999,37.139999,3539500,35.60123
2012-07-27,35.57,36.82,35.48,36.669998,4065700,35.150701
2012-07-26,35.799999,36.00,34.98,35.299999,4728500,33.837464
2012-07-25,35.189999,35.77,34.580002,35.32,8002600,33.856635
2012-07-24,37.130001,37.470001,36.720001,37.07,2740700,35.53413
2012-07-23,37.450001,37.549999,36.720001,37.240002,2631400,35.697089
2012-07-20,38.009998,38.32,37.509998,37.66,3270400,36.099686
2012-07-19,39.830002,40.220001,38.040001,38.16,5057300,36.57897
2012-07-18,38.549999,39.23,38.299999,39.00,3060000,37.384167
2012-07-17,38.130001,38.799999,38.009998,38.66,3895300,37.058254
2012-07-16,38.009998,38.209999,37.759998,38.029999,2821000,36.454355
2012-07-13,37.549999,38.25,37.549999,38.16,3212600,36.57897
2012-07-12,37.549999,37.790001,37.34,37.549999,3166100,35.994242
2012-07-11,37.650002,37.900002,37.50,37.759998,3281600,36.195541
2012-07-10,37.959999,38.060001,37.52,37.689999,2785200,36.128441
2012-07-09,38.310001,38.810001,37.740002,38.040001,5033700,36.296192
2012-07-06,37.540001,37.740002,37.330002,37.630001,3002900,35.904987
2012-07-05,38.130001,38.419998,37.599998,37.860001,3698100,36.124443
2012-07-03,38.509998,38.66,37.939999,38.150002,2679600,36.40115
2012-07-02,39.02,39.41,38.459999,38.57,3886000,36.801895
2012-06-29,40.630001,40.650002,38.52,38.77,8105400,36.992727
2012-06-28,40.73,41.84,38.849998,39.849998,16653000,38.023217
2012-06-27,40.389999,41.41,40.080002,40.959999,3775700,39.082333
2012-06-26,40.650002,40.970001,40.099998,40.68,2399700,38.81517
2012-06-25,41.360001,41.68,40.549999,40.689999,3919200,38.82471
2012-06-22,40.98,41.919998,40.810001,41.689999,6515600,39.778868
2012-06-21,41.130001,41.32,40.619999,40.759998,5036100,38.891501
2012-06-20,41.220001,41.57,40.810001,40.990002,8123700,39.11096
2012-06-19,41.509998,41.59,40.889999,40.900002,6720900,39.025086
2012-06-18,40.91,41.41,40.869999,41.110001,6633000,39.225458
2012-06-15,41.57,41.950001,40.98,40.990002,7241100,39.11096
2012-06-14,41.889999,41.889999,41.310001,41.50,6159600,39.59758
2012-06-13,42.599998,43.150002,41.560001,41.59,6770800,39.683454
2012-06-12,42.970001,43.029999,42.400002,42.880001,3190400,40.914319
2012-06-11,43.299999,43.450001,42.619999,42.75,4147200,40.790278
2012-06-08,41.77,43.330002,41.720001,43.240002,3920600,41.257817
2012-06-07,42.369999,42.639999,41.950001,42.00,5026900,40.074659
2012-06-06,41.830002,42.75,41.779999,42.43,4845100,40.484947
2012-06-05,40.57,41.860001,40.389999,41.75,4796500,39.836119
2012-06-04,40.50,40.759998,40.189999,40.50,3216200,38.643421
2012-06-01,40.389999,40.91,40.34,40.490002,4381400,38.633881
2012-05-31,41.27,41.560001,40.50,40.889999,4947400,39.015542
2012-05-30,41.470001,41.860001,41.25,41.360001,3062200,39.463998
2012-05-29,41.419998,41.900002,41.220001,41.810001,3042200,39.89337
2012-05-25,41.00,41.720001,41.00,41.200001,2843300,39.311333
2012-05-24,40.740002,42.169998,40.450001,41.130001,5878600,39.244542
2012-05-23,40.09,40.560001,39.860001,40.34,3216900,38.490756
2012-05-22,40.77,41.18,40.080002,40.259998,4066400,38.414421
2012-05-21,39.32,40.91,39.310001,40.779999,4517200,38.910584
2012-05-18,39.68,40.110001,39.07,39.23,4439500,37.431639
2012-05-17,40.150002,40.529999,39.619999,39.619999,6217700,37.803761
2012-05-16,40.169998,41.099998,40.09,40.209999,5564400,38.366714
2012-05-15,41.349998,41.490002,40.740002,40.830002,4586800,38.958295
2012-05-14,41.040001,42.16,40.73,41.529999,4512100,39.626203
2012-05-11,41.779999,42.080002,41.150002,41.240002,4391100,39.3495
2012-05-10,42.32,42.459999,41.799999,41.84,3360600,39.921994
2012-05-09,41.77,42.75,41.669998,42.080002,6097100,40.150993
2012-05-08,42.630001,43.16,42.25,43.049999,5117000,41.076525
2012-05-07,43.16,43.330002,42.57,42.98,4713700,41.009734
2012-05-04,43.91,43.939999,43.00,43.139999,3800800,41.162399
2012-05-03,44.82,44.82,43.139999,44.009998,6630800,41.992516
2012-05-02,44.240002,45.099998,44.240002,44.93,5361300,42.870344
2012-05-01,44.060001,44.950001,43.939999,44.450001,5722000,42.412348
2012-04-30,43.169998,44.209999,43.00,44.040001,8277500,42.021143
2012-04-27,45.490002,45.52,43.459999,43.52,10527700,41.52498
2012-04-26,44.389999,45.700001,43.349998,45.310001,17611400,43.232925
2012-04-25,49.48,50.259998,49.18,49.360001,2953000,47.097266
2012-04-24,48.84,49.099998,48.50,49.040001,2111400,46.791936
2012-04-23,49.00,49.009998,48.52,48.93,1832900,46.686978
2012-04-20,49.209999,49.599998,48.810001,49.209999,2239600,46.954141
2012-04-19,48.049999,49.630001,47.790001,49.07,4452300,46.820559
2012-04-18,47.50,48.25,47.48,47.91,3243800,45.713736
2012-04-17,47.610001,47.970001,47.279999,47.77,2092200,45.580154
2012-04-16,47.869999,47.900002,47.07,47.23,2473300,45.064908
2012-04-13,47.990002,48.290001,47.799999,47.82,1851800,45.627861
2012-04-12,47.849998,48.34,47.650002,48.189999,2115500,45.980899
2012-04-11,48.41,48.450001,47.630001,47.689999,2785400,45.50382
2012-04-10,48.509998,48.720001,47.470001,47.669998,2551600,45.484736
2012-04-09,48.860001,49.080002,48.630001,48.77,2749200,46.367336
2012-04-05,49.380001,49.650002,49.16,49.619999,2016000,47.175459
2012-04-04,49.66,49.740002,49.220001,49.639999,2847600,47.194475
2012-04-03,50.209999,50.439999,49.529999,49.93,3102600,47.470189
2012-04-02,50.220001,50.470001,49.950001,50.23,4367700,47.755408
2012-03-30,49.599998,51.139999,49.50,50.16,8014500,47.688857
2012-03-29,46.259998,49.900002,46.23,49.560001,12687000,47.118418
2012-03-28,47.119999,47.580002,46.150002,46.52,4745100,44.228183
2012-03-27,47.09,47.25,46.07,47.00,4522600,44.684535
2012-03-26,45.759998,47.099998,45.740002,47.00,3761600,44.684535
2012-03-23,45.799999,46.169998,45.349998,45.599998,5106400,43.353505
2012-03-22,46.240002,46.610001,46.16,46.50,3429300,44.209168
2012-03-21,46.310001,46.73,46.029999,46.52,3981600,44.228183
2012-03-20,46.459999,46.68,45.869999,46.299999,2714800,44.01902
2012-03-19,46.490002,46.970001,46.419998,46.73,2131200,44.427836
2012-03-16,46.139999,46.580002,45.950001,46.50,5898500,44.209168
2012-03-15,45.869999,46.060001,45.779999,45.959999,3210900,43.69577
2012-03-14,45.700001,46.009998,45.580002,45.700001,5667500,43.448581
2012-03-13,46.189999,46.380001,45.470001,45.860001,4328100,43.600698
2012-03-12,46.830002,46.830002,45.939999,46.00,2527200,43.733801
2012-03-09,46.32,47.119999,46.290001,46.860001,2696300,44.551433
2012-03-08,46.099998,46.59,45.970001,46.310001,2316900,44.02853
2012-03-07,45.68,46.200001,45.610001,45.720001,2026300,43.467596
2012-03-06,46.48,46.93,45.330002,45.650002,3235900,43.401045
2012-03-05,46.27,47.00,46.23,46.790001,2571800,44.484882
2012-03-02,47.110001,47.240002,46.43,46.580002,2648300,44.285228
2012-03-01,46.75,47.240002,46.349998,47.220001,2596200,44.893698
2012-02-29,46.740002,47.049999,46.380001,46.759998,4145600,44.456357
2012-02-28,46.709999,46.880001,46.459999,46.639999,2565900,44.34227
2012-02-27,46.540001,47.25,46.380001,46.740002,3687000,44.437346
2012-02-24,46.68,47.080002,46.68,46.889999,3066500,44.579954
2012-02-23,47.18,47.419998,46.639999,46.689999,2981300,44.389806
2012-02-22,46.970001,47.32,46.73,47.139999,3149700,44.817638
2012-02-21,47.27,47.50,46.669998,46.869999,3661300,44.560939
2012-02-17,47.459999,47.599998,47.07,47.080002,3318600,44.760596
2012-02-16,47.169998,47.34,46.950001,47.169998,2951900,44.846158
2012-02-15,47.50,47.709999,47.09,47.18,4112400,44.855668
2012-02-14,46.259998,47.279999,46.07,47.27,5976100,44.941234
2012-02-13,45.98,46.50,45.880001,46.259998,3281200,43.98099
2012-02-10,45.259998,45.950001,45.00,45.700001,3761000,43.448581
2012-02-09,45.139999,45.93,45.139999,45.799999,4271100,43.543653
2012-02-08,44.439999,45.299999,44.400002,45.139999,4255500,42.916168
2012-02-07,43.75,44.799999,43.610001,44.709999,3798300,42.507352
2012-02-06,44.099998,44.119999,43.279999,43.740002,4845100,41.585141
2012-02-03,44.75,44.75,43.400002,44.110001,5902600,41.936912
2012-02-02,45.34,45.610001,44.599998,44.790001,3304300,42.583412
2012-02-01,42.91,45.75,42.27,45.07,6347100,42.849617
2012-01-31,44.080002,45.00,43.529999,43.700001,4688800,41.547111
2012-01-30,43.18,44.09,42.849998,44.02,5152500,41.851346
2012-01-27,42.25,43.599998,42.25,43.43,4092400,41.290412
2012-01-26,42.849998,42.849998,41.950001,42.610001,4022600,40.51081
2012-01-25,41.98,42.91,41.049999,42.630001,6321100,40.529825
2012-01-24,43.459999,43.619999,42.540001,42.77,4391500,40.662928
2012-01-23,43.779999,44.209999,43.400002,43.580002,2324500,41.433024
2012-01-20,44.139999,44.360001,43.48,43.740002,3183200,41.585141
2012-01-19,44.060001,44.48,43.68,44.130001,4371400,41.955927
2012-01-18,44.52,44.970001,44.07,44.91,2596000,42.697499
2012-01-17,44.240002,44.860001,44.080002,44.57,3016300,42.374249
2012-01-13,43.669998,43.759998,43.299999,43.700001,2065800,41.547111
2012-01-12,44.23,44.279999,43.439999,43.93,2412500,41.76578
2012-01-11,44.049999,44.380001,43.799999,44.189999,1934000,42.012969
2012-01-10,44.470001,44.689999,44.099998,44.32,3210400,41.970188
2012-01-09,44.209999,44.450001,43.700001,44.139999,3052800,41.799731
2012-01-06,43.560001,44.740002,43.509998,44.07,3458200,41.733442
2012-01-05,43.00,43.82,42.82,43.630001,3063900,41.316772
2012-01-04,42.299999,43.23,42.27,43.200001,5584700,40.90957
2012-01-03,42.849998,42.990002,42.23,42.400002,4149900,40.151986
2011-12-30,43.09,43.110001,42.110001,42.189999,2893600,39.953118
2011-12-29,42.759998,43.419998,42.75,43.02,1708300,40.739113
2011-12-28,43.740002,43.790001,42.630001,42.73,2526200,40.464488
2011-12-27,43.380001,43.889999,43.349998,43.73,2492900,41.411469
2011-12-23,42.50,43.549999,42.48,43.400002,3268300,41.098967
2011-12-22,42.099998,42.50,42.099998,42.43,2963300,40.180395
2011-12-21,41.810001,42.119999,41.119999,42.060001,4111300,39.830013
2011-12-20,40.919998,41.799999,40.720001,41.650002,5147200,39.441751
2011-12-19,40.470001,40.869999,40.040001,40.16,2940200,38.030748
2011-12-16,40.689999,41.00,40.200001,40.389999,4864200,38.248553
2011-12-15,40.470001,40.619999,39.34,40.049999,5326000,37.926579
2011-12-14,39.689999,40.130001,39.27,39.279999,3914700,37.197404
2011-12-13,40.299999,40.720001,39.50,39.610001,2823900,37.509909
2011-12-12,40.59,40.82,39.810001,40.02,2485600,37.898171
2011-12-09,40.41,41.02,40.330002,40.91,2576700,38.740983
2011-12-08,41.50,41.560001,40.119999,40.25,2973400,38.115976
2011-12-07,41.299999,41.970001,40.77,41.709999,4464600,39.498567
2011-12-06,40.869999,41.630001,40.84,41.349998,3181600,39.157654
2011-12-05,41.610001,41.799999,40.720001,40.849998,3514400,38.684163
2011-12-02,42.00,42.00,40.77,41.009998,3294200,38.83568
2011-12-01,41.75,42.169998,41.540001,41.68,2898700,39.470159
2011-11-30,41.02,41.84,40.349998,41.82,5129400,39.602736
2011-11-29,39.32,40.040001,39.299999,39.93,3772700,37.812943
2011-11-28,38.450001,39.23,38.389999,39.07,2921100,36.998539
2011-11-25,38.00,38.560001,37.869999,37.889999,1299400,35.881101
2011-11-23,38.830002,38.849998,37.98,38.139999,3244200,36.117846
2011-11-22,39.34,39.639999,38.82,39.16,3272000,37.083767
2011-11-21,38.959999,39.689999,38.860001,39.439999,3660200,37.34892
2011-11-18,39.860001,39.91,39.380001,39.689999,3134300,37.585666
2011-11-17,39.619999,39.919998,39.209999,39.459999,4027300,37.36786
2011-11-16,41.09,41.09,39.68,39.73,4525800,37.623546
2011-11-15,41.50,41.709999,40.900002,41.580002,3505400,39.375462
2011-11-14,41.049999,42.040001,41.049999,41.68,3542000,39.470159
2011-11-11,40.529999,41.599998,40.490002,41.360001,3543000,39.167125
2011-11-10,39.889999,40.330002,39.400002,40.23,2986600,38.097036
2011-11-09,39.830002,39.880001,39.220001,39.450001,3778000,37.358392
2011-11-08,40.16,40.689999,39.59,40.560001,3083600,38.409542
2011-11-07,39.860001,40.07,39.200001,40.040001,2662100,37.917111
2011-11-04,39.310001,39.720001,38.919998,39.650002,3090900,37.547789
2011-11-03,40.060001,40.110001,39.18,39.599998,4363100,37.500437
2011-11-02,40.049999,40.099998,39.459999,39.630001,3599600,37.528849
2011-11-01,38.57,39.759998,38.57,39.330002,5070800,37.244756
2011-10-31,40.720001,40.939999,39.740002,39.759998,6263700,37.651954
2011-10-28,40.759998,40.849998,40.16,40.630001,4705600,38.47583
2011-10-27,40.27,41.07,39.389999,40.830002,5618900,38.665227
2011-10-26,38.880001,39.509998,38.41,38.900002,4070900,36.837554
2011-10-25,38.52,39.200001,38.110001,38.310001,3237800,36.278835
2011-10-24,38.50,39.09,38.049999,38.619999,4635400,36.572396
2011-10-21,37.84,38.200001,37.549999,38.119999,3403200,36.098906
2011-10-20,37.00,37.43,36.400002,37.34,3527300,35.360262
2011-10-19,37.139999,38.110001,36.700001,36.869999,3962000,34.91518
2011-10-18,36.740002,37.439999,35.240002,37.099998,8076300,35.132985
2011-10-17,37.490002,37.91,37.380001,37.490002,3961000,35.502311
2011-10-14,37.50,37.880001,37.400002,37.860001,3981400,35.852693
2011-10-13,37.34,37.52,36.650002,37.009998,3915000,35.047757
2011-10-12,37.00,37.91,36.900002,37.470001,4135000,35.483371
2011-10-11,36.369999,36.790001,36.240002,36.580002,2271000,34.640558
2011-10-10,36.200001,36.849998,35.82,36.84,3757900,34.744723
2011-10-07,35.790001,35.849998,34.650002,35.470001,7455800,33.452643
2011-10-06,35.200001,35.549999,34.950001,35.50,5708600,33.480936
2011-10-05,35.630001,35.790001,34.860001,35.259998,5716300,33.254584
2011-10-04,33.950001,35.639999,33.43,35.57,7400000,33.546954
2011-10-03,36.080002,36.380001,34.310001,34.330002,6776200,32.377481
2011-09-30,36.77,37.25,36.23,36.34,5073100,34.273161
2011-09-29,38.220001,38.349998,36.330002,37.220001,6660000,35.103112
2011-09-28,39.16,39.27,37.529999,37.599998,5080800,35.461497
2011-09-27,40.110001,40.220001,38.939999,39.130001,6358700,36.90448
2011-09-26,39.139999,39.48,38.23,39.450001,4863500,37.20628
2011-09-23,37.720001,38.84,37.360001,38.650002,5860600,36.451781
2011-09-22,37.599998,38.439999,37.299999,37.900002,6420300,35.744437
2011-09-21,40.310001,40.57,38.790001,38.82,4843000,36.61211
2011-09-20,41.220001,41.849998,40.16,40.509998,5779900,38.20599
2011-09-19,40.639999,41.34,40.50,41.099998,3360400,38.762434
2011-09-16,41.540001,41.799999,40.830002,41.529999,4988900,39.167978
2011-09-15,40.709999,41.43,39.98,41.279999,5047000,38.932197
2011-09-14,40.560001,40.889999,39.540001,40.259998,8535300,37.970209
2011-09-13,39.259998,40.689999,39.09,40.529999,8471800,38.224853
2011-09-12,37.490002,38.790001,37.369999,38.439999,4641500,36.253722
2011-09-09,38.759998,39.02,37.77,38.00,5242400,35.838748
2011-09-08,39.549999,40.450001,39.130001,39.189999,4632500,36.961065
2011-09-07,39.110001,40.25,38.950001,39.950001,4211300,37.677842
2011-09-06,37.48,38.619999,37.299999,38.50,4461600,36.310311
2011-09-02,39.040001,39.779999,38.790001,38.889999,3429800,36.678129
2011-09-01,40.220001,41.009998,39.700001,39.880001,3896700,37.611824
2011-08-31,40.25,41.110001,39.75,40.029999,6503900,37.753291
2011-08-30,39.00,40.169998,38.900002,39.939999,4542300,37.668409
2011-08-29,38.68,39.32,38.419998,39.16,3024900,36.932773
2011-08-26,37.310001,38.41,36.27,38.23,3578300,36.055666
2011-08-25,38.099998,38.490002,37.18,37.389999,4225700,35.263441
2011-08-24,36.950001,38.00,36.57,37.91,4750000,35.753867
2011-08-23,35.630001,37.25,35.099998,37.060001,7047600,34.952212
2011-08-22,36.259998,36.310001,35.099998,35.23,4295900,33.226292
2011-08-19,35.830002,36.810001,35.240002,35.48,5552900,33.462073
2011-08-18,36.669998,37.07,36.029999,36.439999,5763000,34.367472
2011-08-17,38.110001,38.619999,37.400002,37.869999,2968200,35.716141
2011-08-16,37.93,38.189999,37.360001,37.830002,3382800,35.678419
2011-08-15,37.459999,38.349998,37.439999,38.349998,3895300,36.16884
2011-08-12,37.110001,37.93,36.849998,37.290001,5131400,35.16913
2011-08-11,35.18,37.099998,34.799999,36.639999,5840500,34.556098
2011-08-10,36.41,37.049999,35.00,35.07,8555100,33.075392
2011-08-09,35.73,36.98,34.57,36.889999,8528600,34.791879
2011-08-08,36.470001,36.830002,34.50,34.549999,9510400,32.584966
2011-08-05,38.389999,38.439999,36.50,37.419998,11314900,35.291734
2011-08-04,38.639999,39.169998,37.810001,37.849998,5341400,35.697278
2011-08-03,39.279999,39.650002,38.330002,39.200001,7390800,36.970499
2011-08-02,39.869999,40.630001,39.16,39.169998,5715300,36.942203
2011-08-01,42.540001,42.540001,39.279999,40.290001,7793500,37.998505
2011-07-29,41.48,42.299999,40.41,41.490002,6208600,39.130256
2011-07-28,41.650002,43.34,41.509998,41.990002,9145400,39.601818
2011-07-27,43.959999,44.049999,41.360001,41.720001,11366400,39.347174
2011-07-26,42.830002,43.060001,42.549999,42.619999,3692900,40.195984
2011-07-25,42.849998,43.43,42.77,42.830002,2514400,40.394043
2011-07-22,43.189999,43.41,42.740002,43.34,3320600,40.875035
2011-07-21,43.610001,43.75,43.220001,43.220001,5487400,40.761861
2011-07-20,43.490002,43.720001,43.060001,43.41,2588700,40.941054
2011-07-19,43.290001,43.43,42.639999,43.27,6842900,40.809017
2011-07-18,43.099998,43.599998,42.52,42.950001,3253700,40.507217
2011-07-15,43.639999,43.740002,43.18,43.360001,4378300,40.893898
2011-07-14,43.560001,44.040001,43.209999,43.439999,2487300,40.969347
2011-07-13,43.639999,44.189999,43.27,43.389999,3230600,40.922191
2011-07-12,42.860001,43.880001,42.77,43.34,4615800,40.875035
2011-07-11,43.669998,43.720001,42.860001,43.009998,2748500,40.422336
2011-07-08,43.82,44.310001,43.560001,44.299999,2940100,41.634725
2011-07-07,45.200001,45.389999,44.00,44.400002,3961200,41.72871
2011-07-06,44.75,45.130001,44.52,44.889999,2309200,42.189228
2011-07-05,45.259998,45.27,44.470001,44.689999,2767200,42.00126
2011-07-01,44.119999,45.310001,44.099998,45.23,3585200,42.508772
2011-06-30,44.66,45.00,44.00,44.09,4931300,41.43736
2011-06-29,44.75,44.880001,44.41,44.560001,4182400,41.879084
2011-06-28,43.540001,45.029999,43.509998,44.66,4433100,41.973066
2011-06-27,43.419998,43.470001,42.73,43.299999,3395000,40.694889
2011-06-24,43.59,43.82,42.669998,43.279999,5436100,40.676092
2011-06-23,43.810001,43.810001,42.650002,43.630001,5815300,41.005036
2011-06-22,44.599998,45.23,44.220001,44.259998,3730200,41.59713
2011-06-21,45.029999,45.400002,44.490002,44.630001,4509100,41.944872
2011-06-20,43.130001,44.880001,43.119999,44.77,3623900,42.076449
2011-06-17,43.73,43.82,43.110001,43.209999,3581200,40.610303
2011-06-16,43.07,43.360001,42.41,43.349998,3892900,40.74188
2011-06-15,43.91,44.48,42.990002,43.049999,4918800,40.45993
2011-06-14,43.380001,44.75,43.32,44.380001,4458600,41.709913
2011-06-13,42.889999,43.259998,42.68,42.75,1946900,40.17798
2011-06-10,43.669998,43.700001,42.439999,42.860001,3180900,40.281362
2011-06-09,42.57,44.16,42.419998,43.919998,4451100,41.277586
2011-06-08,42.439999,42.610001,41.880001,42.41,2698300,39.858436
2011-06-07,42.98,43.25,42.540001,42.59,2491500,40.027606
2011-06-06,42.900002,42.900002,42.209999,42.529999,3146000,39.971215
2011-06-03,43.240002,43.610001,43.07,43.200001,2508200,40.600907
2011-06-02,43.310001,43.91,43.169998,43.790001,2889900,41.15541
2011-06-01,43.630001,43.75,43.209999,43.209999,3095000,40.610303
2011-05-31,43.860001,44.119999,43.32,43.68,5393400,41.052027
2011-05-27,43.75,43.779999,43.110001,43.59,2888200,40.967442
2011-05-26,43.380001,43.84,42.830002,43.650002,4284800,41.023834
2011-05-25,43.130001,43.68,42.950001,43.43,4346800,40.817069
2011-05-24,44.189999,44.369999,43.189999,43.220001,5325200,40.619704
2011-05-23,44.580002,44.669998,43.900002,44.389999,4852500,41.71931
2011-05-20,45.869999,45.869999,44.709999,45.060001,4929200,42.349002
2011-05-19,45.650002,46.009998,45.34,45.900002,5693900,43.138464
2011-05-18,44.139999,45.630001,44.07,45.41,7148200,42.677943
2011-05-17,44.439999,44.439999,43.82,44.060001,4598700,41.409166
2011-05-16,43.689999,44.860001,43.349998,44.66,7503500,41.973066
2011-05-13,43.639999,43.93,43.290001,43.849998,7225500,41.211798
2011-05-12,42.599998,42.889999,42.060001,42.830002,4415000,40.253168
2011-05-11,42.75,42.990002,42.119999,42.75,4765700,40.17798
2011-05-10,42.75,43.00,42.23,42.849998,4151300,40.271962
2011-05-09,41.689999,42.599998,41.66,42.540001,4341400,39.980615
2011-05-06,42.080002,42.400002,41.689999,41.860001,4251100,39.341527
2011-05-05,41.080002,41.93,40.66,41.799999,5146200,39.285135
2011-05-04,41.290001,41.779999,41.060001,41.240002,5031000,38.758829
2011-05-03,41.849998,42.139999,41.419998,41.439999,5526500,38.946794
2011-05-02,41.540001,42.349998,41.540001,42.07,6150200,39.538891
2011-04-29,41.52,41.560001,41.060001,41.380001,4413800,38.890406
2011-04-28,42.66,42.889999,41.389999,41.450001,9103200,38.956194
2011-04-27,39.939999,40.150002,39.360001,39.810001,4665000,37.414864
2011-04-26,39.349998,39.740002,39.150002,39.689999,4200000,37.302081
2011-04-25,39.02,39.139999,38.419998,38.790001,2799400,36.456231
2011-04-21,38.450001,39.110001,38.200001,39.060001,6710900,36.709987
2011-04-20,37.279999,37.59,36.900002,37.02,2297900,34.792721
2011-04-19,36.549999,36.860001,36.349998,36.799999,1598500,34.585956
2011-04-18,37.07,37.07,36.099998,36.52,2621400,34.322803
2011-04-15,37.639999,37.77,37.34,37.43,2649600,35.178054
2011-04-14,37.299999,37.540001,36.93,37.490002,2445000,35.234445
2011-04-13,37.990002,37.990002,37.259998,37.439999,3236000,35.187451
2011-04-12,36.669998,37.790001,36.540001,37.669998,5496000,35.403612
2011-04-11,36.869999,37.360001,36.84,36.889999,2245900,34.529565
2011-04-08,37.25,37.32,36.540001,36.75,2528100,34.398523
2011-04-07,37.330002,37.939999,36.970001,37.040001,3378100,34.669968
2011-04-06,37.810001,37.950001,37.18,37.349998,2314000,34.96013
2011-04-05,37.900002,38.02,37.43,37.700001,3370300,35.287737
2011-04-04,37.810001,38.049999,37.630001,37.939999,2631200,35.512379
2011-04-01,37.529999,37.91,37.389999,37.68,2349100,35.269017
2011-03-31,37.139999,37.450001,37.029999,37.43,3382400,35.035013
2011-03-30,37.189999,38.009998,37.060001,37.599998,3669000,35.194134
2011-03-29,36.849998,37.189999,36.82,37.009998,2194300,34.641885
2011-03-28,36.950001,37.169998,36.759998,36.889999,2365200,34.529565
2011-03-25,37.110001,37.48,36.610001,36.790001,5164300,34.435965
2011-03-24,35.66,36.48,35.639999,36.439999,3139800,34.108357
2011-03-23,35.290001,35.610001,34.950001,35.490002,2867000,33.219147
2011-03-22,35.700001,35.830002,35.25,35.43,5116600,33.162985
2011-03-21,35.549999,35.959999,35.32,35.57,3497900,33.294026
2011-03-18,35.189999,35.650002,35.02,35.110001,5035000,32.86346
2011-03-17,35.189999,35.369999,34.419998,34.799999,3858000,32.573295
2011-03-16,35.830002,35.959999,34.68,34.75,7085600,32.526495
2011-03-15,35.259998,36.209999,34.959999,35.98,5225300,33.677792
2011-03-14,36.220001,36.41,35.599998,36.040001,3289800,33.733954
2011-03-11,36.880001,37.110001,36.220001,36.50,3283300,34.16452
2011-03-10,37.619999,37.66,36.740002,36.860001,3805700,34.501485
2011-03-09,37.68,38.169998,37.27,38.049999,2849100,35.615341
2011-03-08,37.630001,37.950001,37.169998,37.759998,3456000,35.343896
2011-03-07,38.450001,38.759998,37.360001,37.639999,3168200,35.231575
2011-03-04,38.84,39.060001,37.91,38.34,4320000,35.886786
2011-03-03,37.93,39.23,37.93,38.869999,4376300,36.382872
2011-03-02,37.34,38.07,37.259998,37.689999,3359300,35.278375
2011-03-01,37.549999,37.889999,37.310001,37.34,3039600,34.950772
2011-02-28,37.59,37.860001,37.209999,37.360001,4998500,34.969492
2011-02-25,38.00,38.299999,37.200001,37.330002,6152800,34.941413
2011-02-24,36.970001,38.02,36.889999,37.93,4601500,35.50302
2011-02-23,37.25,37.650002,36.709999,37.049999,4787800,34.679327
2011-02-22,37.759998,38.25,37.23,37.27,3815900,34.885251
2011-02-18,38.349998,38.639999,38.110001,38.290001,2740000,35.839986
2011-02-17,37.799999,38.450001,37.529999,38.360001,2970900,35.905507
2011-02-16,37.32,38.18,37.09,37.98,3705900,35.54982
2011-02-15,37.32,37.540001,36.720001,37.16,5779000,34.782289
2011-02-14,37.540001,37.639999,37.060001,37.43,4365700,35.035013
2011-02-11,37.34,37.970001,37.25,37.650002,3453400,35.240937
2011-02-10,37.150002,37.52,36.959999,37.459999,2704500,35.063092
2011-02-09,37.419998,37.869999,37.25,37.32,3488500,34.932051
2011-02-08,37.009998,38.099998,36.849998,37.639999,5999700,35.231575
2011-02-07,37.880001,38.060001,36.689999,36.869999,5817100,34.510844
2011-02-04,37.75,38.099998,35.93,37.419998,14234700,35.025651
2011-02-03,33.400002,33.639999,32.529999,33.27,6028900,31.141194
2011-02-02,33.599998,33.709999,33.32,33.400002,1776400,31.262877
2011-02-01,33.16,33.849998,33.139999,33.799999,1948700,31.63728
2011-01-31,33.130001,33.349998,32.830002,32.939999,3392400,30.832308
2011-01-28,34.07,34.099998,32.93,32.950001,2748400,30.84167
2011-01-27,33.50,34.279999,33.310001,34.119999,3010900,31.936805
2011-01-26,33.52,33.84,33.290001,33.48,3402500,31.337756
2011-01-25,32.82,33.66,32.799999,33.50,2244200,31.356477
2011-01-24,33.110001,33.509998,32.91,33.040001,2065500,30.925911
2011-01-21,33.200001,33.459999,33.110001,33.279999,2465600,31.150553
2011-01-20,33.169998,33.240002,32.740002,33.02,2933700,30.90719
2011-01-19,34.080002,34.080002,33.029999,33.189999,3945300,31.066311
2011-01-18,33.740002,34.169998,33.669998,34.16,3160500,31.974246
2011-01-14,32.740002,33.959999,32.639999,33.889999,3821500,31.721522
2011-01-13,32.73,32.84,32.459999,32.799999,1969200,30.701266
2011-01-12,32.900002,32.93,32.490002,32.810001,2142800,30.710628
2011-01-11,32.310001,32.709999,32.200001,32.700001,2489600,30.607666
2011-01-10,32.09,32.459999,32.040001,32.220001,2429600,30.15838
2011-01-07,32.189999,32.490002,31.90,32.16,2570000,30.102218
2011-01-06,31.50,32.419998,31.50,32.09,5640500,30.036697
2011-01-05,31.09,31.60,31.08,31.50,6922200,29.484448
2011-01-04,31.10,31.27,30.950001,31.200001,4668300,29.203645
2011-01-03,30.67,31.139999,30.60,31.040001,2045100,29.053883
2010-12-31,30.41,30.709999,30.360001,30.51,1429400,28.557795
2010-12-30,30.48,30.58,30.35,30.42,941300,28.473553
2010-12-29,30.41,30.58,30.360001,30.469999,1339600,28.520353
2010-12-28,30.76,30.77,30.360001,30.41,1039800,28.464193
2010-12-27,30.709999,30.860001,30.60,30.74,1030000,28.773077
2010-12-23,30.67,31.09,30.610001,30.870001,2539400,28.89476
2010-12-22,30.200001,30.77,30.120001,30.73,2758300,28.763717
2010-12-21,30.34,30.91,30.139999,30.190001,3929300,28.25827
2010-12-20,30.48,30.50,30.10,30.299999,2505900,28.361231
2010-12-17,30.209999,30.440001,29.940001,30.370001,6693700,28.426753
2010-12-16,30.440001,30.610001,30.200001,30.219999,4669700,28.28635
2010-12-15,30.700001,31.049999,30.360001,30.379999,5634600,28.436112
2010-12-14,30.879999,31.17,30.709999,30.75,3298800,28.782438
2010-12-13,30.67,31.370001,30.59,30.92,6937100,28.94156
2010-12-10,30.34,30.629999,30.309999,30.610001,6519100,28.651396
2010-12-09,30.129999,30.389999,29.799999,30.290001,6912400,28.351872
2010-12-08,30.26,30.35,29.98,29.98,3457600,28.061706
2010-12-07,30.48,30.540001,30.17,30.17,3450900,28.23955
2010-12-06,30.57,30.67,30.290001,30.299999,2859000,28.361231
2010-12-03,30.450001,30.74,30.209999,30.620001,4830400,28.660757
2010-12-02,29.84,30.610001,29.84,30.50,5359400,28.548434
2010-12-01,30.01,30.360001,29.84,29.940001,6907000,28.024267
2010-11-30,29.92,30.15,29.610001,29.620001,5839800,27.724742
2010-11-29,29.889999,30.299999,29.540001,30.16,3896600,28.230189
2010-11-26,30.07,30.48,29.98,30.120001,1773700,28.19275
2010-11-24,30.379999,30.85,30.27,30.33,3423400,28.389312
2010-11-23,30.57,30.68,30.27,30.290001,4753800,28.351872
2010-11-22,32.00,32.02,30.780001,30.940001,8011600,28.960281
2010-11-19,30.200001,30.67,30.00,30.639999,10201400,28.679476
2010-11-18,30.16,30.59,29.870001,30.15,5742800,28.220829
2010-11-17,30.280001,30.51,30.139999,30.34,3843400,28.398672
2010-11-16,30.76,30.76,30.280001,30.370001,4164300,28.426753
2010-11-15,31.68,31.73,30.93,30.93,4544100,28.950921
2010-11-12,31.57,32.00,31.450001,31.620001,5187000,29.596771
2010-11-11,31.66,31.870001,31.32,31.83,2872000,29.793333
2010-11-10,31.309999,31.91,30.709999,31.91,5227100,29.868214
2010-11-09,31.190001,31.690001,31.17,31.450001,6131900,29.400208
2010-11-08,30.969999,31.370001,30.91,31.26,5240000,29.222591
2010-11-05,31.059999,31.389999,30.719999,31.030001,4738700,29.007582
2010-11-04,31.190001,31.24,30.610001,30.879999,4726100,28.867357
2010-11-03,30.07,31.50,29.559999,30.84,8188000,28.829965
2010-11-02,30.09,30.66,29.959999,29.969999,7267900,28.016667
2010-11-01,30.02,30.34,29.639999,29.809999,3799100,27.867096
2010-10-29,30.360001,30.719999,29.82,29.860001,4531000,27.913838
2010-10-28,30.40,30.65,30.08,30.35,2785200,28.371901
2010-10-27,30.530001,30.780001,30.10,30.18,3882100,28.212981
2010-10-26,31.059999,31.059999,30.610001,30.780001,3475900,28.773876
2010-10-25,31.559999,31.790001,31.219999,31.27,2952100,29.231939
2010-10-22,31.389999,31.559999,31.08,31.200001,2901000,29.166502
2010-10-21,31.379999,31.50,31.01,31.389999,2539400,29.344117
2010-10-20,31.09,31.620001,31.040001,31.33,3374400,29.288028
2010-10-19,31.530001,31.65,30.73,30.90,3982300,28.886054
2010-10-18,31.700001,32.00,31.440001,31.99,3478400,29.905012
2010-10-15,31.860001,32.060001,31.540001,31.74,3841200,29.671306
2010-10-14,31.620001,32.41,31.40,31.58,3523200,29.521734
2010-10-13,31.24,31.969999,31.00,31.67,3916600,29.605868
2010-10-12,30.75,31.139999,30.530001,31.01,2243500,28.988885
2010-10-11,30.68,31.09,30.620001,30.90,2234300,28.886054
2010-10-08,30.709999,31.040001,30.40,30.690001,2405400,28.689741
2010-10-07,30.469999,30.879999,30.379999,30.68,4315500,28.680393
2010-10-06,30.969999,31.25,30.17,30.379999,3179700,28.399945
2010-10-05,30.75,31.110001,30.530001,31.059999,3208600,29.035625
2010-10-04,31.09,31.219999,30.42,30.50,2366200,28.512124
2010-10-01,31.610001,31.700001,30.790001,31.200001,2983600,29.166502
2010-09-30,31.33,31.84,31.280001,31.610001,4842700,29.549779
2010-09-29,31.049999,31.209999,30.709999,31.17,3768700,29.138456
2010-09-28,30.98,31.299999,30.790001,31.26,3473200,29.222591
2010-09-27,30.889999,31.120001,30.809999,30.809999,3396500,28.801919
2010-09-24,30.950001,31.040001,30.790001,30.940001,4477600,28.923447
2010-09-23,30.549999,30.98,30.40,30.629999,5162600,28.633651
2010-09-22,30.90,31.059999,30.68,30.790001,5465700,28.783224
2010-09-21,30.51,31.440001,30.469999,31.049999,5125100,29.026277
2010-09-20,29.889999,30.65,29.82,30.530001,3624100,28.54017
2010-09-17,30.530001,30.60,29.559999,29.709999,6433800,27.773613
2010-09-16,30.299999,30.459999,30.01,30.299999,2968400,28.325159
2010-09-15,30.370001,30.50,29.860001,30.35,4260200,28.371901
2010-09-14,30.299999,30.700001,30.139999,30.50,3517000,28.512124
2010-09-13,30.17,30.690001,30.15,30.440001,5290200,28.456035
2010-09-10,29.549999,30.09,29.24,29.93,3634400,27.979275
2010-09-09,29.40,29.790001,29.290001,29.459999,4181200,27.539907
2010-09-08,28.549999,29.08,28.549999,29.07,3252600,27.175326
2010-09-07,28.639999,28.84,28.360001,28.57,2622900,26.707914
2010-09-03,28.65,28.92,28.58,28.76,3711800,26.885531
2010-09-02,28.049999,28.41,27.67,28.41,3176700,26.558343
2010-09-01,27.049999,27.940001,26.92,27.92,4657300,26.100279
2010-08-31,26.639999,27.200001,26.42,26.719999,3463400,24.97849
2010-08-30,27.32,27.49,26.85,26.85,1865100,25.100018
2010-08-27,27.00,27.379999,26.49,27.33,2530100,25.548733
2010-08-26,27.120001,27.360001,26.77,26.860001,2895100,25.109367
2010-08-25,26.530001,27.219999,26.450001,27.049999,3630500,25.286982
2010-08-24,26.870001,27.02,26.50,26.690001,3988100,24.950446
2010-08-23,27.23,27.52,27.110001,27.15,2794700,25.380464
2010-08-20,27.09,27.360001,26.98,27.110001,3015000,25.343072
2010-08-19,28.209999,28.219999,27.23,27.25,4681100,25.473947
2010-08-18,28.049999,28.60,27.75,28.34,3783000,26.492905
2010-08-17,28.10,28.35,27.799999,28.110001,2420100,26.277896
2010-08-16,27.799999,27.99,27.549999,27.860001,2419300,26.04419
2010-08-13,27.99,28.26,27.799999,28.139999,2503700,26.30594
2010-08-12,28.08,28.42,27.870001,28.10,3386600,26.268548
2010-08-11,29.360001,29.360001,27.889999,28.280001,7270900,26.436816
2010-08-10,29.469999,29.83,29.280001,29.67,3996200,27.736221
2010-08-09,30.110001,30.389999,29.73,29.74,3813000,27.801658
2010-08-06,29.059999,30.200001,29.059999,30.07,6633400,28.11015
2010-08-05,28.780001,29.42,28.620001,29.42,3912000,27.502515
2010-08-04,28.469999,29.030001,28.40,28.940001,3222200,27.0538
2010-08-03,28.459999,29.10,28.290001,28.450001,6918500,26.595736
2010-08-02,28.26,28.58,27.940001,28.50,5107200,26.642477
2010-07-30,27.18,28.09,27.030001,27.85,4916000,26.034842
2010-07-29,27.879999,28.00,27.17,27.49,4673300,25.698305
2010-07-28,28.139999,28.139999,26.950001,27.549999,6523200,25.754394
2010-07-27,28.629999,28.91,28.190001,28.360001,4092800,26.511602
2010-07-26,28.129999,28.74,28.120001,28.58,3051200,26.717263
2010-07-23,28.200001,28.440001,27.959999,28.15,3204500,26.315288
2010-07-22,27.690001,28.40,27.41,28.27,4383000,26.427468
2010-07-21,27.82,27.950001,27.139999,27.309999,3053000,25.530036
2010-07-20,27.26,27.83,27.18,27.700001,5185800,25.894619
2010-07-19,27.33,27.84,27.24,27.66,2952300,25.857225
2010-07-16,28.049999,28.209999,27.110001,27.16,5091700,25.389813
2010-07-15,27.799999,28.280001,27.77,28.219999,4435600,26.380726
2010-07-14,27.51,28.07,27.370001,27.76,3122000,25.950708
2010-07-13,27.41,27.950001,27.219999,27.75,5175500,25.941359
2010-07-12,26.83,27.24,26.440001,27.209999,6867500,25.436553
2010-07-09,27.780001,27.790001,27.299999,27.629999,3988000,25.829179
2010-07-08,27.35,27.709999,27.280001,27.639999,4090800,25.838528
2010-07-07,26.58,27.219999,26.50,27.17,5309200,25.399161
2010-07-06,26.620001,26.790001,26.25,26.49,5131400,24.763481
2010-07-02,26.059999,26.459999,25.969999,26.25,7035500,24.539123
2010-07-01,26.290001,26.299999,25.00,25.99,9116200,24.296069
2010-06-30,26.83,26.940001,26.26,26.379999,7823800,24.66065
2010-06-29,27.809999,27.809999,26.73,26.90,8055900,25.146759
2010-06-28,28.66,28.76,28.00,28.040001,4491600,26.212459
2010-06-25,27.99,28.870001,27.99,28.469999,7009900,26.614432
2010-06-24,28.790001,29.049999,28.52,28.66,3815300,26.792049
2010-06-23,29.209999,29.299999,28.799999,28.93,5606100,27.044451
2010-06-22,29.879999,30.190001,29.16,29.200001,5126100,27.296854
2010-06-21,30.780001,30.969999,29.780001,29.91,4279200,27.960578
2010-06-18,30.51,30.629999,30.24,30.43,5582200,28.446687
2010-06-17,29.77,30.68,29.65,30.629999,8537500,28.633651
2010-06-16,29.360001,29.75,29.26,29.32,5604400,27.409032
2010-06-15,29.450001,29.690001,29.26,29.59,3993400,27.661435
2010-06-14,28.790001,29.67,28.790001,29.280001,7929000,27.37164
2010-06-11,28.610001,29.059999,28.09,28.620001,7259400,26.754657
2010-06-10,29.110001,29.200001,28.67,28.85,6697500,26.969666
2010-06-09,29.50,29.809999,28.75,28.809999,6094700,26.932272
2010-06-08,29.51,30.01,29.129999,29.42,5561700,27.502515
2010-06-07,30.370001,30.719999,29.309999,29.469999,8639900,27.549255
2010-06-04,29.99,31.200001,29.91,30.209999,8681100,28.241025
2010-06-03,29.67,30.43,29.629999,30.42,6380500,28.437339
2010-06-02,28.90,29.629999,28.75,29.610001,6487200,27.680132
2010-06-01,28.91,29.48,28.73,28.790001,3546500,26.913577
2010-05-28,29.10,29.540001,28.90,29.16,4181400,27.25946
2010-05-27,29.17,29.219999,28.67,29.209999,2886700,27.306201
2010-05-26,28.50,29.26,28.459999,28.57,5078900,26.707914
2010-05-25,27.860001,28.32,27.629999,28.290001,4609000,26.446165
2010-05-24,28.559999,29.120001,28.190001,28.59,5169900,26.726611
2010-05-21,28.459999,29.280001,28.35,28.74,6225300,26.866834
2010-05-20,29.280001,29.68,29.040001,29.049999,4881300,27.156629
2010-05-19,29.68,30.16,29.42,29.98,3794000,28.026016
2010-05-18,29.889999,30.41,29.709999,29.84,4468300,27.895141
2010-05-17,29.76,29.98,29.200001,29.889999,4347600,27.941881
2010-05-14,30.030001,30.26,29.40,29.780001,3808000,27.839052
2010-05-13,30.440001,30.780001,30.17,30.27,3696700,28.297115
2010-05-12,29.629999,30.549999,29.51,30.51,4932400,28.521473
2010-05-11,29.10,29.879999,28.889999,29.610001,4822900,27.680132
2010-05-10,28.969999,29.85,28.60,29.459999,6213500,27.539907
2010-05-07,28.620001,28.76,27.52,28.290001,7211800,26.446165
2010-05-06,29.09,29.860001,27.379999,28.76,8665100,26.885531
2010-05-05,28.719999,29.51,28.540001,29.219999,9059200,27.315549
2010-05-04,29.360001,29.379999,28.700001,28.90,8392900,27.016406
2010-05-03,29.68,30.01,29.290001,29.67,7754400,27.736221
2010-04-30,31.040001,31.139999,29.48,29.549999,12340400,27.624041
2010-04-29,31.23,31.82,30.75,31.24,7606700,29.203894
2010-04-28,30.110001,30.74,29.809999,30.50,9255100,28.512124
2010-04-27,29.959999,30.75,29.780001,30.01,8620600,28.054061
2010-04-26,31.209999,31.34,30.00,30.129999,5543800,28.166239
2010-04-23,30.68,31.02,30.41,30.959999,4140800,28.942142
2010-04-22,30.99,31.02,30.469999,30.75,5726200,28.74583
2010-04-21,31.99,32.259998,30.940001,31.08,8041700,29.054322
2010-04-20,32.130001,32.34,31.34,31.969999,6521500,29.886315
2010-04-19,31.41,32.380001,31.34,31.940001,5251000,29.858271
2010-04-16,31.32,31.77,30.700001,31.40,8873100,29.353465
2010-04-15,31.879999,32.169998,31.26,31.42,7266200,29.372162
2010-04-14,32.290001,32.43,31.639999,31.889999,6726300,29.811529
2010-04-13,32.759998,32.84,32.169998,32.349998,6178200,30.241547
2010-04-12,33.119999,33.27,32.869999,32.919998,5330200,30.774396
2010-04-09,33.23,33.580002,32.400002,33.029999,7097000,30.877227
2010-04-08,34.279999,34.389999,33.419998,33.669998,9520200,31.475514
2010-04-07,34.970001,35.049999,34.209999,34.299999,5034300,32.064454
2010-04-06,35.02,35.959999,34.959999,35.110001,4085800,32.821662
2010-04-05,35.09,35.529999,35.00,35.169998,3083200,32.87775
2010-04-01,35.330002,35.490002,34.580002,34.93,4314600,32.653394
2010-03-31,35.27,35.43,34.790001,35.110001,4797200,32.821662
2010-03-30,34.970001,35.619999,34.860001,35.380001,4495000,33.074065
2010-03-29,34.349998,35.02,34.27,34.919998,2927600,32.644044
2010-03-26,34.709999,34.880001,33.93,34.32,4896100,32.083151
2010-03-25,34.560001,35.150002,34.389999,34.790001,5266200,32.522519
2010-03-24,34.82,35.150002,34.41,34.41,4192200,32.167285
2010-03-23,34.73,35.060001,34.400002,34.990002,6113700,32.709485
2010-03-22,34.57,35.240002,34.009998,34.639999,12434400,32.382294
2010-03-19,34.459999,34.939999,33.310001,34.459999,14334100,32.214026
2010-03-18,31.74,33.34,31.120001,33.240002,9147300,31.073543
2010-03-17,32.009998,32.09,31.530001,31.74,3923300,29.671306
2010-03-16,31.709999,31.98,31.290001,31.950001,3966200,29.86762
2010-03-15,31.690001,31.74,31.02,31.620001,3513000,29.559128
2010-03-12,32.869999,33.040001,31.68,31.84,5003500,29.764788
2010-03-11,31.50,32.77,31.40,32.689999,6797200,30.559387
2010-03-10,31.120001,31.879999,31.07,31.65,3271300,29.587171
2010-03-09,31.629999,31.629999,31.139999,31.23,2407000,29.194545
2010-03-08,31.360001,31.48,31.120001,31.219999,2145500,29.185197
2010-03-05,30.780001,31.450001,30.610001,31.379999,3929900,29.334769
2010-03-04,31.209999,31.33,30.129999,30.65,6793900,28.652348
2010-03-03,30.950001,31.73,30.860001,31.280001,5201500,29.241288
2010-03-02,30.379999,31.139999,30.09,31.030001,6033600,29.007582
2010-03-01,30.09,30.860001,29.870001,30.32,4639500,28.343856
2010-02-26,30.02,30.49,29.76,29.99,5006100,28.035364
2010-02-25,29.26,30.01,28.959999,29.969999,7252700,28.016667
2010-02-24,29.049999,29.59,28.75,29.559999,4741100,27.63339
2010-02-23,29.139999,29.25,28.59,28.98,4965300,27.091192
2010-02-22,28.68,29.91,28.60,29.35,8774400,27.437077
2010-02-19,29.43,29.639999,28.860001,28.93,5361300,27.044451
2010-02-18,29.16,29.90,29.15,29.74,4763500,27.801658
2010-02-17,28.860001,30.00,28.83,29.610001,7520100,27.680132
2010-02-16,28.889999,29.00,28.139999,28.75,5137500,26.876183
2010-02-12,28.549999,28.700001,28.120001,28.629999,5536600,26.764003
2010-02-11,28.65,28.90,28.299999,28.85,3915400,26.969666
2010-02-10,28.83,29.07,27.940001,28.65,8725100,26.7827
2010-02-09,29.57,29.700001,28.00,28.969999,9961300,27.081843
2010-02-08,30.09,30.33,29.17,29.200001,5395100,27.296854
2010-02-05,28.780001,30.379999,28.75,29.610001,12751500,27.680132
2010-02-04,30.110001,30.23,29.17,29.23,6108300,27.324898
2010-02-03,30.120001,30.48,29.540001,30.33,5545100,28.353204
2010-02-02,29.709999,30.379999,29.50,30.280001,5291500,28.306464
2010-02-01,30.09,30.40,29.25,29.77,7141300,27.829704
2010-01-29,30.540001,30.540001,29.790001,29.969999,5883700,28.016667
2010-01-28,30.559999,31.049999,30.10,30.360001,6625500,28.38125
2010-01-27,30.280001,31.08,30.059999,30.43,6254900,28.446687
2010-01-26,30.84,30.84,30.17,30.50,7577000,28.512124
2010-01-25,31.73,31.790001,30.85,30.969999,5431700,28.951491
2010-01-22,31.68,32.310001,31.17,31.299999,7000100,29.259983
2010-01-21,32.580002,32.77,31.549999,31.879999,7837800,29.80218
2010-01-20,33.099998,33.650002,32.049999,32.48,11006800,30.363075
2010-01-19,32.299999,33.25,32.200001,32.66,13043900,30.531344
2010-01-15,31.25,32.009998,30.950001,31.360001,9793600,29.316073
2010-01-14,30.43,31.440001,30.41,31.41,6630300,29.362814
2010-01-13,30.50,31.09,29.620001,30.75,10466300,28.74583
2010-01-12,32.630001,32.759998,30.309999,30.610001,19542200,28.614956
2010-01-11,32.77,33.200001,32.599998,32.740002,3674100,30.606131
2010-01-08,33.34,33.369999,32.540001,32.700001,5224900,30.568737
2010-01-07,31.91,33.549999,31.75,33.43,6181700,31.251158
2010-01-06,32.50,32.75,32.25,32.400002,4303100,30.288291
2010-01-05,32.939999,33.099998,32.259998,32.529999,4573600,30.409815
2010-01-04,32.060001,33.080002,31.870001,33.00,5671300,30.849184
2009-12-31,32.119999,32.400002,31.610001,31.700001,2507100,29.633914
2009-12-30,32.41,32.75,31.940001,32.150002,6246000,30.054585
2009-12-29,33.360001,33.68,32.68,32.860001,3780200,30.718309
2009-12-28,33.880001,34.02,33.209999,33.439999,2400500,31.260505
2009-12-24,34.110001,34.200001,33.360001,33.779999,2171200,31.578345
2009-12-23,34.110001,34.34,33.689999,33.759998,3897800,31.559648
2009-12-22,34.080002,34.439999,33.889999,33.93,4615500,31.71857
2009-12-21,32.639999,34.91,32.639999,34.040001,11134600,31.821401
2009-12-18,32.950001,33.00,32.360001,32.509998,6815600,30.391119
2009-12-17,33.560001,33.560001,32.169998,32.77,7849800,30.634175
2009-12-16,33.540001,34.189999,33.169998,33.50,6952200,31.316596
2009-12-15,32.130001,33.389999,32.130001,33.25,6846000,31.08289
2009-12-14,32.00,33.189999,32.00,32.400002,6873400,30.288291
2009-12-11,31.65,32.549999,31.65,31.76,5909200,29.690003
2009-12-10,30.59,32.189999,30.59,32.040001,9905700,29.951754
2009-12-09,30.92,31.26,30.200001,30.469999,7600000,28.484079
2009-12-08,29.629999,30.77,29.51,30.469999,6901700,28.484079
2009-12-07,28.99,30.42,28.85,29.889999,6289600,27.941881
2009-12-04,29.00,29.82,28.76,28.98,6255400,27.091192
2009-12-03,29.799999,29.98,28.59,28.65,4489600,26.7827
2009-12-02,29.889999,29.91,29.440001,29.76,3603000,27.820355
2009-12-01,29.24,29.959999,29.110001,29.82,3793400,27.876444
2009-11-30,29.67,29.67,28.610001,29.110001,4752300,27.21272
2009-11-27,28.76,29.620001,28.620001,29.440001,1926500,27.521212
2009-11-25,29.50,29.879999,29.41,29.76,2547100,27.820355
2009-11-24,29.50,29.860001,28.99,29.76,4025900,27.820355
2009-11-23,28.85,29.66,28.809999,29.48,4536100,27.558604
2009-11-20,28.280001,28.82,28.25,28.40,5348300,26.548994
2009-11-19,28.99,29.08,28.07,28.690001,5286300,26.820094
2009-11-18,29.059999,29.48,29.00,29.209999,4203800,27.306201
2009-11-17,29.459999,29.73,29.15,29.27,4495200,27.362292
2009-11-16,29.59,29.98,29.389999,29.65,5005500,27.717524
2009-11-13,29.389999,29.82,29.309999,29.43,4061000,27.511863
2009-11-12,29.950001,29.98,29.18,29.309999,4702300,27.399684
2009-11-11,30.09,30.09,29.280001,29.870001,6110800,27.923186
2009-11-10,29.690001,29.959999,29.42,29.799999,5332100,27.857747
2009-11-09,28.75,29.98,28.209999,29.82,9357400,27.839053
2009-11-06,28.48,29.219999,28.360001,29.16,6368100,27.222897
2009-11-05,28.049999,28.75,28.040001,28.60,7032000,26.700098
2009-11-04,27.440001,29.10,27.370001,28.01,15579600,26.149292
2009-11-03,26.26,26.65,25.83,26.620001,7033900,24.85163
2009-11-02,26.10,26.74,25.65,26.27,8692900,24.52488
2009-10-30,26.52,26.91,25.98,26.030001,5903300,24.300824
2009-10-29,26.219999,27.35,26.049999,26.65,14775900,24.879636
2009-10-28,26.059999,26.059999,25.23,25.32,6916700,23.637988
2009-10-27,25.26,26.58,25.15,26.18,8300500,24.440859
2009-10-26,26.129999,26.290001,25.07,25.27,7715700,23.59131
2009-10-23,25.90,26.18,25.90,26.07,7139800,24.338166
2009-10-22,25.440001,25.85,25.309999,25.620001,5123800,23.91806
2009-10-21,26.15,26.65,25.280001,25.32,6656500,23.637988
2009-10-20,25.309999,25.950001,25.280001,25.60,7549900,23.899388
2009-10-19,25.23,25.57,24.940001,25.25,6799700,23.572639
2009-10-16,25.700001,25.860001,25.190001,25.219999,5802300,23.544631
2009-10-15,26.08,26.08,25.41,25.719999,7396700,24.011416
2009-10-14,25.92,26.24,25.65,26.030001,6824700,24.300824
2009-10-13,26.379999,26.48,25.35,25.540001,9323000,23.843375
2009-10-12,26.219999,26.639999,26.129999,26.42,6024200,24.664915
2009-10-09,25.91,26.48,25.860001,25.959999,9690800,24.235472
2009-10-08,26.10,26.379999,25.530001,25.860001,12465200,24.142117
2009-10-07,26.52,27.280001,26.40,27.059999,7987000,25.2624
2009-10-06,26.84,26.84,26.219999,26.26,12004000,24.515544
2009-10-05,27.040001,27.059999,26.469999,26.620001,5957000,24.85163
2009-10-02,27.33,27.50,26.50,26.73,6237500,24.954322
2009-10-01,27.77,28.379999,27.540001,27.58,6353700,25.747856
2009-09-30,28.139999,28.49,27.34,27.83,10252600,25.981249
2009-09-29,29.309999,29.389999,27.870001,28.25,17353900,26.373348
2009-09-28,29.110001,29.50,28.879999,29.18,6597700,27.241568
2009-09-25,29.02,29.51,28.77,28.940001,7545400,27.017512
2009-09-24,30.049999,30.10,28.68,29.139999,12213600,27.204225
2009-09-23,30.93,31.030001,29.90,29.90,11948000,27.913738
2009-09-22,31.10,31.200001,30.41,30.860001,5336500,28.809966
2009-09-21,30.49,31.09,30.41,31.00,3960900,28.940665
2009-09-18,31.01,31.440001,30.67,30.799999,6088800,28.753951
2009-09-17,31.07,31.40,30.75,31.030001,5757800,28.968673
2009-09-16,30.809999,31.209999,29.940001,31.16,7226700,29.090036
2009-09-15,31.200001,31.200001,29.92,29.969999,7157700,27.979088
2009-09-14,30.07,30.610001,30.059999,30.540001,5199600,28.511224
2009-09-11,29.959999,30.48,29.870001,30.370001,6063900,28.352517
2009-09-10,29.299999,29.99,29.07,29.85,7197000,27.86706
2009-09-09,28.879999,29.43,28.610001,29.25,6313800,27.306918
2009-09-08,29.43,29.49,28.299999,28.85,7955300,26.93349
2009-09-04,29.049999,29.530001,29.049999,29.379999,3471600,27.428281
2009-09-03,28.879999,29.25,28.33,29.129999,6041700,27.194889
2009-09-02,27.959999,29.25,27.92,28.68,6725600,26.774784
2009-09-01,27.91,28.65,27.530001,27.860001,6715500,26.009257
2009-08-31,28.99,29.809999,28.370001,28.50,5588500,26.606741
2009-08-28,29.709999,29.76,28.75,29.10,4936900,27.166883
2009-08-27,29.559999,29.75,29.190001,29.450001,5254000,27.493633
2009-08-26,29.83,30.030001,29.08,29.360001,6546200,27.409611
2009-08-25,30.049999,30.42,29.620001,29.77,8307600,27.792375
2009-08-24,29.559999,30.209999,29.559999,29.91,5923500,27.923074
2009-08-21,29.889999,30.34,29.379999,29.620001,6072000,27.65234
2009-08-20,29.00,30.049999,29.00,29.67,4278000,27.699017
2009-08-19,29.059999,29.40,28.84,29.280001,6071700,27.334926
2009-08-18,29.67,29.719999,28.959999,29.58,5240400,27.614996
2009-08-17,28.049999,30.35,28.049999,29.629999,11822500,27.661674
2009-08-14,28.25,28.48,27.610001,28.280001,4678200,26.401356
2009-08-13,27.709999,28.34,27.360001,28.139999,4940500,26.270655
2009-08-12,27.209999,28.09,27.139999,27.73,5585600,25.887891
2009-08-11,27.34,27.940001,26.969999,27.35,4850800,25.533136
2009-08-10,27.15,27.440001,26.76,27.34,3752400,25.5238
2009-08-07,27.209999,27.68,27.07,27.190001,4325500,25.383765
2009-08-06,26.68,27.049999,26.16,26.940001,6240900,25.150372
2009-08-05,26.709999,26.889999,26.309999,26.379999,5358200,24.627572
2009-08-04,26.08,27.16,26.08,26.75,6503700,24.972993
2009-08-03,27.120001,27.27,26.02,26.84,7174200,25.057015
2009-07-31,27.34,27.379999,26.68,26.969999,5595300,25.178378
2009-07-30,28.290001,28.450001,27.00,27.32,8806200,25.505128
2009-07-29,28.440001,29.08,27.57,27.700001,10987800,25.859886
2009-07-28,26.08,29.469999,26.01,28.959999,20864200,27.036182
2009-07-27,24.940001,25.950001,24.65,25.719999,23385800,24.011416
2009-07-24,25.389999,26.469999,25.389999,26.440001,4982300,24.683587
2009-07-23,24.58,25.799999,24.51,25.48,6932400,23.787359
2009-07-22,24.41,24.98,24.23,24.620001,7682300,22.98449
2009-07-21,25.799999,25.870001,24.030001,24.48,12309000,22.853789
2009-07-20,26.48,26.49,25.17,25.440001,7570000,23.750017
2009-07-17,26.23,26.959999,26.129999,26.379999,5649000,24.627572
2009-07-16,26.25,26.530001,25.15,26.309999,8941500,24.562222
2009-07-15,26.59,26.59,25.389999,26.209999,8504500,24.468865
2009-07-14,27.01,27.120001,26.00,26.309999,6321500,24.562222
2009-07-13,25.610001,26.42,25.23,26.33,6633400,24.580894
2009-07-10,25.49,26.27,25.139999,25.559999,6555600,23.862045
2009-07-09,25.40,26.370001,24.84,25.639999,5998500,23.93673
2009-07-08,26.15,26.15,24.57,25.18,11726700,23.507289
2009-07-07,24.040001,26.709999,23.950001,25.940001,14131800,24.216802
2009-07-06,23.959999,24.59,23.75,24.41,6253300,22.78844
2009-07-02,25.17,25.17,24.049999,24.049999,5967300,22.452354
2009-07-01,24.84,25.82,24.629999,25.530001,6206300,23.834039
2009-06-30,25.17,25.299999,24.67,25.049999,4607600,23.385924
2009-06-29,25.209999,25.530001,24.40,25.190001,4771500,23.516625
2009-06-26,25.440001,25.559999,24.90,25.200001,6124700,23.525961
2009-06-25,24.51,26.440001,24.35,25.57,6205200,23.871381
2009-06-24,24.370001,25.389999,24.26,24.67,6617700,23.031168
2009-06-23,24.34,24.809999,23.82,24.459999,6678000,22.835118
2009-06-22,25.57,25.57,24.120001,24.23,7055400,22.620397
2009-06-19,25.75,26.50,25.50,25.889999,10192700,24.170123
2009-06-18,23.90,25.379999,23.73,25.219999,8254000,23.544631
2009-06-17,23.58,24.700001,23.139999,23.799999,7212900,22.218962
2009-06-16,22.75,24.370001,22.24,23.58,9577100,22.013577
2009-06-15,22.75,22.959999,22.43,22.530001,6736700,21.033329
2009-06-12,23.25,23.700001,22.469999,22.969999,6426200,21.444099
2009-06-11,23.75,24.190001,23.27,23.299999,9876400,21.752177
2009-06-10,24.299999,24.559999,23.90,24.27,5564500,22.657741
2009-06-09,23.98,24.370001,23.33,23.93,8929700,22.340327
2009-06-08,25.25,25.35,24.07,24.09,6995100,22.489698
2009-06-05,25.709999,26.02,24.950001,25.40,4621400,23.712674
2009-06-04,26.00,26.17,25.290001,25.52,5379900,23.824703
2009-06-03,24.719999,26.059999,23.799999,26.00,19759200,24.272816
2009-06-02,27.33,28.120001,27.18,27.27,7480500,25.45845
2009-06-01,27.030001,27.620001,26.85,27.370001,4503100,25.551808
2009-05-29,26.85,27.030001,26.26,26.780001,6382600,25.001001
2009-05-28,26.09,27.370001,26.049999,26.799999,5805700,25.019671
2009-05-27,25.74,26.299999,25.32,25.950001,3962400,24.226138
2009-05-26,24.790001,25.92,24.309999,25.719999,3992300,24.011416
2009-05-22,25.389999,25.440001,24.610001,24.82,2315200,23.171203
2009-05-21,25.40,26.23,24.809999,25.09,3024400,23.423268
2009-05-20,25.76,26.52,25.299999,25.73,4330900,24.020752
2009-05-19,25.68,26.370001,25.120001,25.190001,6336600,23.516625
2009-05-18,25.99,26.09,25.030001,25.90,6134300,24.179459
2009-05-15,26.440001,26.959999,25.690001,25.76,5811500,24.04876
2009-05-14,26.530001,26.85,25.90,26.559999,5168600,24.795615
2009-05-13,25.99,26.98,25.35,26.52,6368000,24.758273
2009-05-12,26.280001,26.57,25.389999,26.26,5973400,24.515544
2009-05-11,26.969999,27.610001,25.959999,26.059999,6154300,24.32883
2009-05-08,27.50,28.16,27.030001,27.719999,8094000,25.878556
2009-05-07,24.16,27.139999,24.040001,26.790001,12450400,25.010337
2009-05-06,24.50,24.66,23.299999,23.870001,8366000,22.284313
2009-05-05,23.07,24.540001,22.99,24.389999,7203600,22.769768
2009-05-04,22.280001,23.110001,21.98,23.110001,7005000,21.5748
2009-05-01,22.200001,22.40,21.889999,22.200001,5779500,20.725251
2009-04-30,22.219999,23.219999,21.91,22.01,12266200,20.547873
2009-04-29,22.950001,23.610001,21.549999,21.879999,23848500,20.426508
2009-04-28,23.90,25.18,23.67,24.40,6999200,22.779104
2009-04-27,24.59,24.719999,23.530001,23.940001,4569400,22.349663
2009-04-24,24.34,24.74,23.360001,23.959999,6067400,22.368333
2009-04-23,24.75,25.190001,23.219999,24.10,5149400,22.499034
2009-04-22,24.280001,25.18,23.83,24.530001,4159500,22.900469
2009-04-21,25.99,26.290001,23.85,24.59,7533000,22.956483
2009-04-20,25.299999,26.27,24.82,25.32,5398800,23.637988
2009-04-17,26.110001,26.25,24.719999,25.780001,6504400,24.067431
2009-04-16,27.32,27.66,25.35,26.059999,6904400,24.32883
2009-04-15,27.17,27.860001,25.860001,27.200001,8525400,25.393101
2009-04-14,27.24,27.360001,26.57,27.030001,4383100,25.234394
2009-04-13,26.049999,27.85,25.83,27.52,6439000,25.691843
2009-04-09,25.530001,26.049999,24.889999,25.809999,4252300,24.095437
2009-04-08,26.10,26.549999,24.549999,25.02,5081900,23.357918
2009-04-07,24.26,26.360001,23.559999,25.469999,7402800,23.778023
2009-04-06,23.530001,25.450001,23.530001,24.77,3948400,23.124526
2009-04-03,24.969999,25.459999,23.76,24.129999,4800000,22.52704
2009-04-02,24.66,25.440001,24.10,25.01,5023600,23.348582
2009-04-01,23.99,24.58,23.280001,24.129999,5494800,22.52704
2009-03-31,23.73,24.92,23.620001,24.33,6729600,22.713754
2009-03-30,23.950001,24.18,22.870001,23.52,5346000,21.957563
2009-03-27,24.24,24.799999,23.440001,24.50,6216600,22.872461
2009-03-26,23.65,24.76,23.549999,24.42,6061100,22.797776
2009-03-25,23.440001,23.709999,22.91,23.459999,6135600,21.901548
2009-03-24,23.959999,24.190001,23.190001,23.25,4496800,21.705499
2009-03-23,23.299999,24.379999,22.549999,24.33,5035800,22.713754
2009-03-20,23.77,23.860001,22.299999,22.690001,5437300,21.1827
2009-03-19,24.719999,25.33,23.41,23.74,4730100,22.162948
2009-03-18,23.450001,25.299999,23.110001,24.360001,6588600,22.741762
2009-03-17,23.49,23.74,22.379999,23.58,5461200,22.013577
2009-03-16,24.549999,24.74,22.940001,22.98,5593800,21.453435
2009-03-13,23.700001,24.690001,23.66,24.309999,5441400,22.695083
2009-03-12,21.450001,23.780001,20.969999,23.42,7370200,21.864206
2009-03-11,22.940001,23.610001,21.370001,21.43,7344100,20.006402
2009-03-10,20.790001,22.879999,20.65,22.719999,8635200,21.210706
2009-03-09,20.00,20.950001,19.299999,20.42,9366000,19.063496
2009-03-06,19.16,20.360001,18.889999,20.219999,14141700,18.876782
2009-03-05,20.790001,20.90,18.66,18.99,9383400,17.728491
2009-03-04,20.08,21.889999,19.92,21.26,11338800,19.847695
2009-03-03,21.370001,22.360001,19.68,19.780001,15885600,18.466012
2009-03-02,23.559999,23.559999,20.42,20.99,16413000,19.595631
2009-02-27,24.190001,25.57,23.82,23.870001,12600000,22.284313
2009-02-26,27.33,27.33,23.200001,24.030001,19474800,22.433684
2009-02-25,29.24,29.27,26.75,27.08,7407300,25.281071
2009-02-24,28.10,29.610001,27.66,29.35,6571000,27.400275
2009-02-23,29.93,29.93,27.09,27.91,7046000,26.055934
2009-02-20,30.190001,30.34,28.98,29.82,4737100,27.839053
2009-02-19,30.50,31.15,30.24,30.469999,5269400,28.445873
2009-02-18,30.309999,30.620001,29.450001,30.030001,4384100,28.035103
2009-02-17,31.200001,31.219999,29.84,30.15,4634400,28.147131
2009-02-13,33.049999,33.25,31.93,32.110001,3213700,29.976928
2009-02-12,31.10,33.599998,30.33,33.060001,8543800,30.86382
2009-02-11,32.310001,33.189999,31.440001,32.240002,5731100,30.098293
2009-02-10,33.900002,34.209999,31.879999,32.189999,5322700,30.051612
2009-02-09,34.119999,34.669998,33.630001,34.209999,4223800,31.937424
2009-02-06,33.43,34.869999,33.349998,34.52,4467800,32.226832
2009-02-05,32.650002,34.439999,32.549999,33.470001,6725300,31.246584
2009-02-04,33.209999,33.880001,32.299999,32.759998,5820400,30.583747
2009-02-03,32.439999,33.360001,31.49,33.049999,6739600,30.854483
2009-02-02,30.49,33.16,30.42,32.209999,5436300,30.070284
2009-01-30,32.150002,32.369999,30.700001,31.00,5005100,28.940665
2009-01-29,32.93,33.110001,32.169998,32.189999,5791200,30.051612
2009-01-28,32.029999,34.389999,31.639999,33.41,11213300,31.190568
2009-01-27,29.60,31.99,28.90,31.48,7098500,29.388778
2009-01-26,29.82,30.610001,28.74,29.23,4372200,27.288246
2009-01-23,28.540001,30.370001,27.34,29.709999,5487800,27.736359
2009-01-22,27.23,29.48,27.23,29.07,7462500,27.138875
2009-01-21,26.27,27.67,25.83,27.52,4511600,25.691843
2009-01-20,27.32,27.65,25.60,25.860001,4895300,24.142117
2009-01-16,26.66,27.719999,26.51,27.49,4803800,25.663835
2009-01-15,26.07,26.610001,25.01,26.27,5764400,24.52488
2009-01-14,26.530001,26.530001,24.75,26.110001,5919000,24.375509
2009-01-13,27.559999,28.620001,26.290001,26.93,5385200,25.141036
2009-01-12,28.99,29.16,27.709999,28.17,2648000,26.298663
2009-01-09,29.860001,30.049999,28.860001,29.200001,3336500,27.26024
2009-01-08,28.99,30.15,28.74,30.00,4677600,28.007095
2009-01-07,28.219999,29.48,27.209999,29.18,6471700,27.241568
2009-01-06,29.43,30.559999,28.530001,30.360001,6266100,28.343181
2009-01-05,29.26,29.60,28.719999,29.24,4156200,27.297582
2009-01-02,28.59,29.610001,28.43,29.41,4180800,27.456289
2008-12-31,29.469999,29.65,27.950001,28.50,4151200,26.606741
2008-12-30,27.059999,29.40,27.059999,29.360001,4494100,27.409611
2008-12-29,26.99,27.26,26.549999,27.129999,3059800,25.327749
2008-12-26,26.530001,27.139999,26.440001,27.00,1261600,25.206386
2008-12-24,26.10,26.639999,25.93,26.299999,1051500,24.552886
2008-12-23,26.43,26.790001,26.02,26.190001,3126400,24.450195
2008-12-22,27.10,27.450001,25.25,26.01,4501500,24.282152
2008-12-19,26.27,27.66,25.690001,26.959999,8654200,25.169042
2008-12-18,24.67,26.23,24.440001,25.91,5498700,24.188795
2008-12-17,24.25,24.93,23.52,24.42,4822200,22.797776
2008-12-16,23.65,24.950001,23.139999,24.799999,6840700,23.152532
2008-12-15,22.25,23.870001,21.33,23.33,9436100,21.780184
2008-12-12,20.60,21.35,20.360001,21.01,4396800,19.614303
2008-12-11,20.459999,22.440001,20.43,21.280001,4990800,19.866367
2008-12-10,20.66,21.33,19.879999,20.60,3899400,19.231539
2008-12-09,21.469999,21.92,20.07,20.50,3644700,19.138182
2008-12-08,21.66,22.469999,21.16,21.709999,4806000,20.267801
2008-12-05,19.66,21.34,18.809999,21.26,4599300,19.847695
2008-12-04,19.99,20.969999,19.440001,19.870001,3063400,18.550034
2008-12-03,19.379999,20.49,19.23,20.26,3724600,18.914125
2008-12-02,19.93,20.51,19.450001,20.190001,4754100,18.848776
2008-12-01,21.459999,21.66,19.74,19.76,5077300,18.44734
2008-11-28,21.799999,22.41,21.65,21.82,1805500,20.370494
2008-11-26,20.639999,22.16,20.200001,21.90,3944500,20.445179
2008-11-25,20.52,21.40,20.049999,21.00,7258800,19.604967
2008-11-24,18.01,20.790001,17.68,20.139999,10327600,18.802096
2008-11-21,18.65,18.65,14.21,17.68,14735000,16.505515
2008-11-20,20.90,21.200001,18.07,18.299999,7372800,17.084328
2008-11-19,23.360001,23.92,20.959999,21.24,5359900,19.829023
2008-11-18,22.389999,23.93,22.16,23.290001,5672800,21.742843
2008-11-17,22.99,24.040001,22.25,22.799999,4752000,21.285392
2008-11-14,22.940001,24.68,22.91,23.33,6053200,21.780184
2008-11-13,21.90,23.40,20.41,23.309999,6393100,21.761513
2008-11-12,21.84,22.51,21.610001,21.809999,4526200,20.361158
2008-11-11,23.00,23.66,21.82,22.309999,4224000,20.827943
2008-11-10,23.879999,24.34,23.26,23.700001,4228800,22.125606
2008-11-07,23.379999,24.10,23.00,23.48,3655900,21.882876
2008-11-06,23.73,24.120001,22.879999,23.379999,7100500,21.789678
2008-11-05,24.469999,25.85,23.639999,23.92,7147600,22.292948
2008-11-04,26.50,26.559999,23.950001,24.469999,9970200,22.805536
2008-11-03,24.84,26.24,24.84,25.959999,5034400,24.194185
2008-10-31,25.93,25.93,22.280001,24.870001,15910300,23.178329
2008-10-30,27.07,27.67,25.00,25.940001,6383000,24.175547
2008-10-29,24.91,27.07,22.25,25.549999,13999900,23.812073
2008-10-28,25.98,27.950001,24.35,27.799999,6625000,25.909027
2008-10-27,27.639999,28.74,25.370001,25.370001,5253900,23.644319
2008-10-24,27.08,29.059999,26.34,28.25,5030600,26.328419
2008-10-23,28.90,30.35,27.52,29.280001,3752100,27.288358
2008-10-22,29.00,30.440001,28.07,28.82,6115300,26.859647
2008-10-21,31.940001,32.93,31.110001,31.200001,3255400,29.077759
2008-10-20,31.23,32.939999,30.58,32.540001,3498400,30.326611
2008-10-17,29.879999,32.310001,29.280001,30.98,4745700,28.872722
2008-10-16,31.66,32.740002,27.889999,30.41,7626400,28.341494
2008-10-15,34.189999,34.919998,30.50,30.610001,5495900,28.527891
2008-10-14,35.080002,36.189999,33.810001,35.110001,7078000,32.721798
2008-10-13,28.559999,32.900002,28.50,32.700001,7120700,30.475728
2008-10-10,24.200001,29.43,21.25,27.77,12466600,25.881069
2008-10-09,30.66,31.00,25.24,27.00,7892700,25.163444
2008-10-08,30.030001,32.360001,29.959999,30.58,3587900,28.499931
2008-10-07,33.650002,34.990002,30.790001,31.059999,3859000,28.94728
2008-10-06,35.73,36.939999,30.950001,33.619999,5158700,31.333147
2008-10-03,37.060001,38.50,36.00,36.400002,3303100,33.924052
2008-10-02,37.360001,38.150002,35.549999,36.330002,2060600,33.858814
2008-10-01,35.50,39.220001,34.529999,37.43,2499500,34.88399
2008-09-30,36.450001,36.869999,35.549999,36.110001,3101000,33.653777
2008-09-29,37.740002,40.00,34.00,35.25,3560400,32.852274
2008-09-26,36.68,39.849998,36.59,38.490002,3217800,35.871889
2008-09-25,37.689999,37.689999,35.610001,37.330002,2264800,34.790793
2008-09-24,37.00,37.50,36.00,36.049999,2234800,33.597857
2008-09-23,36.029999,37.790001,35.50,36.790001,3339000,34.287524
2008-09-22,38.169998,38.599998,35.50,35.830002,2752800,33.392824
2008-09-19,40.540001,43.970001,38.400002,38.59,7417800,35.965086
2008-09-18,36.68,38.540001,35.099998,38.139999,6344100,35.545694
2008-09-17,39.18,39.759998,37.330002,37.400002,5004100,34.856032
2008-09-16,40.509998,41.139999,39.00,39.790001,5273500,37.083462
2008-09-15,40.759998,42.200001,40.48,41.43,3843400,38.611908
2008-09-12,42.560001,42.82,41.75,42.52,2881300,39.627765
2008-09-11,41.279999,43.07,41.080002,42.98,4234100,40.056475
2008-09-10,41.689999,42.279999,41.619999,41.919998,4591800,39.068575
2008-09-09,42.630001,43.509998,41.419998,41.43,3475600,38.611908
2008-09-08,42.080002,42.939999,41.849998,42.73,4230200,39.82348
2008-09-05,40.970001,41.549999,40.32,41.419998,2787600,38.602586
2008-09-04,43.00,43.00,41.040001,41.099998,3956500,38.304353
2008-09-03,43.240002,43.490002,42.549999,43.150002,3045500,40.214913
2008-09-02,44.09,44.639999,42.689999,43.23,4113900,40.28947
2008-08-29,42.93,44.23,42.93,43.139999,2894400,40.205592
2008-08-28,42.990002,43.439999,42.619999,43.169998,1878100,40.23355
2008-08-27,42.389999,42.959999,41.689999,42.91,2189000,39.991237
2008-08-26,41.610001,42.700001,41.130001,42.369999,3012300,39.487967
2008-08-25,43.400002,43.700001,41.529999,41.630001,3510800,38.798304
2008-08-22,42.689999,44.009998,42.25,43.639999,3303300,40.671581
2008-08-21,41.580002,42.98,41.470001,42.650002,3220700,39.748924
2008-08-20,42.02,42.389999,41.279999,41.689999,2516300,38.854221
2008-08-19,42.529999,42.880001,40.66,41.689999,5172900,38.854221
2008-08-18,43.880001,44.139999,42.639999,42.91,2817000,39.991237
2008-08-15,42.68,43.990002,42.68,43.799999,3533200,40.820698
2008-08-14,42.799999,43.369999,42.400002,42.84,3084700,39.925998
2008-08-13,43.52,43.52,42.32,42.98,3199100,40.056475
2008-08-12,42.709999,43.990002,42.709999,43.529999,3753400,40.569063
2008-08-11,44.049999,44.110001,43.080002,43.459999,5971600,40.503825
2008-08-08,43.130001,44.529999,42.869999,44.110001,6387100,41.109613
2008-08-07,42.970001,43.509998,42.369999,42.919998,6301100,40.000555
2008-08-06,43.419998,43.419998,42.450001,43.099998,5241700,40.168311
2008-08-05,42.150002,43.700001,41.860001,43.610001,7539900,40.643623
2008-08-04,40.00,42.27,40.00,41.970001,4733600,39.115177
2008-08-01,40.919998,41.799999,39.259998,39.959999,6099600,37.241897
2008-07-31,41.060001,42.66,40.560001,41.009998,7570200,38.220474
2008-07-30,39.779999,40.439999,38.860001,40.32,6075800,37.57741
2008-07-29,38.560001,39.759998,38.240002,39.720001,3800000,37.018224
2008-07-28,39.23,40.029999,38.700001,38.720001,2974400,36.086244
2008-07-25,39.630001,40.009998,38.709999,39.220001,3576200,36.552234
2008-07-24,40.50,40.52,39.330002,39.369999,6199500,36.692029
2008-07-23,37.57,40.77,37.560001,40.77,12388200,37.996801
2008-07-22,34.450001,36.82,34.43,36.16,7662100,33.700376
2008-07-21,35.43,35.43,34.00,34.450001,5055500,32.106692
2008-07-18,35.779999,35.82,35.049999,35.220001,4713900,32.824316
2008-07-17,34.52,35.790001,34.169998,35.689999,7564800,33.262344
2008-07-16,34.84,35.330002,34.360001,34.41,5466200,32.069412
2008-07-15,36.16,36.16,34.57,34.860001,8561700,32.488803
2008-07-14,36.639999,36.970001,36.139999,36.380001,3874600,33.905412
2008-07-11,36.740002,37.049999,36.099998,36.23,4995000,33.765614
2008-07-10,36.759998,37.290001,36.200001,37.110001,4611100,34.585757
2008-07-09,37.540001,38.48,37.150002,37.25,4252200,34.716233
2008-07-08,36.34,37.630001,36.00,37.560001,5536400,35.005148
2008-07-07,37.259998,37.860001,35.669998,36.509998,5652700,34.026567
2008-07-03,36.98,37.990002,36.009998,37.139999,9094600,34.613715
2008-07-02,40.139999,41.919998,39.75,39.790001,5751400,37.083462
2008-07-01,40.00,40.439999,39.57,39.919998,4408400,37.204617
2008-06-30,40.200001,41.330002,40.029999,40.529999,5411000,37.773125
2008-06-27,39.610001,40.889999,39.599998,40.310001,5872400,37.568092
2008-06-26,40.099998,41.16,39.48,39.59,4107800,36.897065
2008-06-25,40.509998,41.040001,40.25,40.52,4277400,37.763806
2008-06-24,41.09,42.970001,40.049999,40.509998,4442900,37.754485
2008-06-23,41.040001,41.860001,40.919998,41.119999,3317500,38.322993
2008-06-20,41.450001,42.099998,40.810001,40.950001,6611500,38.164558
2008-06-19,40.34,42.290001,40.040001,41.849998,13124900,39.003337
2008-06-18,43.400002,43.849998,42.599998,42.599998,3981200,39.702322
2008-06-17,44.50,44.639999,43.630001,43.669998,2839600,40.699539
2008-06-16,45.25,45.25,43.869999,44.389999,3172100,41.370566
2008-06-13,44.950001,45.400002,43.959999,44.50,5459500,41.473084
2008-06-12,44.860001,45.09,44.330002,44.560001,3822200,41.529004
2008-06-11,45.130001,45.43,44.57,44.73,3465500,41.687439
2008-06-10,45.759998,45.970001,45.040001,45.139999,2721700,42.06955
2008-06-09,46.439999,46.759998,45.91,46.110001,4021900,42.973572
2008-06-06,47.18,47.18,46.130001,46.48,4828200,43.318403
2008-06-05,46.779999,47.540001,46.299999,47.490002,4167900,44.259704
2008-06-04,45.610001,46.68,45.419998,46.529999,3108800,43.365001
2008-06-03,45.470001,45.939999,45.029999,45.650002,3034100,42.544862
2008-06-02,46.889999,47.389999,45.07,45.34,4578200,42.255947
2008-05-30,46.459999,47.310001,46.400002,47.16,3368500,43.952149
2008-05-29,45.400002,46.880001,45.040001,46.509998,3775800,43.346361
2008-05-28,45.790001,45.93,44.939999,45.389999,3174600,42.302545
2008-05-27,45.619999,45.860001,44.599998,45.73,5163700,42.619418
2008-05-23,46.50,46.799999,45.610001,45.610001,3729300,42.507582
2008-05-22,44.619999,47.18,44.34,46.630001,6527800,43.458201
2008-05-21,44.330002,45.27,44.330002,44.650002,4235100,41.612882
2008-05-20,43.689999,44.740002,43.689999,44.41,3864600,41.389206
2008-05-19,43.560001,44.369999,43.43,43.810001,2661000,40.83002
2008-05-16,42.959999,43.869999,42.849998,43.560001,2829700,40.597025
2008-05-15,43.549999,43.549999,42.43,42.810001,3170600,39.89804
2008-05-14,43.82,43.990002,43.330002,43.439999,2295500,40.485185
2008-05-13,43.630001,43.959999,43.16,43.610001,2385300,40.643623
2008-05-12,43.279999,43.669998,43.049999,43.599998,2553000,40.634301
2008-05-09,43.09,43.560001,43.07,43.25,2116500,40.30811
2008-05-08,43.66,44.049999,43.43,43.529999,2244000,40.569063
2008-05-07,43.639999,44.259998,43.509998,43.720001,2932300,40.746141
2008-05-06,43.84,44.060001,43.080002,43.740002,1989300,40.764781
2008-05-05,42.990002,44.080002,42.900002,43.830002,2743600,40.84866
2008-05-02,43.169998,43.639999,42.540001,42.990002,2323200,40.065797
2008-05-01,43.849998,43.849998,42.740002,43.16,5553800,40.224232
2008-04-30,44.720001,44.720001,43.34,43.599998,3517300,40.634301
2008-04-29,43.970001,44.360001,43.040001,44.00,3432600,41.007094
2008-04-28,44.439999,44.50,43.610001,43.959999,3368400,40.969814
2008-04-25,42.68,44.07,42.310001,43.91,5590000,40.923216
2008-04-24,44.349998,45.18,40.599998,42.259998,8098500,39.385449
2008-04-23,40.18,43.720001,40.18,43.09,9031400,40.158993
2008-04-22,41.389999,41.389999,40.099998,40.380001,5091500,37.63333
2008-04-21,41.419998,42.299999,41.419998,42.139999,1930400,39.273612
2008-04-18,41.970001,42.029999,41.57,41.790001,3028700,38.947421
2008-04-17,40.799999,41.709999,39.639999,41.360001,2627200,38.546669
2008-04-16,42.299999,42.650002,40.860001,41.220001,3097200,38.416193
2008-04-15,40.889999,42.549999,40.740002,42.07,4866800,39.208374
2008-04-14,41.09,41.09,40.200001,40.709999,2821500,37.940881
2008-04-11,41.939999,42.209999,40.75,41.02,2554400,38.229796
2008-04-10,41.630001,42.540001,41.619999,42.130001,3051000,39.264294
2008-04-09,42.279999,42.490002,41.509998,41.619999,3022800,38.788982
2008-04-08,42.099998,42.84,42.02,42.279999,4733900,39.404089
2008-04-07,41.810001,42.84,41.810001,42.310001,2671100,39.43205
2008-04-04,42.279999,42.509998,41.580002,42.07,2257800,39.208374
2008-04-03,42.720001,43.32,42.09,42.279999,4169700,39.404089
2008-04-02,44.52,44.720001,42.799999,43.040001,5663100,40.112395
2008-04-01,42.00,44.27,42.00,44.220001,4056200,41.212131
2008-03-31,42.34,42.700001,41.919998,42.09,3655900,39.227014
2008-03-28,42.700001,43.18,42.400002,42.540001,3370500,39.646405
2008-03-27,44.139999,44.419998,43.23,43.25,3812500,40.30811
2008-03-26,44.73,45.00,43.900002,43.959999,4657000,40.969814
2008-03-25,44.369999,45.049999,44.119999,45.02,4266900,41.957714
2008-03-24,43.18,44.310001,42.91,44.23,5736900,41.221449
2008-03-20,42.50,43.259998,42.130001,43.09,4678900,40.158993
2008-03-19,42.32,43.689999,42.23,42.299999,7866300,39.422729
2008-03-18,43.040001,43.41,41.580002,42.200001,6802900,39.329532
2008-03-17,42.619999,43.48,42.099998,42.82,5167200,39.907358
2008-03-14,45.099998,45.200001,42.880001,43.720001,5621800,40.746141
2008-03-13,44.50,45.43,44.049999,44.68,7450700,41.640841
2008-03-12,40.700001,45.66,40.549999,44.549999,15712800,41.519682
2008-03-11,41.240002,42.779999,39.549999,42.650002,22857300,39.748924
2008-03-10,46.889999,47.380001,46.43,46.509998,3824400,43.346361
2008-03-07,48.25,48.330002,46.849998,46.939999,4355000,43.747113
2008-03-06,49.810001,50.169998,48.560001,48.630001,2535200,45.32216
2008-03-05,49.07,50.310001,48.98,50.060001,3206600,46.654891
2008-03-04,49.18,49.700001,49.02,49.139999,5522000,45.797468
2008-03-03,49.450001,49.549999,48.759998,49.509998,3947300,46.142299
2008-02-29,51.009998,51.330002,49.400002,49.599998,3666600,46.226178
2008-02-28,51.439999,51.880001,51.18,51.400002,2082200,47.903743
2008-02-27,51.860001,52.900002,51.73,51.91,3230300,48.379051
2008-02-26,51.389999,52.419998,51.389999,52.259998,3271300,48.705243
2008-02-25,50.43,51.939999,50.209999,51.830002,4236900,48.304495
2008-02-22,50.950001,51.169998,49.130001,50.130001,5280500,46.720129
2008-02-21,52.209999,52.23,50.709999,50.77,2650800,47.316595
2008-02-20,51.50,52.419998,50.889999,52.130001,3739600,48.584088
2008-02-19,50.919998,51.700001,50.919998,51.580002,5086300,48.0715
2008-02-15,48.950001,51.23,48.849998,50.84,7204100,47.381834
2008-02-14,49.740002,49.799999,48.880001,49.220001,5169500,45.872028
2008-02-13,49.790001,49.810001,47.700001,49.259998,11807600,45.909305
2008-02-12,50.32,50.869999,50.060001,50.580002,4682800,47.139521
2008-02-11,50.639999,50.66,49.639999,50.110001,4726400,46.701489
2008-02-08,52.080002,52.119999,50.150002,50.700001,4523800,47.251357
2008-02-07,53.27,53.50,49.00,51.959999,9604500,48.42565
2008-02-06,53.34,53.759998,52.73,53.279999,4161300,49.655862
2008-02-05,52.41,53.77,52.290001,52.450001,3257200,48.882321
2008-02-04,53.23,53.73,52.34,53.23,2642600,49.609264
2008-02-01,53.18,53.799999,52.389999,53.220001,3647200,49.599946
2008-01-31,53.049999,53.75,51.689999,53.259998,3713100,49.637222
2008-01-30,53.68,54.720001,53.360001,53.470001,2173100,49.832941
2008-01-29,53.799999,54.290001,53.619999,54.009998,2536600,50.336207
2008-01-28,52.77,53.91,52.080002,53.490002,3529500,49.851581
2008-01-25,53.990002,53.990002,52.41,52.599998,3735900,49.022116
2008-01-24,54.349998,54.900002,52.59,53.470001,3759700,49.832941
2008-01-23,51.759998,54.549999,50.759998,54.110001,6855100,50.429407
2008-01-22,54.00,54.389999,52.279999,53.43,5368400,49.795661
2008-01-18,57.099998,57.98,55.50,56.09,3745100,52.274726
2008-01-17,58.290001,58.380001,56.59,56.830002,5712600,52.964392
2008-01-16,55.900002,58.970001,55.860001,58.240002,7621400,54.278483
2008-01-15,57.240002,57.970001,56.16,56.27,5173200,52.442482
2008-01-14,58.759998,59.00,57.470001,57.84,4734000,53.90569
2008-01-11,58.759998,59.43,58.299999,58.41,3419300,54.436918
2008-01-10,58.09,59.25,57.84,59.189999,2485700,55.16386
2008-01-09,58.349998,59.130001,57.849998,58.400002,4908800,54.427599
2008-01-08,58.099998,59.439999,58.00,58.34,5383700,54.371679
2008-01-07,56.200001,58.099998,55.950001,57.919998,3831300,53.980246
2008-01-04,56.619999,57.119999,55.880001,55.970001,3121800,52.162889
2008-01-03,56.720001,57.66,56.689999,57.209999,1735400,53.318542
2008-01-02,57.810001,57.959999,56.310001,56.639999,2521300,52.787314
2007-12-31,57.560001,57.98,57.450001,57.73,1133100,53.803171
2007-12-28,58.240002,58.450001,57.540001,57.869999,1028300,53.933648
2007-12-27,58.650002,58.779999,57.720001,57.779999,1104200,53.84977
2007-12-26,58.509998,58.93,58.049999,58.82,1192000,54.819029
2007-12-24,58.709999,58.830002,58.240002,58.400002,667400,54.427599
2007-12-21,58.43,58.75,57.849998,58.549999,3589800,54.567394
2007-12-20,57.650002,58.389999,57.650002,58.09,2579000,54.138685
2007-12-19,58.150002,58.150002,57.349998,57.349998,2041000,53.449018
2007-12-18,57.560001,58.07,57.27,57.720001,2399100,53.793853
2007-12-17,58.060001,58.060001,57.049999,57.099998,2095300,53.216023
2007-12-14,58.07,58.549999,57.639999,57.849998,3162400,53.915008
2007-12-13,57.580002,58.009998,57.349998,57.950001,3522700,54.008208
2007-12-12,58.98,59.09,57.43,57.75,4832700,53.821811
2007-12-11,59.970001,60.00,57.84,57.919998,4115300,53.980246
2007-12-10,59.209999,59.900002,58.549999,59.759998,3058900,55.695088
2007-12-07,58.50,59.509998,58.369999,58.93,3327100,54.921547
2007-12-06,57.490002,58.48,57.299999,58.48,2575100,54.502156
2007-12-05,56.52,57.470001,56.52,57.32,2670000,53.42106
2007-12-04,56.330002,56.599998,55.599998,56.110001,3112000,52.293366
2007-12-03,55.880001,56.830002,55.68,56.549999,2532200,52.703435
2007-11-30,56.240002,56.25,55.150002,55.880001,2438000,52.079011
2007-11-29,55.91,56.34,55.580002,55.689999,1794200,51.901932
2007-11-28,56.00,56.259998,54.91,56.200001,2680500,52.377244
2007-11-27,55.82,55.919998,54.560001,55.52,2888800,51.743498
2007-11-26,55.00,56.220001,54.709999,55.419998,3588600,51.650298
2007-11-23,54.049999,54.48,53.849998,54.139999,628100,50.457365
2007-11-21,54.82,55.389999,53.709999,53.799999,2326600,50.140492
2007-11-20,54.75,55.619999,54.549999,55.169998,2687600,51.417303
2007-11-19,55.009998,55.709999,54.450001,54.75,2344500,51.025873
2007-11-16,55.330002,55.48,54.48,54.919998,3216000,51.184308
2007-11-15,54.810001,55.619999,54.73,54.849998,2404000,51.11907
2007-11-14,54.34,55.349998,54.150002,54.919998,2802700,51.184308
2007-11-13,54.34,54.450001,53.330002,54.34,2848900,50.643762
2007-11-12,54.459999,55.150002,53.810001,53.959999,2794800,50.252329
2007-11-09,54.00,55.23,53.869999,54.619999,2430500,50.866979
2007-11-08,53.630001,54.990002,53.50,54.619999,2794500,50.866979
2007-11-07,54.110001,54.720001,53.529999,53.580002,1756800,49.898442
2007-11-06,54.490002,54.889999,53.68,54.599998,1730700,50.848353
2007-11-05,53.50,54.740002,53.50,54.450001,2923100,50.708662
2007-11-02,55.09,55.310001,53.619999,54.380001,2556000,50.643472
2007-11-01,56.07,56.59,54.959999,55.02,2722600,51.239496
2007-10-31,55.709999,56.27,55.299999,56.169998,2700300,52.310476
2007-10-30,55.00,55.990002,54.549999,55.290001,1645400,51.490944
2007-10-29,55.720001,56.18,55.00,55.209999,2412600,51.416439
2007-10-26,57.610001,58.00,55.650002,55.880001,5900400,52.040405
2007-10-25,54.299999,56.369999,54.299999,55.990002,7746100,52.142847
2007-10-24,53.18,53.630001,52.00,52.900002,2844100,49.265165
2007-10-23,53.419998,53.799999,53.02,53.41,1858300,49.740121
2007-10-22,52.380001,53.400002,52.099998,53.32,1638600,49.656305
2007-10-19,53.849998,54.75,52.720001,52.849998,2464800,49.218598
2007-10-18,53.66,54.599998,53.459999,53.849998,1898200,50.149886
2007-10-17,53.50,53.759998,53.080002,53.740002,1789100,50.047448
2007-10-16,53.119999,53.34,52.25,52.900002,2235200,49.265165
2007-10-15,53.23,53.240002,52.360001,53.09,1648900,49.442109
2007-10-12,52.98,53.799999,52.540001,53.139999,2964000,49.488672
2007-10-11,54.779999,55.02,52.459999,53.130001,3055400,49.479361
2007-10-10,54.950001,55.209999,54.34,54.580002,2159500,50.82973
2007-10-09,54.41,54.900002,54.32,54.900002,1762400,51.127742
2007-10-08,53.869999,54.310001,53.759998,54.169998,1060500,50.447899
2007-10-05,53.169998,54.110001,53.110001,53.830002,2995700,50.131264
2007-10-04,53.779999,53.779999,52.849998,53.080002,1968100,49.432797
2007-10-03,54.200001,54.669998,53.200001,53.490002,3276900,49.814626
2007-10-02,54.619999,54.939999,53.900002,54.389999,2080600,50.652783
2007-10-01,54.580002,54.990002,54.299999,54.52,2369700,50.773852
2007-09-28,53.799999,54.959999,53.700001,54.27,4806000,50.54103
2007-09-27,53.560001,54.080002,53.150002,54.00,1783600,50.289581
2007-09-26,53.310001,53.91,53.16,53.25,2494900,49.591115
2007-09-25,52.59,53.630001,52.25,53.299999,2395000,49.637678
2007-09-24,52.619999,53.240002,51.860001,52.740002,2229000,49.116159
2007-09-21,52.459999,52.560001,51.900002,52.34,3405000,48.743642
2007-09-20,52.919998,53.73,52.060001,52.279999,3279500,48.687764
2007-09-19,54.150002,54.700001,52.93,53.119999,3829000,49.470046
2007-09-18,51.98,54.400002,51.849998,53.82,6689100,50.121949
2007-09-17,51.27,51.93,51.220001,51.799999,2773700,48.240746
2007-09-14,50.919998,51.75,50.700001,51.48,3113500,47.942734
2007-09-13,50.779999,51.189999,50.34,51.00,2323200,47.495716
2007-09-12,50.00,50.98,49.950001,50.34,2675000,46.881065
2007-09-11,50.439999,50.439999,49.580002,50.139999,2050800,46.694807
2007-09-10,50.549999,50.630001,49.50,49.959999,1948300,46.527175
2007-09-07,51.150002,51.400002,49.93,50.240002,3243100,46.787938
2007-09-06,50.549999,51.380001,50.50,51.220001,3170600,47.7006
2007-09-05,50.900002,51.310001,50.400002,50.560001,2988600,47.08595
2007-09-04,50.98,51.720001,50.790001,51.150002,2676900,47.63541
2007-08-31,50.869999,51.349998,50.18,50.91,2161700,47.411899
2007-08-30,50.16,50.939999,49.860001,50.470001,1998900,47.002134
2007-08-29,49.740002,50.610001,49.619999,50.50,2133400,47.030071
2007-08-28,50.009998,50.490002,49.459999,49.57,2995700,46.163973
2007-08-27,49.700001,50.23,49.68,50.00,2854500,46.564427
2007-08-24,49.41,50.189999,49.209999,50.09,2330600,46.648243
2007-08-23,49.950001,50.00,49.330002,49.41,2905400,46.014967
2007-08-22,49.00,49.830002,48.950001,49.59,2538500,46.182599
2007-08-21,48.610001,49.130001,48.459999,48.689999,2807600,45.344438
2007-08-20,48.169998,49.619999,48.150002,48.759998,2527300,45.409628
2007-08-17,49.779999,49.98,39.02,49.040001,4740600,45.670391
2007-08-16,46.950001,50.599998,46.490002,48.860001,6645500,45.502759
2007-08-15,46.200001,48.040001,46.200001,47.139999,5573000,43.900941
2007-08-14,48.369999,48.720001,47.029999,47.049999,4266100,43.817125
2007-08-13,48.700001,49.700001,48.290001,48.439999,4571400,45.111616
2007-08-10,47.060001,49.00,46.599998,48.689999,5443000,45.344438
2007-08-09,47.990002,48.560001,46.889999,46.950001,7054200,43.723998
2007-08-08,48.68,49.450001,47.349998,48.459999,5168200,45.130242
2007-08-07,49.560001,50.240002,48.93,49.560001,3385100,46.154661
2007-08-06,49.52,50.220001,49.419998,49.98,4118800,46.545801
2007-08-03,50.400002,50.740002,49.02,49.310001,4875300,45.921839
2007-08-02,49.279999,50.799999,48.98,50.709999,5568100,47.225641
2007-08-01,47.509998,49.00,47.290001,48.970001,5928300,45.605201
2007-07-31,49.18,49.50,47.970001,48.07,4408900,44.76704
2007-07-30,48.75,49.43,48.209999,49.18,3962300,45.800771
2007-07-27,50.00,50.450001,48.650002,48.650002,4019800,45.307189
2007-07-26,51.650002,51.990002,49.41,49.849998,6102200,46.424732
2007-07-25,50.50,50.919998,49.360001,50.650002,4371800,47.169766
2007-07-24,50.700001,51.389999,50.59,50.740002,3044300,47.253582
2007-07-23,50.330002,51.330002,50.099998,51.099998,2940600,47.588843
2007-07-20,49.529999,50.450001,49.529999,49.669998,2802200,46.2571
2007-07-19,50.75,50.939999,50.200001,50.41,3095800,46.946255
2007-07-18,50.490002,51.099998,50.009998,51.00,4115600,47.495716
2007-07-17,50.040001,50.580002,49.700001,49.939999,2044400,46.508548
2007-07-16,50.330002,50.709999,49.919998,50.009998,2842900,46.573738
2007-07-13,51.919998,51.919998,50.91,50.91,1660400,47.411899
2007-07-12,50.689999,51.75,50.389999,51.73,2463700,48.175556
2007-07-11,50.310001,50.799999,50.02,50.389999,1878700,46.927629
2007-07-10,50.57,51.450001,50.419998,50.470001,2532400,47.002134
2007-07-09,51.240002,51.400002,50.369999,50.860001,1558300,47.365336
2007-07-06,50.43,51.34,50.27,51.080002,2070600,47.57022
2007-07-05,49.93,50.66,49.630001,50.450001,2555400,46.983508
2007-07-03,50.369999,50.439999,49.919998,50.02,1028500,46.583053
2007-07-02,49.400002,50.540001,49.400002,50.439999,2018000,46.974193
2007-06-29,50.00,50.459999,49.02,49.400002,1827800,46.005655
2007-06-28,50.049999,50.220001,49.759998,49.849998,2356800,46.424732
2007-06-27,49.16,50.099998,49.099998,50.099998,2436200,46.657554
2007-06-26,48.619999,49.66,48.619999,49.459999,2936500,46.06153
2007-06-25,49.00,49.349998,48.419998,48.50,2958100,45.167494
2007-06-22,49.290001,49.810001,48.529999,49.110001,4613800,45.735581
2007-06-21,49.48,49.740002,49.119999,49.369999,2513500,45.977714
2007-06-20,50.66,50.830002,49.439999,49.48,2987700,46.080157
2007-06-19,50.509998,50.689999,50.060001,50.610001,2703300,47.132514
2007-06-18,50.43,50.790001,50.299999,50.50,3784000,47.030071
2007-06-15,50.599998,50.950001,50.009998,50.23,4553300,46.778623
2007-06-14,51.240002,51.490002,50.560001,50.59,3088500,47.113887
2007-06-13,51.950001,52.07,50.98,51.439999,2875600,47.905481
2007-06-12,52.16,52.240002,51.740002,51.77,2507000,48.212808
2007-06-11,52.57,52.939999,51.880001,52.290001,1786400,48.697079
2007-06-08,51.400002,52.27,51.380001,52.25,2552800,48.659826
2007-06-07,50.950001,52.060001,50.700001,51.400002,4616100,47.868232
2007-06-06,52.299999,52.330002,51.110001,51.32,3582000,47.793728
2007-06-05,52.540001,52.880001,52.189999,52.380001,3373800,48.780895
2007-06-04,53.00,53.360001,52.740002,52.84,2898400,49.209287
2007-06-01,53.220001,53.32,52.91,53.27,2665500,49.609741
2007-05-31,53.290001,53.43,52.779999,52.93,2853400,49.293103
2007-05-30,52.549999,53.169998,52.259998,53.060001,2605600,49.414171
2007-05-29,52.150002,52.990002,51.880001,52.889999,2873700,49.25585
2007-05-25,51.599998,52.599998,51.529999,52.419998,1943300,48.818144
2007-05-24,52.380001,52.639999,51.549999,51.599998,2752800,48.054487
2007-05-23,52.560001,52.630001,51.900002,51.900002,1669900,48.333877
2007-05-22,52.349998,52.799999,52.200001,52.360001,1785400,48.762269
2007-05-21,52.599998,52.599998,51.91,52.380001,3458900,48.780895
2007-05-18,52.650002,53.00,51.91,52.290001,4104900,48.697079
2007-05-17,51.990002,52.73,51.720001,52.560001,4048300,48.948527
2007-05-16,50.50,52.110001,50.389999,52.060001,5196800,48.482883
2007-05-15,49.779999,50.50,49.779999,50.290001,3108500,46.834502
2007-05-14,49.900002,50.380001,49.75,49.779999,3176200,46.359542
2007-05-11,49.689999,50.040001,49.560001,49.990002,3682200,46.555116
2007-05-10,49.889999,50.25,49.709999,49.709999,3541000,46.294352
2007-05-09,49.950001,50.419998,49.650002,50.169998,5284700,46.722744
2007-05-08,49.950001,49.990002,49.540001,49.950001,3717700,46.517863
2007-05-07,49.290001,50.00,49.02,50.00,4161500,46.564427
2007-05-04,48.439999,49.09,48.360001,48.720001,2782100,45.372379
2007-05-03,48.490002,48.580002,47.970001,48.119999,2940000,44.813604
2007-05-02,47.849998,48.869999,47.700001,48.27,4125000,44.953298
2007-05-01,47.029999,47.939999,46.93,47.75,4051100,44.469028
2007-04-30,47.310001,47.50,46.830002,46.880001,3889900,43.658808
2007-04-27,46.82,47.240002,46.68,47.060001,2637500,43.82644
2007-04-26,47.189999,47.889999,46.650002,47.220001,7574100,43.975446
2007-04-25,44.450001,45.34,44.119999,45.00,5045100,41.907984
2007-04-24,44.32,45.91,44.32,45.560001,2802100,42.429507
2007-04-23,44.799999,45.060001,44.400002,44.82,2836300,41.740352
2007-04-20,45.799999,45.799999,44.860001,44.860001,4529200,41.777604
2007-04-19,44.630001,45.400002,44.32,45.029999,3899100,41.935922
2007-04-18,45.27,45.970001,45.00,45.84,2762000,42.690267
2007-04-17,45.849998,46.16,45.330002,45.43,2594400,42.308439
2007-04-16,45.240002,46.00,44.669998,45.360001,2624300,42.243249
2007-04-13,44.599998,44.720001,44.200001,44.619999,1735600,41.554094
2007-04-12,44.25,44.599998,44.07,44.43,1636100,41.37715
2007-04-11,44.98,45.099998,44.07,44.389999,1988600,41.339898
2007-04-10,45.200001,45.310001,44.959999,45.07,1125900,41.973174
2007-04-09,45.459999,45.48,44.91,45.310001,1474800,42.196685
2007-04-05,44.619999,45.279999,44.400002,45.00,1454700,41.907984
2007-04-04,44.650002,44.91,44.459999,44.619999,1856600,41.554094
2007-04-03,44.59,45.18,44.580002,44.830002,2304700,41.749667
2007-04-02,43.740002,44.299999,43.52,44.189999,2374800,41.153639
2007-03-30,43.529999,44.060001,43.32,43.790001,2321300,40.781126
2007-03-29,44.049999,44.099998,43.099998,43.450001,3858200,40.464488
2007-03-28,44.599998,44.599998,44.00,44.130001,2337600,41.097764
2007-03-27,45.150002,45.200001,44.18,44.720001,3442200,41.647225
2007-03-26,45.16,45.299999,44.75,45.119999,2162400,42.019738
2007-03-23,46.330002,46.330002,45.169998,45.200001,2449600,42.094243
2007-03-22,45.560001,46.099998,45.349998,45.630001,3506200,42.494697
2007-03-21,44.119999,45.599998,44.00,45.560001,5262100,42.429507
2007-03-20,43.93,44.369999,43.41,44.189999,3120200,41.153639
2007-03-19,43.549999,43.970001,43.310001,43.869999,2368500,40.855627
2007-03-16,42.900002,43.709999,42.50,43.189999,5526500,40.222351
2007-03-15,42.509998,42.869999,42.310001,42.669998,3816400,39.73808
2007-03-14,43.02,43.18,42.049999,42.490002,3562300,39.570452
2007-03-13,43.349998,43.650002,42.740002,42.799999,2928400,39.859149
2007-03-12,43.990002,44.200001,43.32,43.450001,3084500,40.464488
2007-03-09,44.549999,44.73,43.599998,43.740002,2006900,40.734562
2007-03-08,44.549999,44.689999,43.849998,44.040001,3293800,41.013948
2007-03-07,44.27,44.599998,44.00,44.290001,2207000,41.24677
2007-03-06,43.66,44.720001,43.549999,44.450001,3739400,41.395776
2007-03-05,43.849998,44.119999,43.400002,43.450001,2418500,40.464488
2007-03-02,44.849998,45.75,44.209999,44.209999,3193700,41.172266
2007-03-01,43.630001,44.970001,43.290001,44.849998,3707800,41.76829
2007-02-28,44.169998,44.740002,43.950001,44.220001,3497500,41.18158
2007-02-27,45.50,45.650002,43.490002,44.279999,3696400,41.237455
2007-02-26,46.060001,46.150002,45.389999,45.860001,2395900,42.708893
2007-02-23,46.07,46.23,45.669998,46.060001,3095600,42.895151
2007-02-22,45.830002,46.259998,45.439999,46.130001,3433400,42.960341
2007-02-21,46.150002,46.27,45.560001,45.830002,3474500,42.680956
2007-02-20,45.419998,46.599998,45.380001,46.32,5513800,43.137285
2007-02-16,44.799999,45.669998,44.549999,45.610001,8105800,42.476071
2007-02-15,43.509998,45.18,43.470001,45.040001,5796900,41.945237
2007-02-14,42.599998,43.799999,42.599998,43.639999,3533200,40.641431
2007-02-13,43.00,43.610001,42.900002,43.43,2747800,40.445862
2007-02-12,42.599998,43.07,42.52,43.00,2336400,40.045407
2007-02-09,43.380001,43.450001,42.099998,42.57,3595000,39.644953
2007-02-08,43.32,43.400002,42.07,42.93,6067300,39.980217
2007-02-07,44.00,44.32,43.75,44.00,5430100,40.976696
2007-02-06,43.400002,43.700001,42.810001,43.549999,3123600,40.557615
2007-02-05,42.470001,44.299999,42.400002,42.889999,4769700,39.942965
2007-02-02,42.279999,42.73,41.889999,42.52,2091500,39.598389
2007-02-01,42.16,42.50,41.849998,42.279999,2206200,39.374878
2007-01-31,41.799999,42.27,41.599998,42.16,2323400,39.263125
2007-01-30,41.25,41.740002,41.080002,41.720001,2201800,38.853359
2007-01-29,41.080002,41.580002,40.830002,41.049999,2120400,38.229394
2007-01-26,41.099998,41.25,40.82,40.970001,2119700,38.154893
2007-01-25,41.740002,41.799999,41.07,41.099998,2342800,38.275958
2007-01-24,42.139999,42.139999,41.43,41.740002,3716800,38.871985
2007-01-23,41.849998,42.25,41.50,42.18,2398800,39.281751
2007-01-22,41.900002,42.419998,41.630001,41.790001,2427100,38.918549
2007-01-19,41.84,42.110001,41.650002,41.889999,2193000,39.011676
2007-01-18,41.650002,42.25,41.369999,41.830002,2258100,38.955801
2007-01-17,42.360001,42.57,42.150002,42.27,3126300,39.365567
2007-01-16,42.360001,42.990002,42.349998,42.68,2461400,39.747395
2007-01-12,42.290001,42.50,41.900002,42.349998,2469500,39.440068
2007-01-11,41.099998,42.459999,41.00,42.330002,3231900,39.421446
2007-01-10,40.669998,41.119999,40.310001,41.00,3236900,38.18283
2007-01-09,41.700001,41.75,40.759998,40.889999,3160400,38.080388
2007-01-08,41.349998,41.59,41.00,41.529999,3532000,38.676412
2007-01-05,41.650002,42.099998,41.110001,41.400002,4857000,38.555347
2007-01-04,42.880001,42.880001,42.09,42.119999,3201500,39.225872
2007-01-03,43.299999,43.610001,42.50,42.880001,2798900,39.933654
2006-12-29,43.43,43.580002,43.18,43.18,1310300,40.213039
2006-12-28,43.599998,43.689999,43.299999,43.43,2030100,40.445862
2006-12-27,43.700001,43.900002,43.630001,43.709999,1931200,40.706621
2006-12-26,43.27,43.700001,43.150002,43.639999,1296800,40.641431
2006-12-22,43.59,43.59,43.00,43.27,1197800,40.296856
2006-12-21,43.59,43.689999,43.48,43.50,2039200,40.511052
2006-12-20,43.16,43.720001,43.099998,43.509998,2772300,40.520363
2006-12-19,43.119999,43.259998,42.91,42.98,3021400,40.026781
2006-12-18,43.119999,43.310001,42.959999,43.290001,2383600,40.315482
2006-12-15,42.84,43.549999,42.459999,43.200001,5825800,40.231666
2006-12-14,42.799999,43.139999,42.529999,42.599998,2372900,39.67289
2006-12-13,43.349998,43.490002,42.639999,42.689999,2314300,39.756707
2006-12-12,43.009998,43.32,42.779999,43.18,3349600,40.213039
2006-12-11,42.389999,43.200001,42.389999,43.009998,2888400,40.054719
2006-12-08,42.599998,42.790001,42.150002,42.380001,2077900,39.468009
2006-12-07,42.610001,43.00,42.450001,42.68,1992700,39.747395
2006-12-06,42.259998,43.00,41.959999,42.439999,2716800,39.523884
2006-12-05,42.25,42.580002,41.93,42.259998,2138300,39.356252
2006-12-04,41.700001,42.330002,41.599998,42.27,3475400,39.365567
2006-12-01,41.529999,41.830002,41.009998,41.34,2615300,38.499468
2006-11-30,40.73,41.869999,40.689999,41.310001,5526400,38.471531
2006-11-29,41.32,41.490002,40.52,40.73,3448100,37.931382
2006-11-28,41.57,41.790001,41.040001,41.400002,2801600,38.555347
2006-11-27,41.450001,42.040001,41.209999,41.509998,3930600,38.657786
2006-11-24,41.169998,42.439999,41.099998,41.459999,2419500,38.611222
2006-11-22,41.360001,41.540001,40.900002,41.310001,2704300,38.471531
2006-11-21,41.580002,42.150002,40.98,41.099998,3706400,38.275958
2006-11-20,41.029999,41.529999,41.02,41.349998,2369800,38.50878
2006-11-17,41.259998,41.380001,40.59,41.27,2369800,38.434278
2006-11-16,41.470001,41.75,41.41,41.419998,1837600,38.57397
2006-11-15,41.00,41.75,40.799999,41.439999,3702800,38.592596
2006-11-14,40.639999,41.09,40.580002,40.799999,2472600,37.996572
2006-11-13,40.00,40.82,39.939999,40.759998,2649500,37.959319
2006-11-10,39.549999,40.369999,39.310001,40.240002,5601400,37.437801
2006-11-09,40.349998,40.549999,38.880001,39.07,4665600,36.349275
2006-11-08,40.00,40.610001,39.450001,40.349998,4586900,37.540138
2006-11-07,41.240002,41.560001,40.91,41.259998,3511200,38.386768
2006-11-06,40.419998,41.82,40.400002,41.560001,3734100,38.66588
2006-11-03,41.330002,41.389999,40.25,40.540001,3709400,37.71691
2006-11-02,40.209999,41.490002,40.200001,41.330002,3671800,38.451897
2006-11-01,41.610001,41.950001,39.849998,40.209999,4197900,37.409888
2006-10-31,40.75,41.290001,40.57,41.220001,4277000,38.349557
2006-10-30,41.580002,41.650002,40.599998,40.709999,3699400,37.87507
2006-10-27,41.389999,41.93,41.200001,41.580002,4633300,38.684488
2006-10-26,41.599998,42.73,40.900002,41.389999,12797900,38.507717
2006-10-25,39.169998,39.459999,38.220001,38.529999,5700400,35.846878
2006-10-24,39.830002,40.080002,39.380001,39.549999,2743100,36.795849
2006-10-23,40.330002,40.48,39.639999,39.84,2523600,37.065655
2006-10-20,39.91,40.419998,39.869999,40.330002,2901300,37.521534
2006-10-19,40.00,40.419998,39.77,39.91,2733600,37.13078
2006-10-18,39.880001,40.009998,39.57,39.84,2287400,37.065655
2006-10-17,39.700001,39.84,39.48,39.630001,2587600,36.87028
2006-10-16,39.299999,39.900002,39.02,39.720001,2879100,36.954012
2006-10-13,40.279999,40.279999,38.990002,39.290001,3494800,36.553956
2006-10-12,40.25,40.48,39.82,40.220001,1608300,37.419194
2006-10-11,39.75,40.150002,39.689999,39.950001,2378600,37.167995
2006-10-10,40.400002,40.400002,39.549999,39.82,2067500,37.047047
2006-10-09,40.32,40.490002,39.77,40.27,1314100,37.465711
2006-10-06,41.16,41.209999,40.169998,40.32,2772600,37.512229
2006-10-05,40.41,41.25,40.049999,41.16,3207900,38.293734
2006-10-04,39.84,40.41,39.50,40.41,2625600,37.595961
2006-10-03,39.360001,39.950001,39.25,39.84,3007700,37.065655
2006-10-02,39.360001,39.75,38.75,39.09,2717400,36.367883
2006-09-29,39.029999,39.639999,38.880001,39.549999,3483200,36.795849
2006-09-28,38.869999,38.990002,38.560001,38.880001,2685300,36.172507
2006-09-27,39.389999,39.549999,38.529999,38.619999,3336500,35.930611
2006-09-26,39.400002,39.50,39.09,39.25,3653800,36.516741
2006-09-25,38.700001,39.540001,38.57,39.400002,3423400,36.656297
2006-09-22,38.650002,38.939999,38.02,38.32,2357200,35.651503
2006-09-21,38.98,39.16,38.299999,38.639999,3111000,35.949219
2006-09-20,38.860001,39.060001,38.279999,38.970001,3573000,36.25624
2006-09-19,39.00,39.150002,38.50,38.560001,3591200,35.874792
2006-09-18,38.560001,39.080002,38.150002,38.400002,4893400,35.725934
2006-09-15,40.040001,40.099998,38.950001,39.209999,5320800,36.479525
2006-09-14,39.189999,39.950001,39.07,39.82,2333200,37.047047
2006-09-13,39.889999,39.990002,39.360001,39.439999,2799600,36.693508
2006-09-12,38.889999,39.84,38.77,39.560001,5192800,36.805154
2006-09-11,36.060001,39.09,36.00,38.43,7491800,35.753843
2006-09-08,36.389999,36.650002,35.50,36.50,1978800,33.958243
2006-09-07,35.849998,35.869999,35.07,35.599998,3239000,33.120915
2006-09-06,36.00,36.560001,35.650002,36.040001,3199500,33.530277
2006-09-05,36.790001,36.849998,36.080002,36.16,5054200,33.641919
2006-09-01,36.950001,37.290001,36.669998,36.790001,3644200,34.228049
2006-08-31,37.599998,37.799999,36.700001,37.27,5774000,34.674623
2006-08-30,37.650002,38.349998,37.639999,38.00,4478200,35.353787
2006-08-29,37.52,37.939999,37.52,37.639999,2712800,35.018856
2006-08-28,37.419998,37.880001,37.060001,37.669998,2374500,35.046766
2006-08-25,37.650002,37.650002,37.009998,37.41,3404000,34.804873
2006-08-24,35.700001,37.849998,35.700001,37.66,4978500,35.037464
2006-08-23,36.25,36.599998,36.049999,36.380001,4786000,33.8466
2006-08-22,36.400002,36.66,36.220001,36.400002,5489500,33.865208
2006-08-21,37.349998,37.599998,36.130001,36.299999,9604800,33.77217
2006-08-18,36.25,36.630001,36.139999,36.59,2680300,34.041976
2006-08-17,35.630001,36.419998,35.360001,36.200001,3609800,33.679135
2006-08-16,35.299999,35.700001,35.16,35.630001,4372200,33.148828
2006-08-15,35.900002,35.939999,35.099998,35.209999,5169600,32.758074
2006-08-14,35.25,35.599998,35.150002,35.59,4750900,33.111613
2006-08-11,35.369999,35.41,34.790001,35.41,4349900,32.944147
2006-08-10,34.200001,35.400002,34.18,35.369999,5507900,32.906932
2006-08-09,34.400002,35.049999,34.25,34.650002,7938300,32.237073
2006-08-08,33.740002,34.290001,33.68,34.049999,6826500,31.678853
2006-08-07,33.049999,33.810001,32.970001,33.439999,4214700,31.111331
2006-08-04,33.00,33.52,32.889999,33.400002,9019100,31.07412
2006-08-03,32.490002,32.779999,32.049999,32.52,8181100,30.255399
2006-08-02,32.00,32.490002,31.49,32.490002,14953000,30.22749
2006-08-01,31.25,31.450001,30.940001,30.99,10570700,28.831944
2006-07-31,32.669998,33.240002,31.49,31.49,14436400,29.297125
2006-07-28,33.700001,33.700001,32.00,32.169998,16194300,29.92977
2006-07-27,32.459999,33.369999,31.01,33.25,35884900,30.934564
2006-07-26,41.540001,41.560001,39.650002,39.959999,5066300,37.177297
2006-07-25,39.700001,41.59,39.66,41.259998,4519000,38.386768
2006-07-24,39.009998,40.52,38.970001,40.50,3947300,37.679694
2006-07-21,39.049999,39.529999,38.580002,39.009998,3268700,36.293452
2006-07-20,39.799999,40.450001,39.23,39.25,2360900,36.516741
2006-07-19,38.75,40.349998,38.610001,39.91,6072300,37.13078
2006-07-18,37.509998,38.080002,37.209999,38.049999,3009900,35.400305
2006-07-17,37.990002,38.470001,37.799999,37.84,1785100,35.204929
2006-07-14,38.25,38.25,37.43,37.84,3009200,35.204929
2006-07-13,39.009998,39.130001,38.240002,38.50,3400400,35.818969
2006-07-12,40.080002,40.27,39.169998,39.220001,3041200,36.488831
2006-07-11,39.150002,40.32,39.099998,40.040001,4058500,37.251728
2006-07-10,39.200001,39.50,38.860001,39.23,2919800,36.498133
2006-07-07,38.75,39.049999,38.400002,38.860001,3119200,36.1539
2006-07-06,38.799999,39.450001,38.529999,38.700001,3528300,36.005042
2006-07-05,39.130001,39.400002,38.75,38.91,2067900,36.200417
2006-07-03,40.00,40.00,39.009998,39.419998,2295900,36.674901
2006-06-30,39.349998,40.50,38.849998,39.93,5787900,37.149388
2006-06-29,39.50,39.529999,38.139999,39.240002,6867000,36.507439
2006-06-28,40.459999,40.91,37.75,39.369999,8375300,36.628383
2006-06-27,41.610001,41.669998,40.560001,40.580002,2419200,37.754125
2006-06-26,40.98,41.849998,40.830002,41.610001,3497100,38.712398
2006-06-23,40.259998,41.369999,40.119999,40.970001,3042700,38.116966
2006-06-22,39.889999,40.59,39.720001,40.25,3268300,37.447104
2006-06-21,38.82,40.200001,38.799999,40.00,3048000,37.214513
2006-06-20,39.130001,39.349998,38.799999,39.00,4056000,36.28415
2006-06-19,39.450001,39.75,38.939999,39.18,3145000,36.451616
2006-06-16,38.880001,39.540001,38.880001,39.23,4221900,36.498133
2006-06-15,39.240002,39.73,38.290001,39.529999,4924100,36.777241
2006-06-14,39.439999,39.959999,38.779999,39.16,4130400,36.433008
2006-06-13,39.990002,41.259998,39.220001,39.77,5807700,37.00053
2006-06-12,41.799999,42.150002,39.68,39.849998,5073000,37.074957
2006-06-09,40.650002,41.900002,40.650002,41.650002,5196000,38.749613
2006-06-08,40.41,40.950001,40.23,40.779999,5848600,37.940195
2006-06-07,39.73,40.57,39.610001,40.360001,4083500,37.549444
2006-06-06,40.00,40.50,39.099998,39.52,2466800,36.767939
2006-06-05,40.049999,40.360001,39.66,39.75,2808300,36.981922
2006-06-02,40.110001,40.98,40.049999,40.57,3857800,37.744819
2006-06-01,38.27,40.110001,38.27,40.110001,3979300,37.316853
2006-05-31,38.25,39.130001,38.16,38.459999,3834100,35.781753
2006-05-30,38.41,38.50,38.00,38.259998,3540700,35.59568
2006-05-26,38.549999,39.080002,38.150002,38.41,2689900,35.735236
2006-05-25,38.299999,38.599998,38.150002,38.369999,4044300,35.69802
2006-05-24,38.650002,38.73,37.919998,37.98,7909000,35.33518
2006-05-23,39.900002,40.23,38.830002,38.900002,3610200,36.191115
2006-05-22,39.700001,40.240002,39.099998,39.869999,4726000,37.093565
2006-05-19,40.290001,40.52,39.799999,40.25,5024300,37.447104
2006-05-18,41.00,41.00,40.150002,40.310001,3369800,37.502927
2006-05-17,40.849998,41.299999,40.50,40.73,5307700,37.893677
2006-05-16,40.150002,41.130001,39.849998,40.970001,5514700,38.116966
2006-05-15,39.599998,40.349998,39.560001,39.849998,4237800,37.074957
2006-05-12,39.689999,39.959999,39.549999,39.610001,4721700,36.851672
2006-05-11,39.029999,39.84,39.029999,39.709999,6105400,36.944707
2006-05-10,38.50,39.810001,38.299999,39.360001,8772600,36.619081
2006-05-09,38.43,38.950001,37.759998,37.799999,5827400,35.167714
2006-05-08,38.099998,39.189999,38.099998,38.669998,6835300,35.977129
2006-05-05,37.240002,38.029999,37.16,37.990002,6765500,35.344485
2006-05-04,36.849998,37.580002,36.50,36.93,13299200,34.358299
2006-05-03,39.00,39.009998,36.900002,37.220001,18649600,34.628105
2006-05-02,40.00,40.049999,38.849998,39.82,9780500,37.047047
2006-05-01,38.77,40.07,38.549999,39.75,17021500,36.981922
2006-04-28,37.900002,38.700001,37.880001,38.50,23640300,35.818969
2006-04-27,42.860001,42.860001,34.830002,37.00,54814600,34.423424
2006-04-26,46.700001,46.98,45.290001,46.43,5407800,43.196746
2006-04-25,46.68,47.279999,45.880001,46.07,2707800,42.861815
2006-04-24,47.00,47.630001,46.82,46.82,1994500,43.559587
2006-04-21,47.669998,47.900002,46.790001,47.099998,2944500,43.820087
2006-04-20,45.490002,48.00,45.490002,47.23,5706400,43.941036
2006-04-19,46.720001,47.110001,44.509998,45.669998,7512000,42.489668
2006-04-18,48.18,48.82,46.09,46.939999,7051500,43.67123
2006-04-17,47.98,47.990002,47.18,47.50,1962300,44.192234
2006-04-13,47.099998,48.009998,46.860001,47.98,2726600,44.638808
2006-04-12,46.150002,47.490002,46.110001,46.939999,3703300,43.67123
2006-04-11,47.25,47.700001,45.25,45.610001,5180000,42.433849
2006-04-10,47.09,47.09,45.259998,47.060001,4186200,43.782876
2006-04-07,47.900002,48.599998,47.00,47.09,2201700,43.810785
2006-04-06,48.869999,49.279999,46.799999,47.880001,4049400,44.545773
2006-04-05,49.119999,49.779999,49.07,49.330002,2137500,45.8948
2006-04-04,49.220001,49.43,48.209999,49.119999,3079900,45.699421
2006-04-03,49.400002,50.02,49.029999,49.310001,2186200,45.876192
2006-03-31,49.900002,49.959999,49.110001,49.139999,1867100,45.718028
2006-03-30,50.299999,51.169998,49.849998,49.990002,1789200,46.508839
2006-03-29,49.43,50.740002,49.27,50.549999,2418800,47.02984
2006-03-28,49.709999,50.189999,48.91,49.110001,2149100,45.690119
2006-03-27,50.48,50.490002,49.77,49.98,1451100,46.499533
2006-03-24,50.50,50.689999,50.139999,50.330002,975200,46.825162
2006-03-23,51.360001,51.41,50.02,50.549999,2003300,47.02984
2006-03-22,49.900002,51.740002,49.900002,51.540001,1846700,47.950901
2006-03-21,51.599998,51.970001,50.220001,50.43,1891800,46.918197
2006-03-20,50.889999,52.09,50.889999,51.919998,1946400,48.304436
2006-03-17,51.689999,51.939999,50.900002,51.060001,1999100,47.504327
2006-03-16,51.380001,51.66,51.009998,51.369999,1738600,47.792737
2006-03-15,51.009998,51.610001,51.009998,51.369999,1869800,47.792737
2006-03-14,50.00,51.290001,49.869999,51.00,2180700,47.448504
2006-03-13,51.279999,51.689999,49.700001,50.549999,2905300,47.02984
2006-03-10,49.98,51.18,49.759998,50.939999,2166800,47.392681
2006-03-09,50.869999,50.98,49.669998,49.709999,1868500,46.248335
2006-03-08,50.119999,50.919998,50.009998,50.759998,2300600,47.225215
2006-03-07,48.959999,50.34,48.900002,49.970001,2564600,46.490231
2006-03-06,50.259998,50.450001,48.84,48.959999,2886100,45.550563
2006-03-03,50.009998,51.310001,49.549999,50.560001,2706600,47.039145
2006-03-02,51.27,51.490002,50.389999,50.450001,3190300,46.936805
2006-03-01,51.279999,51.630001,50.889999,51.290001,2976300,47.71831
2006-02-28,52.009998,52.060001,50.990002,51.00,2910200,47.448504
2006-02-27,52.009998,52.450001,51.799999,52.110001,2293500,48.481207
2006-02-24,52.470001,52.470001,51.66,52.169998,2105400,48.537027
2006-02-23,51.700001,52.48,50.700001,52.32,4098800,48.676582
2006-02-22,50.110001,51.889999,50.110001,51.700001,3421700,48.099759
2006-02-21,50.150002,50.98,49.669998,49.709999,3972600,46.248335
2006-02-17,101.449997,101.739998,100.650002,101.25,2468200,47.099618
2006-02-16,101.970001,101.980003,100.459999,101.50,3005000,47.215913
2006-02-15,102.099998,102.650002,101.470001,102.50,3747000,47.681095
2006-02-14,99.800003,102.790001,99.800003,102.599998,3601400,47.727612
2006-02-13,99.93,99.949997,98.900002,99.50,2727000,46.28555
2006-02-10,99.980003,100.760002,98.25,100.410004,3418600,46.708867
2006-02-09,99.099998,101.709999,98.629997,99.269997,6927600,46.178557
2006-02-08,95.68,96.519997,94.699997,96.120003,3594000,44.713238
2006-02-07,97.849998,98.720001,96.629997,96.629997,3071600,44.950478
2006-02-06,98.07,98.07,97.230003,97.599998,3349400,45.401705
2006-02-03,96.50,98.529999,96.010002,98.32,4488400,45.736636
2006-02-02,97.599998,97.599998,96.300003,97.019997,3810600,45.131899
2006-02-01,96.00,98.00,96.00,97.389999,5536800,45.304017
2006-01-31,93.949997,97.190002,93.559998,96.800003,6668200,45.029562
2006-01-30,93.550003,94.199997,93.260002,93.32,3112200,43.410729
2006-01-27,90.699997,93.309998,90.699997,92.690002,4935200,43.117666
2006-01-26,91.150002,91.849998,90.290001,90.919998,3208400,42.294293
2006-01-25,92.00,92.099998,90.080002,90.550003,4436200,42.122178
2006-01-24,89.699997,91.199997,89.660004,91.07,3850800,42.364071
2006-01-23,89.540001,90.589996,88.650002,89.07,3680800,41.433708
2006-01-20,91.730003,91.800003,89.529999,89.540001,4296800,41.652344
2006-01-19,93.400002,93.599998,90.919998,92.050003,4794600,42.81995
2006-01-18,91.00,93.239998,91.00,92.580002,5885200,43.066496
2006-01-17,89.75,89.800003,88.769997,89.209999,4601800,41.498833
2006-01-13,90.550003,90.860001,88.75,89.940002,4908400,41.838417
2006-01-12,90.57,93.190002,90.400002,91.470001,3352800,42.550144
2006-01-11,92.400002,92.870003,90.50,90.529999,5092000,42.112873
2006-01-10,92.629997,93.620003,92.089996,92.650002,3849800,43.099058
2006-01-09,93.970001,94.660004,93.139999,93.230003,3123400,43.368864
2006-01-06,94.370003,94.839996,92.209999,93.790001,4071400,43.629365
2006-01-05,94.199997,95.150002,93.190002,93.43,2935400,43.461899
2006-01-04,93.949997,94.779999,93.639999,94.419998,3371000,43.922428
2006-01-03,94.379997,94.379997,92.620003,94.059998,3444000,43.754962
2005-12-30,95.019997,95.330002,94.199997,94.309998,2166400,43.871258
2005-12-29,96.00,96.540001,95.599998,95.690002,1439400,44.51321
2005-12-28,94.989998,96.339996,94.75,95.989998,1464000,44.652763
2005-12-27,96.470001,97.00,94.620003,94.959999,1528400,44.173626
2005-12-23,96.949997,97.300003,96.040001,96.519997,917800,44.899308
2005-12-22,96.830002,97.650002,96.279999,96.510002,2072600,44.894659
2005-12-21,96.349998,97.489998,96.349998,96.879997,2850800,45.066774
2005-12-20,94.480003,96.690002,94.199997,95.690002,3666400,44.51321
2005-12-19,96.610001,96.900002,93.629997,94.230003,4368000,43.834046
2005-12-16,97.849998,98.279999,96.580002,96.599998,2756400,44.936524
2005-12-15,97.449997,98.169998,96.980003,97.400002,2584400,45.30867
2005-12-14,97.50,98.43,96.779999,97.099998,2568800,45.169114
2005-12-13,98.300003,98.300003,96.660004,97.370003,3518000,45.294715
2005-12-12,99.050003,99.360001,97.25,98.029999,3075200,45.601733
2005-12-09,96.150002,98.870003,96.150002,98.68,3158200,45.904102
2005-12-08,94.830002,96.309998,94.830002,95.900002,2116800,44.610898
2005-12-07,94.150002,95.00,93.709999,94.629997,3672800,44.020116
2005-12-06,95.849998,96.400002,94.75,94.889999,3354600,44.141064
2005-12-05,95.529999,95.650002,94.199997,95.32,3452600,44.341092
2005-12-02,94.970001,95.650002,94.75,95.50,1785000,44.424825
2005-12-01,93.199997,95.019997,93.199997,94.970001,3084400,44.178279
2005-11-30,93.779999,94.459999,92.419998,92.489998,3702000,43.024628
2005-11-29,93.449997,94.629997,93.139999,94.300003,3289600,43.866608
2005-11-28,95.50,95.919998,92.669998,92.860001,2963800,43.196746
2005-11-25,94.900002,95.449997,94.709999,95.199997,1034000,44.285269
2005-11-23,94.970001,95.839996,94.43,94.43,2144600,43.927081
2005-11-22,94.599998,95.349998,94.57,94.720001,2497000,44.061984
2005-11-21,94.599998,94.720001,94.190002,94.400002,2147200,43.913126
2005-11-18,94.949997,95.00,94.360001,94.790001,2526000,44.094546
2005-11-17,93.68,94.610001,92.82,94.279999,3897400,43.857303
2005-11-16,93.900002,94.339996,92.699997,94.00,5139200,43.727053
2005-11-15,90.349998,92.00,90.099998,91.230003,4515600,42.438502
2005-11-14,89.879997,90.800003,89.669998,90.599998,2637800,42.145435
2005-11-11,89.989998,90.349998,89.290001,89.720001,2467600,41.717469
2005-11-10,88.589996,90.00,88.480003,89.989998,3788200,41.843011
2005-11-09,88.199997,88.849998,87.919998,88.300003,2651200,41.057207
2005-11-08,88.199997,88.440002,87.550003,88.00,2305600,40.917713
2005-11-07,88.50,89.400002,88.25,88.540001,2627200,41.1688
2005-11-04,88.849998,89.18,87.900002,88.290001,3260000,41.052556
2005-11-03,89.050003,89.900002,88.25,88.419998,4315400,41.113002
2005-11-02,89.650002,89.760002,88.360001,89.25,5109600,41.498931
2005-11-01,88.559998,89.980003,88.43,89.660004,4881200,41.689572
2005-10-31,88.120003,89.199997,87.449997,88.559998,5821600,41.178098
2005-10-28,84.949997,88.57,84.449997,88.120003,6465800,40.973512
2005-10-27,83.50,84.989998,83.300003,83.800003,7494800,38.964824
2005-10-26,86.00,86.199997,80.800003,81.699997,9118000,37.988376
2005-10-25,87.50,87.720001,83.510002,84.900002,5917600,39.476295
2005-10-24,87.599998,88.419998,87.190002,88.32,2835600,41.066505
2005-10-21,86.349998,87.32,86.010002,87.269997,4155800,40.578281
2005-10-20,86.550003,86.690002,85.040001,85.059998,3331800,39.550689
2005-10-19,83.699997,86.790001,83.110001,86.790001,3209800,40.355095
2005-10-18,84.25,84.709999,83.32,83.93,2161400,39.025269
2005-10-17,82.300003,84.589996,82.300003,84.519997,3758800,39.299602
2005-10-14,81.120003,83.260002,81.120003,82.339996,4217200,38.285959
2005-10-13,80.50,81.449997,80.00,80.919998,4218600,37.625697
2005-10-12,82.75,82.949997,81.080002,81.199997,6252000,37.755889
2005-10-11,82.989998,83.699997,82.400002,82.75,2596000,38.4766
2005-10-10,82.650002,84.18,82.599998,82.949997,2167200,38.569593
2005-10-07,83.07,83.580002,82.309998,82.699997,2383800,38.45335
2005-10-06,84.099998,84.18,82.25,82.910004,2787200,38.550997
2005-10-05,85.129997,85.510002,83.919998,83.989998,2968400,39.053167
2005-10-04,86.099998,87.110001,85.00,85.120003,3302800,39.57859
2005-10-03,86.449997,86.870003,85.349998,86.099998,2892200,40.034262
2005-09-30,84.870003,86.620003,84.800003,86.139999,3946800,40.052861
2005-09-29,82.540001,85.00,82.410004,84.699997,4631200,39.383298
2005-09-28,83.190002,83.720001,82.980003,83.400002,2906600,38.778834
2005-09-27,82.699997,83.75,82.620003,83.389999,4375600,38.774183
2005-09-26,82.00,82.870003,81.800003,82.57,3516400,38.392904
2005-09-23,80.739998,83.68,80.559998,81.239998,5639200,37.774488
2005-09-22,79.449997,80.949997,79.400002,80.940002,2846000,37.634998
2005-09-21,80.50,80.900002,79.82,79.879997,2626200,37.142123
2005-09-20,81.199997,81.849998,80.75,80.860001,2866600,37.597799
2005-09-19,81.75,81.75,80.629997,80.970001,2288400,37.648947
2005-09-16,81.800003,82.50,81.120003,81.889999,4080600,38.076722
2005-09-15,80.470001,81.309998,80.169998,81.00,3748200,37.662895
2005-09-14,80.580002,81.610001,80.099998,80.400002,4572200,37.383912
2005-09-13,83.00,83.25,80.400002,80.580002,5820400,37.467607
2005-09-12,84.599998,84.980003,83.699997,83.949997,3200800,39.034567
2005-09-09,83.779999,84.959999,83.559998,84.75,2373200,39.406548
2005-09-08,81.75,84.129997,81.699997,83.75,4754600,38.941574
2005-09-07,81.599998,83.559998,81.559998,83.199997,4783600,38.685837
2005-09-06,80.07,82.050003,79.949997,82.050003,3597600,38.151119
2005-09-02,79.599998,80.209999,79.50,80.099998,2101600,37.244418
2005-09-01,79.449997,80.120003,79.029999,79.699997,2894400,37.058428
2005-08-31,79.00,79.75,78.57,79.669998,3692800,37.044479
2005-08-30,78.330002,79.300003,78.050003,79.040001,3277400,36.751547
2005-08-29,76.93,78.50,76.839996,78.349998,2696600,36.430713
2005-08-26,78.550003,78.580002,77.300003,77.730003,3178600,36.142432
2005-08-25,77.099998,78.599998,76.809998,78.50,2994400,36.50046
2005-08-24,77.589996,77.849998,76.709999,76.709999,2295200,35.668156
2005-08-23,78.00,78.410004,77.589996,77.589996,2179400,36.077332
2005-08-22,77.900002,78.699997,77.510002,77.769997,2523600,36.161028
2005-08-19,77.800003,78.029999,77.199997,77.57,2548400,36.068034
2005-08-18,77.809998,78.610001,77.370003,77.610001,3612600,36.086634
2005-08-17,78.199997,78.199997,77.040001,77.730003,2925600,36.142432
2005-08-16,79.150002,79.300003,78.339996,78.489998,1757000,36.49581
2005-08-15,79.279999,79.370003,78.720001,79.25,2348200,36.849191
2005-08-12,79.330002,79.639999,78.540001,79.480003,3352600,36.956136
2005-08-11,78.089996,79.370003,78.080002,79.269997,3690600,36.858489
2005-08-10,77.389999,79.00,77.199997,78.099998,5091000,36.31447
2005-08-09,74.940002,77.150002,74.669998,76.989998,4872200,35.798348
2005-08-08,75.900002,76.32,74.279999,74.879997,3359200,34.817253
2005-08-05,76.769997,77.07,75.50,75.550003,5161600,35.128788
2005-08-04,76.889999,77.00,76.559998,76.769997,4690200,35.696054
2005-08-03,77.00,77.400002,76.199997,76.889999,5195400,35.751852
2005-08-02,77.830002,77.849998,76.510002,76.879997,6638600,35.747201
2005-08-01,77.660004,78.25,77.50,77.800003,5722600,36.17498
2005-07-29,78.449997,78.870003,77.199997,77.400002,5881200,35.98899
2005-07-28,75.25,79.010002,75.059998,78.400002,11169000,36.453964
2005-07-27,76.150002,76.57,74.550003,74.620003,6612200,34.696362
2005-07-26,76.010002,76.150002,75.169998,75.800003,6639600,35.245032
2005-07-25,76.349998,76.849998,75.349998,76.010002,4665000,35.342676
2005-07-22,76.400002,77.610001,76.209999,76.449997,4723600,35.547262
2005-07-21,76.550003,77.760002,75.360001,76.559998,7154000,35.59841
2005-07-20,78.50,79.099998,77.739998,78.529999,4327400,36.514409
2005-07-19,81.550003,81.690002,78.00,79.00,8880400,36.732947
2005-07-18,81.379997,81.720001,80.57,81.230003,2231800,37.769841
2005-07-15,80.699997,81.720001,80.220001,81.379997,3267600,37.839584
2005-07-14,82.50,82.510002,79.800003,80.360001,5035000,37.365312
2005-07-13,82.25,83.00,80.300003,81.779999,4873600,38.025574
2005-07-12,83.910004,84.080002,81.639999,83.209999,3818200,38.690487
2005-07-11,84.949997,84.980003,83.599998,83.879997,2686400,39.002019
2005-07-08,84.010002,84.599998,83.75,84.32,2724800,39.206609
2005-07-07,83.199997,84.18,82.190002,83.989998,3406000,39.053167
2005-07-06,84.199997,85.889999,83.190002,83.57,6290800,38.857878
2005-07-05,82.00,84.309998,82.00,84.199997,3207000,39.150811
2005-07-01,82.839996,83.120003,81.910004,82.360001,1920800,38.29526
2005-06-30,84.349998,84.459999,82.599998,82.82,3184000,38.509148
2005-06-29,83.870003,84.699997,83.599998,83.82,3722600,38.974122
2005-06-28,82.699997,83.879997,82.550003,83.769997,2937800,38.950872
2005-06-27,82.160004,82.699997,81.849998,82.379997,3844800,38.304558
2005-06-24,83.00,83.489998,82.150002,82.160004,5143000,38.202267
2005-06-23,84.199997,84.349998,83.080002,83.080002,4035000,38.630042
2005-06-22,85.50,86.470001,84.32,84.32,4935000,39.206609
2005-06-21,85.080002,85.800003,84.279999,84.400002,3563400,39.243808
2005-06-20,83.059998,85.220001,83.00,85.080002,3834400,39.55999
2005-06-17,83.849998,83.849998,82.989998,83.059998,3973000,38.620741
2005-06-16,83.150002,83.919998,81.800003,82.370003,4737400,38.299911
2005-06-15,83.650002,84.559998,82.959999,84.120003,3595400,39.113615
2005-06-14,82.660004,83.459999,82.360001,83.169998,2903200,38.671888
2005-06-13,81.00,82.660004,80.980003,82.660004,2812200,38.434754
2005-06-10,82.519997,84.470001,80.809998,81.160004,2651000,37.737293
2005-06-09,80.599998,82.519997,80.400002,82.519997,4428000,38.369654
2005-06-08,81.25,81.75,79.800003,80.18,4294600,37.281617
2005-06-07,79.550003,81.43,79.339996,81.129997,4148600,37.723341
2005-06-06,79.50,79.639999,78.919998,79.339996,2091000,36.891037
2005-06-03,79.150002,79.809998,79.089996,79.75,3479600,37.081678
2005-06-02,78.25,79.190002,78.139999,79.07,2669200,36.765495
2005-06-01,77.800003,78.970001,77.660004,78.849998,2645600,36.6632
2005-05-31,78.230003,78.800003,77.00,78.010002,2999600,36.272624
2005-05-27,78.099998,78.540001,77.82,78.089996,2203000,36.309819
2005-05-26,76.970001,78.489998,76.699997,78.300003,3336200,36.407467
2005-05-25,76.970001,77.019997,75.75,76.449997,2424600,35.547262
2005-05-24,76.699997,77.18,76.099998,76.970001,2868000,35.789051
2005-05-23,75.889999,76.970001,75.199997,76.93,3732400,35.770451
2005-05-20,75.25,76.110001,74.349998,75.879997,3564600,35.282227
2005-05-19,74.169998,75.029999,73.610001,75.00,3699400,34.873051
2005-05-18,75.50,76.510002,73.760002,74.169998,7294200,34.487122
2005-05-17,75.25,75.389999,74.599998,75.379997,3628000,35.04974
2005-05-16,74.199997,75.50,74.00,75.470001,4136200,35.09159
2005-05-13,76.400002,76.400002,73.029999,74.00,4523400,34.408077
2005-05-12,77.25,78.220001,75.730003,75.809998,4254000,35.249679
2005-05-11,77.25,77.449997,76.160004,77.199997,4221600,35.895993
2005-05-10,77.199997,78.480003,76.849998,77.300003,3896600,35.942493
2005-05-09,76.949997,78.300003,76.25,78.150002,3886400,36.33772
2005-05-06,77.019997,77.849998,76.580002,77.440002,2474800,36.007589
2005-05-05,76.620003,77.480003,76.169998,76.830002,2855800,35.723954
2005-05-04,76.279999,77.239998,75.769997,76.370003,3993200,35.510067
2005-05-03,74.699997,76.019997,74.400002,75.650002,5913200,35.175285
2005-05-02,73.510002,75.029999,72.970001,74.449997,5143200,34.617314
2005-04-29,72.00,73.510002,71.050003,73.370003,4124600,34.115145
2005-04-28,74.00,74.00,70.989998,71.32,5425600,33.161947
2005-04-27,69.400002,72.790001,68.629997,72.449997,5735400,33.687366
2005-04-26,70.199997,71.220001,69.18,69.18,2231000,32.166903
2005-04-25,70.300003,70.860001,69.610001,70.300003,2582800,32.687675
2005-04-22,69.790001,70.639999,69.00,69.860001,2624800,32.483085
2005-04-21,70.00,70.150002,68.830002,70.139999,3717200,32.613277
2005-04-20,70.800003,71.269997,68.660004,68.889999,3642400,32.03206
2005-04-19,70.50,70.50,69.540001,70.160004,4925200,32.622579
2005-04-18,70.75,71.099998,67.389999,68.949997,5815400,32.059957
2005-04-15,70.00,72.760002,68.50,70.669998,11183200,32.859713
2005-04-14,75.010002,75.010002,70.760002,71.239998,10309600,33.124748
2005-04-13,77.07,77.239998,74.800003,75.010002,4034400,34.877702
2005-04-12,76.07,77.169998,75.370003,77.019997,3226800,35.812297
2005-04-11,75.379997,76.349998,75.050003,76.07,3173600,35.370573
2005-04-08,76.32,76.360001,74.809998,75.029999,2416200,34.887
2005-04-07,75.25,76.519997,75.00,76.32,4409600,35.486817
2005-04-06,75.25,75.690002,74.860001,75.059998,3363200,34.900949
2005-04-05,74.900002,75.199997,74.559998,74.980003,3726400,34.863753
2005-04-04,74.400002,74.790001,73.900002,74.400002,3324000,34.594067
2005-04-01,75.199997,76.080002,73.169998,73.779999,3886800,34.305782
2005-03-31,75.449997,75.459999,74.550003,74.949997,3622200,34.849801
2005-03-30,73.050003,75.57,72.410004,75.510002,5066600,35.110189
2005-03-29,74.050003,74.68,72.260002,72.550003,4442000,33.733866
2005-03-28,72.949997,74.120003,72.50,73.779999,3721800,34.305782
2005-03-24,72.400002,73.120003,72.07,72.949997,3446800,33.919853
2005-03-23,74.07,74.07,71.849998,72.150002,5703800,33.547876
2005-03-22,73.68,75.110001,73.68,73.93,3203600,34.375529
2005-03-21,74.00,74.480003,72.809998,73.68,4345000,34.259286
2005-03-18,75.379997,75.419998,73.00,73.900002,7701800,34.36158
2005-03-17,75.099998,75.529999,73.709999,75.370003,3934600,35.045093
2005-03-16,75.599998,75.650002,73.870003,74.620003,4288000,34.696362
2005-03-15,74.849998,75.910004,74.559998,75.669998,5145400,35.184583
2005-03-14,74.650002,75.120003,73.980003,74.760002,4086600,34.761458
2005-03-11,149.850006,150.350006,147.119995,147.710007,6120800,34.340658
2005-03-10,150.940002,152.979996,149.259995,150.00,5810000,34.873051
2005-03-09,152.990005,153.229996,149.960007,150.690002,5224800,35.033468
2005-03-08,153.50,153.839996,152.210007,153.240005,5143600,35.62631
2005-03-07,153.570007,154.669998,152.240005,153.929993,6066000,35.786723
2005-03-04,150.600006,153.889999,150.600006,153.809998,5185600,35.758826
2005-03-03,151.610001,152.75,149.220001,149.690002,6823200,34.800981
2005-03-02,147.800003,151.050003,147.320007,150.619995,7796800,35.017192
2005-03-01,145.800003,149.75,145.779999,148.119995,7816400,34.435974
2005-02-28,145.149994,146.50,144.50,146.020004,6100000,33.947754
2005-02-25,143.449997,145.800003,142.080002,145.470001,7380000,33.819885
2005-02-24,140.850006,144.360001,140.649994,144.070007,7052800,33.494405
2005-02-23,136.490005,141.00,136.490005,141.00,6061600,32.780668
2005-02-22,140.00,140.149994,136.00,136.490005,7261200,31.732153
2005-02-18,140.839996,141.740005,139.520004,140.139999,5197200,32.580729
2005-02-17,140.550003,140.839996,139.509995,140.410004,4013200,32.643502
2005-02-16,137.669998,140.789993,137.300003,140.550003,6838000,32.67605
2005-02-15,135.839996,138.630005,135.679993,137.669998,6248400,32.006486
2005-02-14,133.869995,135.820007,133.509995,135.740005,6720400,31.557788
2005-02-11,134.399994,135.039993,133.309998,133.50,9006800,31.037016
2005-02-10,134.75,135.919998,133.100006,133.979996,15467200,31.148608
2005-02-09,129.50,130.240005,128.039993,128.550003,4571200,29.886206
2005-02-08,129.25,130.399994,128.779999,128.979996,4002800,29.986173
2005-02-07,129.50,130.25,127.589996,129.25,5429600,30.048946
2005-02-04,130.850006,131.399994,130.00,130.449997,5264800,30.327929
2005-02-03,130.649994,131.25,129.889999,130.850006,5346400,30.420926
2005-02-02,130.990005,131.649994,129.669998,130.649994,6450800,30.374426
2005-02-01,127.449997,131.50,127.110001,131.100006,6132400,30.479048
2005-01-31,126.849998,127.839996,126.50,127.050003,4149600,29.537475
2005-01-28,125.50,126.699997,125.129997,125.970001,3939600,29.286389
2005-01-27,125.00,127.220001,124.75,126.75,3672800,29.467728
2005-01-26,124.400002,125.239998,123.940002,124.900002,4466800,29.037628
2005-01-25,126.150002,126.449997,123.849998,124.309998,5268800,28.900459
2005-01-24,127.699997,127.75,125.769997,126.139999,3795600,29.325911
2005-01-21,126.699997,129.00,126.410004,127.269997,6406400,29.588621
2005-01-20,127.849998,128.839996,125.290001,126.160004,6586400,29.330562
2005-01-19,128.149994,129.119995,127.269997,127.599998,4879200,29.665342
2005-01-18,127.199997,127.50,126.25,126.529999,6742400,29.416581
2005-01-14,128.169998,128.990005,127.68,127.900002,5261200,29.735089
2005-01-13,126.949997,128.990005,126.940002,128.169998,6777600,29.797859
2005-01-12,125.50,126.849998,124.779999,126.290001,5779200,29.360784
2005-01-11,126.029999,126.419998,124.07,124.57,5212800,28.960907
2005-01-10,124.919998,126.970001,124.480003,125.699997,6071600,29.223616
2005-01-07,123.50,125.00,122.209999,123.940002,5314800,28.81444
2005-01-06,122.00,124.480003,121.099998,123.50,4973200,28.712145
2005-01-05,120.699997,123.269997,120.559998,121.830002,7191200,28.323893
2005-01-04,123.00,124.220001,119.699997,120.650002,7233200,28.049558
2005-01-03,124.199997,124.75,122.080002,122.790001,6419600,28.54708
2004-12-31,124.599998,125.839996,124.550003,124.75,3363200,29.002754
2004-12-30,125.900002,126.400002,125.589996,125.589996,2376800,29.198042
2004-12-29,125.849998,126.879997,125.669998,126.330002,2621200,29.370084
2004-12-28,124.699997,125.919998,124.50,125.830002,3368800,29.253841
2004-12-27,124.68,125.00,123.660004,124.099998,2803600,28.851637
2004-12-23,125.349998,125.379997,123.349998,124.779999,3214000,29.009729
2004-12-22,124.50,125.50,123.940002,125.50,4562000,29.17712
2004-12-21,123.57,124.760002,123.099998,124.040001,5667600,28.837689
2004-12-20,122.889999,124.639999,122.300003,123.559998,6549600,28.726094
2004-12-17,123.50,124.080002,122.529999,122.709999,7734400,28.528481
2004-12-16,126.050003,126.120003,123.150002,123.57,8630000,28.72842
2004-12-15,124.699997,126.199997,124.660004,126.199997,4743200,29.33986
2004-12-14,126.25,126.510002,123.849998,124.699997,9889200,28.991129
2004-12-13,125.150002,127.559998,124.190002,126.889999,9370000,29.500276
2004-12-10,123.449997,126.449997,123.169998,125.830002,8103600,29.253841
2004-12-09,120.099998,123.739998,119.849998,123.550003,8042800,28.723771
2004-12-08,118.900002,120.699997,118.889999,120.50,6298000,28.014684
2004-12-07,120.00,120.699997,118.040001,118.900002,6943600,27.642706
2004-12-06,118.739998,120.300003,116.589996,119.580002,9569600,27.800797
2004-12-03,118.400002,119.00,116.739998,118.730003,6068800,27.603183
2004-12-02,118.559998,118.879997,117.300003,118.050003,7975600,27.445092
2004-12-01,119.50,121.449997,117.970001,118.559998,10467200,27.563659
2004-11-30,118.300003,118.919998,117.75,118.510002,8136400,27.552036
2004-11-29,117.449997,119.139999,117.150002,118.209999,9848800,27.482289
2004-11-26,113.690002,116.629997,113.650002,116.160004,3583200,27.005692
2004-11-24,112.349998,113.709999,111.300003,113.68,4416400,26.429123
2004-11-23,110.599998,111.760002,110.099998,111.730003,6132000,25.975774
2004-11-22,110.599998,112.07,109.860001,110.959999,9144000,25.796758
2004-11-19,110.699997,111.089996,109.660004,110.599998,4939200,25.713063
2004-11-18,109.339996,110.879997,109.07,110.699997,6111600,25.736311
2004-11-17,109.599998,110.610001,108.269997,109.339996,7248000,25.420129
2004-11-16,110.139999,110.68,108.449997,109.160004,7922000,25.378283
2004-11-15,107.309998,110.260002,106.900002,110.139999,7901200,25.606119
2004-11-12,108.419998,108.419998,105.650002,107.309998,10800800,24.94818
2004-11-11,108.120003,108.860001,107.040001,108.459999,8536800,25.206241
2004-11-10,107.239998,108.610001,106.699997,108.169998,8452400,25.138845
2004-11-09,105.849998,108.220001,105.18,107.239998,13972400,24.922711
2004-11-08,102.599998,103.949997,102.300003,103.550003,4962000,24.065152
2004-11-05,101.599998,104.25,101.489998,102.599998,8816800,23.84437
2004-11-04,100.00,101.790001,99.620003,101.599998,12542400,23.611968
2004-11-03,97.25,100.349998,97.25,99.599998,11096400,23.147166
2004-11-02,95.849998,97.150002,95.349998,95.559998,6993200,22.208264
2004-11-01,94.599998,96.190002,94.480003,95.849998,8418000,22.275661
2004-10-29,95.300003,95.470001,93.989998,95.00,9647600,22.07812
2004-10-28,93.900002,96.709999,93.379997,95.300003,16617600,22.147841
2004-10-27,89.300003,92.699997,88.400002,91.75,9888800,21.322816
2004-10-26,86.00,90.339996,86.00,89.300003,15668000,20.753434
2004-10-25,83.75,85.00,83.599998,84.809998,9997600,19.709951
2004-10-22,83.300003,85.400002,83.209999,83.260002,10965200,19.34973
2004-10-21,86.300003,86.540001,82.970001,83.400002,21504000,19.382266
2004-10-20,83.050003,87.860001,83.050003,86.300003,28883200,20.05623
2004-10-19,95.959999,95.959999,82.599998,86.169998,59529200,20.026017
2004-10-18,97.00,98.00,96.43,97.739998,4545600,22.714899
2004-10-15,97.620003,98.300003,93.720001,97.510002,14274000,22.661448
2004-10-14,100.50,100.650002,97.599998,97.610001,8578400,22.684688
2004-10-13,98.889999,99.029999,97.459999,98.059998,3744000,22.789268
2004-10-12,98.199997,99.349998,97.410004,98.889999,3863200,22.982161
2004-10-11,98.099998,99.309998,97.889999,98.50,2855600,22.891525
2004-10-08,99.480003,100.449997,97.830002,98.400002,5186400,22.868285
2004-10-07,99.650002,100.00,98.760002,99.510002,3657600,23.126251
2004-10-06,99.099998,100.160004,99.00,99.449997,6289600,23.112305
2004-10-05,100.82,101.279999,98.970001,100.199997,7248400,23.286606
2004-10-04,100.650002,101.120003,100.370003,100.809998,6140800,23.428371
2004-10-01,100.00,101.50,99.809998,100.400002,11456800,23.333088
2004-09-30,98.50,99.980003,98.25,99.93,7586800,23.223859
2004-09-29,98.699997,99.050003,97.860001,98.50,5152800,22.891525
2004-09-28,96.300003,99.699997,96.169998,98.900002,6718800,22.984486
2004-09-27,95.949997,96.419998,95.459999,95.959999,4412000,22.301225
2004-09-24,93.25,95.220001,93.25,95.080002,4193600,22.096713
2004-09-23,94.099998,94.099998,93.260002,93.760002,5533200,21.789943
2004-09-22,94.769997,94.769997,93.690002,94.300003,5584400,21.91544
2004-09-21,95.389999,95.550003,93.900002,95.019997,3922000,22.082768
2004-09-20,95.400002,95.75,94.790001,95.360001,4729200,22.161785
2004-09-17,96.199997,96.459999,94.019997,95.470001,8321200,22.187349
2004-09-16,96.550003,96.599998,95.93,96.279999,4191200,22.375594
2004-09-15,95.459999,96.870003,95.459999,96.510002,6150000,22.429047
2004-09-14,95.290001,96.00,94.800003,95.449997,3113200,22.1827
2004-09-13,94.779999,95.699997,94.50,95.290001,3976800,22.145517
2004-09-10,95.00,95.449997,94.919998,94.980003,4267600,22.073473
2004-09-09,95.00,95.239998,94.00,94.800003,3515600,22.031641
2004-09-08,94.50,95.199997,94.50,94.889999,5237600,22.052556
2004-09-07,94.099998,94.559998,93.690002,94.160004,5510800,21.882904
2004-09-03,93.309998,94.480003,92.940002,94.029999,2809600,21.852691
2004-09-02,92.43,93.849998,91.709999,93.50,4230800,21.729518
2004-09-01,92.550003,92.720001,92.160004,92.449997,6341200,21.485496
2004-08-31,92.110001,93.00,91.980003,92.650002,5167600,21.531978
2004-08-30,92.75,92.790001,91.93,92.120003,3331600,21.408805
2004-08-27,92.400002,92.75,92.089996,92.419998,3370800,21.478525
2004-08-26,92.400002,92.650002,91.970001,92.279999,3356800,21.445989
2004-08-25,92.00,92.349998,91.360001,92.099998,5874000,21.404156
2004-08-24,93.949997,94.00,91.790001,92.080002,5872000,21.399509
2004-08-23,94.199997,94.599998,93.410004,93.620003,5008400,21.757407
2004-08-20,92.849998,94.459999,92.809998,94.230003,4356000,21.899172
2004-08-19,93.370003,93.370003,91.849998,92.449997,6164800,21.485496
2004-08-18,92.860001,93.510002,92.32,93.480003,4818000,21.724871
2004-08-17,91.82,92.949997,91.660004,92.860001,6375600,21.580782
2004-08-16,90.800003,92.760002,90.800003,91.82,7074400,21.339084
2004-08-13,91.00,91.25,90.199997,90.800003,8453600,21.102036
2004-08-12,90.00,90.900002,89.309998,89.599998,12530400,20.823153
2004-08-11,87.290001,89.650002,87.080002,89.629997,10635200,20.830125
2004-08-10,85.199997,87.290001,85.00,87.290001,6363600,20.286307
2004-08-09,84.75,85.199997,84.00,84.800003,5850800,19.707628
2004-08-06,84.699997,84.699997,83.239998,83.879997,6527600,19.493818
2004-08-05,85.379997,86.199997,84.82,84.879997,6094400,19.726219
2004-08-04,86.599998,86.610001,84.849998,85.349998,8438400,19.835448
2004-08-03,87.849998,88.199997,86.309998,86.599998,8513200,20.125949
2004-08-02,85.699997,86.989998,84.739998,86.169998,8543200,20.026017
2004-07-30,83.75,86.440002,83.339996,85.800003,7994800,19.940029
2004-07-29,81.550003,84.519997,80.650002,84.25,15270400,19.579807
2004-07-28,80.68,80.690002,78.199997,78.980003,7426000,18.355053
2004-07-27,83.00,83.150002,78.050003,80.099998,16427600,18.615341
2004-07-26,84.07,84.650002,82.769997,83.309998,5368000,19.361349
2004-07-23,85.239998,85.349998,83.480003,84.07,5110800,19.537974
2004-07-22,86.050003,86.050003,84.370003,85.489998,4297600,19.867984
2004-07-21,87.699997,87.699997,86.059998,86.25,3722000,20.044609
2004-07-20,87.190002,87.839996,86.440002,87.699997,4963200,20.38159
2004-07-19,87.349998,87.849998,86.00,87.18,3738400,20.260743
2004-07-16,88.150002,88.230003,86.790001,87.160004,8346800,20.256095
2004-07-15,86.32,87.849998,85.959999,87.82,7070800,20.409479
2004-07-14,86.43,86.82,85.75,86.400002,7394400,20.07947
2004-07-13,85.00,86.50,84.849998,86.43,8136400,20.086442
2004-07-12,85.00,85.349998,84.150002,85.00,3437600,19.754108
2004-07-09,85.25,85.459999,83.900002,84.970001,5876400,19.747136
2004-07-08,83.699997,84.739998,83.110001,83.769997,7725600,19.468253
2004-07-07,81.099998,82.480003,81.099998,81.800003,4022400,19.010424
2004-07-06,82.599998,82.599998,80.400002,80.959999,5415200,18.815206
2004-07-02,84.480003,84.489998,82.610001,82.730003,3733600,19.226558
2004-07-01,85.00,85.160004,84.029999,84.410004,3059600,19.616992
2004-06-30,83.790001,85.129997,83.550003,85.00,3931200,19.754108
2004-06-29,83.57,84.300003,83.18,83.75,5069200,19.463606
2004-06-28,84.449997,84.50,83.230003,83.540001,4591600,19.414802
2004-06-25,83.970001,85.00,83.68,84.300003,3665200,19.591427
2004-06-24,84.599998,85.00,83.970001,83.970001,4219200,19.514735
2004-06-23,84.93,85.25,84.160004,85.00,3112400,19.754108
2004-06-22,83.93,84.949997,83.82,84.919998,5735200,19.735515
2004-06-21,85.50,86.199997,83.650002,83.93,5925600,19.505438
2004-06-18,85.760002,86.389999,85.25,85.620003,3352800,19.898197
2004-06-17,85.449997,86.220001,85.230003,85.959999,2678800,19.977213
2004-06-16,84.580002,86.190002,84.290001,85.940002,4103600,19.972565
2004-06-15,83.870003,84.970001,83.790001,84.779999,3697600,19.702979
2004-06-14,84.059998,84.43,83.400002,83.68,2385600,19.447338
2004-06-10,84.00,85.349998,83.910004,84.059998,4126000,19.53565
2004-06-09,86.080002,86.099998,83.540001,84.150002,5932800,19.556567
2004-06-08,85.870003,86.489998,85.010002,86.330002,4020000,20.063202
2004-06-07,84.669998,85.940002,84.599998,85.860001,3010400,19.953973
2004-06-04,84.900002,85.190002,83.800003,84.599998,5205600,19.661147
2004-06-03,83.50,85.040001,83.50,84.879997,12562800,19.726219
2004-06-02,81.199997,82.669998,81.199997,82.360001,4978800,19.140568
2004-06-01,80.970001,82.050003,80.43,81.040001,7188000,18.833799
2004-05-28,79.300003,81.349998,79.050003,81.199997,5592800,18.870982
2004-05-27,77.900002,79.650002,77.059998,79.339996,7982000,18.438716
2004-05-26,78.699997,79.080002,77.339996,77.75,6362000,18.069198
2004-05-25,77.830002,79.279999,76.800003,78.75,4230400,18.3016
2004-05-24,78.00,78.459999,77.519997,77.849998,3692000,18.092438
2004-05-21,78.129997,79.25,77.480003,77.849998,4562400,18.092438
2004-05-20,79.089996,79.440002,77.300003,78.120003,5995200,18.155188
2004-05-19,81.00,81.260002,79.00,79.00,5305600,18.3597
2004-05-18,79.449997,80.919998,79.440002,80.779999,5012800,18.773374
2004-05-17,79.349998,79.660004,78.239998,79.449997,4067600,18.46428
2004-05-14,79.050003,80.290001,78.75,80.129997,4641600,18.622313
2004-05-13,78.75,80.139999,78.68,79.589996,5100800,18.496816
2004-05-12,78.769997,79.919998,77.290001,79.449997,6728400,18.46428
2004-05-11,79.00,79.949997,78.110001,78.419998,7709600,18.224907
2004-05-10,78.860001,78.870003,76.870003,78.059998,9269200,18.141242
2004-05-07,81.349998,81.699997,79.330002,79.660004,6484400,18.513086
2004-05-06,82.300003,82.690002,80.75,81.849998,5510000,19.022043
2004-05-05,82.900002,83.239998,82.25,82.800003,4734400,19.242826
2004-05-04,83.800003,83.800003,82.589996,83.110001,5884400,19.314869
2004-05-03,82.400002,83.870003,81.370003,83.769997,6474400,19.468253
2004-04-30,84.00,84.160004,80.629997,82.75,14764400,19.231205
2004-04-29,87.739998,87.75,83.120003,83.720001,12721600,19.456634
2004-04-28,89.25,89.269997,87.660004,87.75,3591600,20.393211
2004-04-27,89.199997,89.540001,88.260002,89.239998,4442400,20.739489
2004-04-26,90.110001,90.230003,89.050003,89.260002,4212800,20.744138
2004-04-23,90.900002,91.349998,89.370003,90.360001,3128800,20.999779
2004-04-22,89.099998,92.559998,89.00,91.349998,7764400,21.229855
2004-04-21,86.220001,88.279999,86.050003,88.260002,7322000,20.511736
2004-04-20,88.650002,88.650002,85.809998,86.010002,5169600,19.988833
2004-04-19,87.599998,89.489998,87.349998,88.690002,7266400,20.611669
2004-04-16,86.50,87.610001,85.239998,87.400002,11516000,20.311871
2004-04-15,89.550003,89.550003,84.690002,85.739998,22282400,19.926084
2004-04-14,92.099998,92.400002,89.50,90.360001,5806000,20.999779
2004-04-13,93.50,93.510002,92.300003,92.739998,5353600,21.552893
2004-04-12,93.75,93.870003,93.080002,93.300003,3632800,21.683039
2004-04-08,93.699997,93.75,92.970001,93.269997,2605600,21.676065
2004-04-07,93.779999,93.800003,92.470001,93.199997,5240000,21.659797
2004-04-06,94.550003,94.550003,93.400002,93.800003,6256400,21.79924
2004-04-05,91.860001,95.089996,91.860001,94.699997,10076400,22.008399
2004-04-02,90.199997,91.370003,90.190002,91.199997,4896800,21.194995
2004-04-01,89.699997,89.989998,89.25,89.900002,4081200,20.892874
2004-03-31,89.980003,90.379997,89.650002,89.720001,6857600,20.851042
2004-03-30,88.900002,90.00,88.82,89.910004,5492400,20.895199
2004-03-29,88.00,89.269997,88.00,89.25,5158400,20.741813
2004-03-26,86.300003,88.00,86.07,87.800003,5468800,20.404832
2004-03-25,85.800003,86.459999,85.559998,86.139999,6887600,20.019045
2004-03-24,86.75,86.809998,85.50,85.559998,6026400,19.884252
2004-03-23,86.120003,87.970001,85.599998,87.099998,7618000,20.24215
2004-03-22,87.00,87.00,85.389999,86.120003,7614800,20.014398
2004-03-19,87.400002,88.400002,86.970001,87.43,5620000,20.318843
2004-03-18,88.029999,88.330002,87.290001,87.57,6171200,20.351379
2004-03-17,87.300003,88.360001,87.209999,88.199997,7329200,20.497791
2004-03-16,86.650002,87.300003,86.559998,87.139999,7647600,20.251446
2004-03-15,84.010002,87.199997,84.00,86.589996,10926000,20.123625
2004-03-12,83.019997,84.50,83.00,84.419998,12999600,19.619315
2004-03-11,80.260002,80.379997,79.480003,79.650002,5233200,18.510761
2004-03-10,81.669998,81.870003,80.440002,80.68,3946800,18.750134
2004-03-09,81.160004,81.790001,81.029999,81.550003,3450000,18.952324
2004-03-08,81.68,82.160004,80.699997,81.419998,3534800,18.922111
2004-03-05,81.120003,82.080002,81.00,81.580002,4952000,18.959296
2004-03-04,80.599998,81.580002,80.489998,81.260002,3192400,18.884927
2004-03-03,80.639999,82.529999,80.639999,81.00,4235600,18.824503
2004-03-02,80.379997,81.529999,80.370003,80.889999,6181600,18.798938
2004-03-01,80.800003,81.300003,80.190002,80.370003,5267200,18.67809
2004-02-27,79.480003,81.260002,79.370003,80.790001,7431200,18.775699
2004-02-26,78.449997,79.949997,78.110001,79.720001,4470800,18.527029
2004-02-25,78.300003,79.00,77.839996,78.879997,4210000,18.331811
2004-02-24,78.730003,79.650002,78.169998,78.660004,5106800,18.280684
2004-02-23,78.940002,79.00,77.870003,78.669998,4252000,18.283007
2004-02-20,79.360001,79.519997,78.279999,78.93,6771600,18.343432
2004-02-19,79.629997,79.739998,79.019997,79.349998,5711600,18.44104
2004-02-18,78.800003,79.599998,78.360001,79.449997,7005200,18.46428
2004-02-17,77.00,79.300003,76.900002,78.82,9878800,18.317868
2004-02-13,75.599998,78.449997,75.400002,77.50,15217600,18.011098
2004-02-12,75.769997,76.230003,74.699997,74.800003,22432000,17.383615
2004-02-11,72.400002,72.919998,69.209999,71.599998,11544000,16.63993
2004-02-10,71.349998,72.25,71.099998,72.050003,2984000,16.744512
2004-02-09,71.660004,71.75,71.010002,71.129997,1940800,16.530701
2004-02-06,69.650002,71.900002,69.150002,71.650002,4238000,16.651551
2004-02-05,71.400002,71.400002,69.099998,70.220001,5265200,16.319217
2004-02-04,72.550003,73.00,70.730003,71.470001,5694000,16.609719
2004-02-03,71.379997,72.879997,70.980003,72.550003,7221600,16.860713
2004-02-02,70.150002,71.730003,69.599998,71.379997,5628000,16.588802
2004-01-30,69.989998,70.370003,69.459999,70.00,4277600,16.268089
2004-01-29,69.50,70.010002,68.220001,69.989998,6497600,16.265764
2004-01-28,70.139999,70.330002,69.260002,69.669998,3299200,16.191396
2004-01-27,70.269997,71.220001,70.050003,70.139999,2892400,16.300625
2004-01-26,70.209999,70.589996,69.650002,70.190002,4490400,16.312245
2004-01-23,72.470001,72.489998,69.910004,70.199997,6113200,16.314568
2004-01-22,72.449997,73.00,72.050003,72.389999,4934800,16.823528
2004-01-21,71.900002,72.370003,71.019997,72.290001,4716000,16.800288
2004-01-20,70.099998,72.160004,70.059998,71.970001,7399600,16.725919
2004-01-16,69.800003,70.199997,69.550003,69.900002,5162400,16.244849
2004-01-15,68.300003,70.059998,68.07,69.800003,7709600,16.221609
2004-01-14,66.099998,68.260002,66.080002,68.239998,4534800,15.859062
2004-01-13,66.75,67.169998,65.690002,66.00,3258000,15.338484
2004-01-12,66.230003,67.309998,66.230003,66.959999,2292400,15.561589
2004-01-09,66.529999,66.629997,65.900002,66.089996,4088800,15.359399
2004-01-08,66.75,66.949997,66.330002,66.529999,3856000,15.461656
2004-01-07,66.550003,67.339996,66.010002,66.639999,3266400,15.48722
2004-01-06,66.029999,66.800003,65.93,66.550003,3092400,15.466305
2004-01-05,67.230003,67.519997,65.650002,66.029999,6265200,15.345455
2004-01-02,67.980003,68.290001,67.510002,67.669998,2454400,15.726593
2003-12-31,67.980003,68.309998,67.510002,67.580002,2798000,15.705678
2003-12-30,66.68,68.00,66.669998,67.940002,5668400,15.789343
2003-12-29,65.959999,66.709999,65.800003,66.669998,2369600,15.494192
2003-12-26,65.449997,65.830002,65.300003,65.760002,932800,15.282708
2003-12-24,65.50,65.830002,65.099998,65.449997,1414000,15.210662
2003-12-23,65.099998,65.849998,65.050003,65.669998,2317200,15.261791
2003-12-22,64.199997,65.50,64.199997,65.370003,2869200,15.192071
2003-12-19,64.639999,64.849998,64.07,64.379997,4142400,14.961993
2003-12-18,63.82,64.919998,63.77,64.650002,2775600,15.024742
2003-12-17,63.849998,63.98,63.110001,63.59,2593200,14.778397
2003-12-16,64.080002,64.290001,62.91,63.68,4306400,14.799313
2003-12-15,64.980003,65.150002,64.010002,64.099998,2603600,14.896921
2003-12-12,64.160004,64.599998,64.010002,64.489998,1802000,14.987557
2003-12-11,63.23,64.269997,63.040001,64.129997,4980000,14.903893
2003-12-10,64.050003,64.099998,63.009998,63.23,2938400,14.694732
2003-12-09,64.300003,64.959999,64.169998,64.309998,3630000,14.945725
2003-12-08,64.699997,64.800003,63.560001,64.050003,4496400,14.885302
2003-12-05,64.889999,65.099998,64.150002,64.260002,3142800,14.934106
2003-12-04,65.709999,65.779999,64.610001,64.849998,5284000,15.071222
2003-12-03,65.870003,66.120003,65.300003,65.769997,5262800,15.285031
2003-12-02,66.00,66.379997,65.610001,65.940002,6239200,15.32454
2003-12-01,64.900002,66.300003,64.879997,65.980003,5599200,15.333836
2003-11-28,64.309998,64.940002,64.129997,64.379997,1580400,14.961993
2003-11-26,63.650002,64.400002,63.580002,64.269997,5916800,14.936429
2003-11-25,62.490002,64.150002,62.02,63.400002,7053600,14.734241
2003-11-24,61.599998,62.52,61.599998,62.41,4554400,14.504163
2003-11-21,61.349998,61.50,61.049999,61.439999,3758400,14.278734
2003-11-20,60.48,61.27,60.25,60.970001,7610800,14.169506
2003-11-19,59.50,60.540001,59.25,60.48,5353200,14.055629
2003-11-18,60.25,60.25,59.349998,59.509998,3908400,13.830199
2003-11-17,59.610001,59.759998,58.509998,59.700001,3228400,13.874356
2003-11-14,59.970001,60.240002,59.57,59.860001,4037600,13.91154
2003-11-13,59.150002,60.09,59.029999,59.939999,4284800,13.930132
2003-11-12,58.77,59.549999,58.299999,59.330002,4938000,13.788368
2003-11-11,58.400002,58.830002,57.150002,58.759998,6530800,13.646602
2003-11-10,59.00,59.040001,57.82,58.099998,5178000,13.493321
2003-11-07,58.700001,59.099998,58.50,58.990002,6835200,13.700019
2003-11-06,57.040001,58.650002,56.959999,58.419998,8750400,13.567639
2003-11-05,56.25,57.00,56.200001,56.950001,9068400,13.226243
2003-11-04,55.950001,56.490002,55.799999,56.009998,7021200,13.007933
2003-11-03,57.459999,57.950001,54.810001,55.990002,21622400,13.003289
2003-10-31,57.00,57.50,56.900002,57.41,12964800,13.333074
2003-10-30,57.799999,58.00,55.41,56.299999,29208400,13.075284
2003-10-29,60.299999,60.599998,58.299999,58.790001,12722400,13.65357
2003-10-28,61.049999,62.040001,59.849998,60.299999,11699600,14.004256
2003-10-27,63.049999,63.049999,61.07,61.549999,7591600,14.29456
2003-10-24,62.400002,63.299999,60.939999,63.299999,4677600,14.700986
2003-10-23,62.50,63.349998,62.220001,62.610001,2847600,14.540738
2003-10-22,62.25,63.950001,62.200001,62.669998,5196400,14.554672
2003-10-21,63.299999,63.299999,62.099998,62.830002,7634400,14.591832
2003-10-20,63.099998,63.650002,62.970001,63.299999,3440000,14.700986
2003-10-17,63.740002,64.099998,62.669998,63.07,2498800,14.64757
2003-10-16,62.349998,63.990002,62.34,63.740002,4807600,14.803173
2003-10-15,63.200001,63.57,62.099998,62.349998,5213600,14.480355
2003-10-14,63.299999,63.50,62.919998,63.130001,3184400,14.661505
2003-10-13,62.709999,63.73,62.689999,63.27,2623200,14.694019
2003-10-10,62.110001,63.240002,62.099998,62.759998,3138000,14.575574
2003-10-09,62.50,62.849998,62.099998,62.299999,4305200,14.468743
2003-10-08,62.599998,62.939999,62.139999,62.27,4370400,14.461776
2003-10-07,62.73,62.869999,62.009998,62.360001,3764800,14.482677
2003-10-06,62.970001,62.970001,61.049999,62.73,6538000,14.568607
2003-10-03,61.790001,63.220001,61.689999,63.220001,7250800,14.682407
2003-10-02,60.25,61.639999,60.189999,61.57,3762000,14.299205
2003-10-01,60.950001,60.98,59.509998,60.189999,7285200,13.97871
2003-09-30,59.650002,61.220001,59.400002,61.029999,6197200,14.173794
2003-09-29,59.07,59.84,57.900002,59.75,5838000,13.876523
2003-09-26,60.25,60.509998,59.080002,59.23,4563200,13.755756
2003-09-25,60.799999,60.900002,60.110001,60.200001,6541200,13.981032
2003-09-24,61.50,61.830002,60.50,60.650002,6304400,14.085542
2003-09-23,61.049999,61.779999,60.41,61.599998,7230800,14.306172
2003-09-22,60.450001,61.23,60.02,61.23,6150800,14.220243
2003-09-19,61.400002,61.84,60.310001,60.560001,7959200,14.06464
2003-09-18,59.950001,61.029999,59.849998,61.00,5658800,14.166827
2003-09-17,59.150002,60.330002,59.099998,59.75,6233600,13.876523
2003-09-16,58.369999,59.209999,58.299999,59.00,3808000,13.702341
2003-09-15,59.150002,59.50,57.860001,58.389999,4251600,13.560672
2003-09-12,57.529999,59.290001,57.450001,58.77,4297600,13.648925
2003-09-11,58.41,58.50,57.009998,57.400002,4049600,13.330752
2003-09-10,58.18,58.84,57.91,58.389999,4262000,13.560672
2003-09-09,59.150002,59.419998,58.16,58.25,4865600,13.528158
2003-09-08,56.240002,58.369999,56.240002,58.189999,5721600,13.514223
2003-09-05,57.259998,57.259998,56.060001,56.139999,5459600,13.038125
2003-09-04,57.32,57.599998,56.75,57.25,3139200,13.295915
2003-09-03,57.490002,57.950001,56.52,57.330002,7070000,13.314495
2003-09-02,56.950001,58.09,56.73,57.669998,5831600,13.393457
2003-08-29,56.25,57.259998,56.25,57.00,4860400,13.237854
2003-08-28,55.299999,56.599998,54.759998,56.25,6409200,13.063672
2003-08-27,55.400002,56.09,55.099998,55.099998,5401600,12.796592
2003-08-26,55.25,55.549999,54.689999,55.400002,6368000,12.866266
2003-08-25,54.91,55.669998,54.669998,55.27,5722800,12.836074
2003-08-22,56.400002,56.41,54.900002,54.900002,9408000,12.750144
2003-08-21,56.799999,56.900002,56.400002,56.599998,8141200,13.144957
2003-08-20,57.950001,57.950001,56.700001,56.799999,5614000,13.191406
2003-08-19,58.560001,58.639999,57.549999,57.93,5984400,13.453841
2003-08-18,57.349998,57.93,57.080002,57.84,5259600,13.432939
2003-08-15,56.400002,57.18,56.080002,57.00,4064000,13.237854
2003-08-14,55.450001,57.049999,55.450001,56.959999,7153200,13.228565
2003-08-13,54.759998,55.740002,54.509998,55.119999,7130800,12.801237
2003-08-12,55.25,55.330002,54.189999,54.759998,6797200,12.71763
2003-08-11,55.93,56.50,54.299999,55.049999,8739200,12.78498
2003-08-08,55.00,56.200001,54.759998,55.68,9090000,12.931294
2003-08-07,53.00,55.060001,53.00,54.75,15328400,12.715308
2003-08-06,56.23,56.439999,52.599998,52.700001,41379600,12.239209
2003-08-05,60.400002,61.400002,57.59,57.669998,17255200,13.393457
2003-08-04,60.849998,62.290001,60.599998,61.959999,8044000,14.38978
2003-08-01,61.75,61.799999,58.099998,60.849998,22403200,14.13199
2003-07-31,66.099998,66.099998,60.50,61.619999,31511200,14.310817
2003-07-30,68.900002,70.25,66.080002,66.50,26658000,15.444164
2003-07-29,68.120003,68.730003,67.50,68.489998,6260000,15.906327
2003-07-28,65.82,67.699997,65.650002,67.459999,5404000,15.667117
2003-07-25,65.00,66.339996,64.75,66.190002,3338400,15.372169
2003-07-24,64.959999,65.919998,64.75,65.379997,7839600,15.184051
2003-07-23,64.00,64.739998,63.279999,64.599998,8010400,15.002901
2003-07-22,63.700001,64.50,63.009998,63.470001,4633200,14.740467
2003-07-21,63.549999,63.68,63.099998,63.50,4631600,14.747434
2003-07-18,63.32,63.599998,62.450001,63.439999,6161200,14.733499
2003-07-17,61.549999,63.639999,60.990002,63.310001,9690400,14.703309
2003-07-16,62.799999,62.900002,60.849998,61.400002,4864800,14.259724
2003-07-15,63.75,63.98,62.580002,63.00,3915600,14.631313
2003-07-14,62.93,64.080002,62.560001,63.540001,6648800,14.756724
2003-07-11,62.299999,63.220001,62.240002,62.93,6061600,14.615056
2003-07-10,61.759998,62.490002,61.650002,62.200001,5275600,14.445519
2003-07-09,62.630001,62.830002,61.75,61.759998,7263200,14.343331
2003-07-08,62.049999,62.900002,62.049999,62.669998,6734800,14.554672
2003-07-07,62.049999,62.540001,62.049999,62.130001,6233200,14.429262
2003-07-03,62.00,62.529999,60.02,61.970001,3458400,14.392103
2003-07-02,62.50,62.599998,61.860001,62.00,8163200,14.39907
2003-07-01,60.200001,63.200001,60.200001,62.990002,11799600,14.628991
2003-06-30,60.599998,60.75,60.169998,60.200001,4439600,13.981032
2003-06-27,60.349998,60.799999,59.799999,60.470001,3839600,14.043738
2003-06-26,59.880001,60.619999,59.50,60.349998,3552800,14.015868
2003-06-25,60.450001,60.700001,59.73,59.799999,4160800,13.888135
2003-06-24,60.200001,61.00,60.150002,60.669998,6559200,14.090186
2003-06-23,60.00,60.240002,59.400002,60.200001,4628400,13.981032
2003-06-20,60.75,61.700001,60.389999,60.50,9764400,14.050705
2003-06-19,63.50,63.700001,61.080002,61.130001,7339200,14.197019
2003-06-18,64.050003,64.419998,63.099998,63.799999,8742000,14.817107
2003-06-17,64.25,64.720001,63.639999,64.419998,8249200,14.961098
2003-06-16,64.010002,64.330002,63.759998,64.199997,6193600,14.910004
2003-06-13,64.150002,64.349998,63.560001,64.019997,5630800,14.8682
2003-06-12,64.599998,65.620003,63.759998,64.400002,13754400,14.956453
2003-06-11,62.650002,64.25,62.349998,64.25,13207600,14.921617
2003-06-10,61.200001,62.349998,61.200001,62.200001,4666800,14.445519
2003-06-09,61.860001,62.049999,60.919998,61.060001,10030000,14.180762
2003-06-06,60.75,62.400002,60.599998,61.849998,11770000,14.364233
2003-06-05,57.900002,60.25,56.34,59.869999,12229200,13.904392
2003-06-04,56.650002,57.950001,56.59,57.919998,7653600,13.451518
2003-06-03,56.889999,57.080002,56.369999,56.650002,6903600,13.15657
2003-06-02,57.669998,57.849998,56.860001,57.07,5504800,13.254111
2003-05-30,56.529999,57.50,56.209999,57.419998,4888800,13.335396
2003-05-29,56.52,57.299999,56.00,56.400002,8226000,13.098509
2003-05-28,57.200001,57.279999,56.310001,56.490002,9696000,13.119411
2003-05-27,56.900002,57.939999,56.900002,57.299999,7266800,13.307527
2003-05-23,56.849998,57.849998,56.82,57.330002,4724800,13.314495
2003-05-22,57.240002,58.240002,56.110001,56.900002,11212800,13.214631
2003-05-21,56.50,57.450001,56.25,57.240002,7933600,13.293593
2003-05-20,54.139999,56.380001,54.139999,56.349998,13884800,13.086896
2003-05-19,55.400002,55.400002,54.34,54.400002,8704400,12.634023
2003-05-16,54.110001,55.560001,53.970001,55.43,10463600,12.873233
2003-05-15,53.950001,54.259998,53.130001,53.860001,4816400,12.508611
2003-05-14,54.00,54.25,53.419998,53.700001,5174000,12.471453
2003-05-13,53.119999,54.080002,52.990002,53.700001,5926400,12.471453
2003-05-12,52.990002,53.139999,52.740002,53.119999,5480000,12.336751
2003-05-09,52.349998,53.029999,52.349998,52.98,5955200,12.304237
2003-05-08,52.02,53.279999,51.50,52.25,11286000,12.1347
2003-05-07,51.860001,52.009998,51.209999,52.009998,6530000,12.078961
2003-05-06,51.709999,51.959999,51.400002,51.849998,4814000,12.041802
2003-05-05,51.25,51.849998,51.25,51.700001,9313200,12.006966
2003-05-02,50.57,51.25,49.889999,51.200001,8936800,11.890845
2003-05-01,50.00,51.119999,49.810001,50.560001,11360800,11.742209
2003-04-30,48.779999,50.419998,48.349998,49.799999,8599600,11.565704
2003-04-29,48.599998,48.919998,47.900002,48.77,5682400,11.326494
2003-04-28,48.419998,49.389999,48.330002,48.73,7904400,11.317204
2003-04-25,49.18,49.650002,48.279999,48.419998,9455600,11.245209
2003-04-24,52.00,52.00,48.310001,48.93,34259200,11.363653
2003-04-23,48.599998,48.91,47.700001,48.400002,5794800,11.240565
2003-04-22,47.380001,48.950001,47.099998,48.740002,5794800,11.319527
2003-04-21,48.189999,48.470001,47.23,47.48,3726800,11.0269
2003-04-17,47.450001,48.450001,47.049999,48.189999,8806000,11.191793
2003-04-16,50.00,50.349998,47.02,47.029999,11740000,10.922391
2003-04-15,49.400002,49.900002,48.41,49.709999,7760000,11.544802
2003-04-14,48.09,49.48,47.950001,49.400002,4905600,11.472808
2003-04-11,48.00,48.349998,47.48,48.080002,4096400,11.166247
2003-04-10,48.25,48.259998,47.27,47.75,5729200,11.089606
2003-04-09,48.950001,49.490002,48.189999,48.259998,4934800,11.20805
2003-04-08,48.939999,49.07,48.200001,48.900002,7672400,11.356686
2003-04-07,49.290001,49.59,48.66,48.93,6387600,11.363653
2003-04-04,50.00,50.549999,48.16,48.349998,10497200,11.228952
2003-04-03,49.459999,49.75,48.25,49.380001,6352800,11.468163
2003-04-02,49.439999,49.990002,49.34,49.450001,5187200,11.48442
2003-04-01,49.549999,49.599998,48.400002,48.900002,7506800,11.356686
2003-03-31,48.98,50.00,48.299999,49.299999,7401200,11.449583
2003-03-28,49.099998,49.970001,49.060001,49.639999,6110400,11.528545
2003-03-27,48.459999,49.459999,48.080002,49.43,8892000,11.479775
2003-03-26,47.619999,48.50,47.619999,48.459999,5247600,11.254499
2003-03-25,46.400002,48.34,46.400002,48.029999,6923600,11.154634
2003-03-24,47.610001,47.610001,45.91,46.34,2697200,10.762143
2003-03-21,47.349998,47.619999,46.599998,47.599998,4254400,11.054769
2003-03-20,46.400002,47.080002,45.450001,47.040001,4481600,10.924714
2003-03-19,46.790001,47.200001,46.119999,46.91,2384000,10.894522
2003-03-18,46.450001,47.369999,46.290001,46.779999,4956400,10.86433
2003-03-17,44.75,46.939999,44.650002,46.900002,4553600,10.8922
2003-03-14,46.50,46.810001,44.700001,44.860001,10016000,10.418424
2003-03-13,43.200001,45.619999,43.200001,45.619999,10115200,10.594928
2003-03-12,42.00,43.00,41.82,42.880001,7962400,9.958583
2003-03-11,42.950001,43.09,41.220001,41.220001,4619200,9.573059
2003-03-10,43.099998,43.209999,42.610001,42.950001,4735600,9.97484
2003-03-07,42.049999,43.299999,41.889999,43.200001,4328800,10.0329
2003-03-06,41.849998,42.400002,41.380001,42.200001,3050400,9.800657
2003-03-05,41.400002,42.439999,41.189999,41.98,2807200,9.749564
2003-03-04,41.849998,41.939999,41.549999,41.610001,3664400,9.663634
2003-03-03,42.549999,42.98,41.900002,41.900002,3022400,9.730985
2003-02-28,42.07,42.360001,41.50,42.119999,3625600,9.782077
2003-02-27,41.900002,42.310001,41.540001,41.880001,2572800,9.72634
2003-02-26,42.369999,42.380001,41.700001,41.75,3052400,9.696148
2003-02-25,41.50,42.459999,40.93,42.459999,3020000,9.86104
2003-02-24,42.27,42.330002,41.639999,41.650002,2175200,9.672924
2003-02-21,42.060001,43.00,41.599998,42.73,3291600,9.923746
2003-02-20,42.290001,42.50,41.349998,42.060001,3732800,9.768143
2003-02-19,42.169998,42.68,41.830002,42.07,2716800,9.770466
2003-02-18,41.50,42.52,41.450001,42.099998,3527600,9.777433
2003-02-14,41.529999,41.529999,39.900002,41.240002,6370400,9.577704
2003-02-13,42.02,42.490002,40.830002,41.529999,5322000,9.645054
2003-02-12,43.400002,43.599998,40.82,41.639999,6463600,9.670601
2003-02-11,42.50,44.799999,42.50,43.400002,17766400,10.079349
2003-02-10,41.200001,41.849998,40.119999,41.849998,4058800,9.719372
2003-02-07,41.27,41.900002,40.900002,40.950001,4136800,9.510354
2003-02-06,41.41,41.509998,40.490002,40.82,2725200,9.480162
2003-02-05,41.900002,42.040001,41.369999,41.400002,3130400,9.614863
2003-02-04,42.709999,42.709999,40.50,41.50,7123200,9.638087
2003-02-03,43.599998,43.939999,42.549999,42.700001,5505200,9.916779
2003-01-31,41.75,43.810001,41.400002,43.490002,7036800,10.100251
2003-01-30,44.07,44.290001,43.099998,43.32,3051200,10.060769
2003-01-29,42.860001,44.080002,42.110001,44.060001,3666400,10.23263
2003-01-28,42.91,42.950001,42.16,42.849998,3552400,9.951615
2003-01-27,43.950001,43.950001,42.77,42.91,4230800,9.96555
2003-01-24,44.639999,44.799999,43.84,43.950001,4113600,10.207083
2003-01-23,44.799999,45.060001,44.32,44.84,6794000,10.413779
2003-01-22,43.349998,44.389999,43.009998,44.209999,6450400,10.267466
2003-01-21,43.700001,43.799999,42.970001,43.349998,5230000,10.067736
2003-01-17,42.52,43.900002,42.50,43.860001,4537600,10.186181
2003-01-16,42.560001,42.990002,42.23,42.59,1923200,9.891232
2003-01-15,42.630001,42.73,42.200001,42.549999,1899600,9.881942
2003-01-14,42.700001,42.990002,41.779999,42.740002,3306000,9.926069
2003-01-13,43.099998,43.400002,42.610001,42.869999,3097600,9.95626
2003-01-10,42.50,43.209999,42.259998,43.16,3879200,10.02361
2003-01-09,42.299999,43.18,42.060001,43.029999,3120400,9.993419
2003-01-08,42.150002,42.380001,41.939999,42.23,2761200,9.807624
2003-01-07,42.32,42.990002,41.759998,42.18,4292000,9.796012
2003-01-06,42.25,43.049999,42.200001,42.75,3016400,9.928391
2003-01-03,42.00,42.599998,41.990002,42.330002,3098800,9.830849
2003-01-02,41.150002,42.139999,40.950001,42.040001,3558400,9.763498
2002-12-31,41.400002,41.41,40.540001,41.119999,3943200,9.549834
2002-12-30,41.50,41.73,40.68,41.470001,3640000,9.63112
2002-12-27,41.549999,41.77,40.669998,40.959999,3343600,9.512676
2002-12-26,41.470001,42.02,41.360001,41.66,2168000,9.675246
2002-12-24,41.900002,41.950001,41.25,41.540001,975600,9.647377
2002-12-23,40.799999,41.889999,40.709999,41.759998,3161600,9.69847
2002-12-20,41.049999,41.34,40.50,40.939999,7677200,9.508031
2002-12-19,40.889999,41.700001,40.84,41.099998,6093200,9.545189
2002-12-18,40.529999,40.970001,40.240002,40.889999,3856400,9.496419
2002-12-17,40.25,40.66,40.00,40.52,3065200,9.410489
2002-12-16,39.900002,40.389999,39.900002,40.389999,3590000,9.380297
2002-12-13,39.900002,40.09,39.290001,39.799999,3555200,9.243274
2002-12-12,40.139999,40.450001,39.619999,40.00,3654800,9.289722
2002-12-11,39.549999,40.310001,39.52,40.240002,3319600,9.345461
2002-12-10,39.400002,39.779999,39.009998,39.779999,3260400,9.238629
2002-12-09,39.049999,39.84,38.599998,39.599998,6883200,9.196825
2002-12-06,38.470001,39.32,38.25,39.049999,4323600,9.069091
2002-12-05,38.59,38.700001,37.709999,38.470001,4546000,8.934391
2002-12-04,37.25,39.040001,37.200001,38.509998,5494000,8.94368
2002-12-03,37.439999,38.790001,37.150002,37.75,6290400,8.767176
2002-12-02,38.700001,38.700001,36.740002,37.549999,7050400,8.720727
2002-11-29,38.110001,38.23,37.48,37.75,2124800,8.767176
2002-11-27,37.400002,38.00,37.25,37.599998,4107600,8.732339
2002-11-26,36.549999,37.400002,36.110001,36.860001,10580400,8.560479
2002-11-25,37.25,37.509998,35.599998,35.75,14790800,8.302689
2002-11-22,39.169998,40.349998,38.810001,40.139999,4192400,9.322236
2002-11-21,39.75,39.990002,38.509998,39.110001,6295600,9.083026
2002-11-20,39.00,39.68,38.299999,39.580002,4560000,9.192181
2002-11-19,39.799999,39.91,38.75,38.990002,3738000,9.055157
2002-11-18,41.00,41.00,40.099998,40.27,3868800,9.352428
2002-11-15,39.77,40.84,39.57,40.709999,4675200,9.454615
2002-11-14,39.799999,40.139999,39.650002,39.869999,3572000,9.259531
2002-11-13,39.349998,40.099998,39.130001,39.400002,5430800,9.150377
2002-11-12,39.450001,39.84,38.700001,39.310001,6102000,9.120185
2002-11-11,39.450001,40.23,38.549999,39.029999,8048400,9.055223
2002-11-08,41.00,42.00,39.00,39.450001,17237600,9.152666
2002-11-07,43.900002,44.09,42.50,42.599998,3774800,9.883487
2002-11-06,42.50,44.049999,42.459999,43.970001,6171200,10.201337
2002-11-05,42.50,42.529999,41.240002,42.02,5785200,9.748923
2002-11-04,42.470001,43.119999,41.860001,42.75,6568400,9.918288
2002-11-01,40.349998,41.880001,40.009998,41.869999,5575600,9.714122
2002-10-31,42.00,43.34,39.400002,40.299999,19170400,9.349872
2002-10-30,40.25,41.27,39.950001,40.959999,5762400,9.502996
2002-10-29,40.34,40.389999,39.009998,40.049999,5142800,9.29187
2002-10-28,41.799999,42.439999,40.049999,40.34,8503600,9.359152
2002-10-25,41.009998,41.619999,39.16,41.450001,11116400,9.61668
2002-10-24,41.25,41.73,40.700001,41.00,6564000,9.512276
2002-10-23,41.00,41.549999,39.709999,41.52,8079200,9.63292
2002-10-22,40.200001,41.400002,39.549999,41.279999,8988800,9.577238
2002-10-21,39.049999,40.240002,39.02,40.099998,9060800,9.30347
2002-10-18,38.00,38.950001,37.849998,38.950001,6741600,9.036663
2002-10-17,39.599998,40.080002,37.150002,38.00,8200400,8.816256
2002-10-16,38.50,39.470001,38.240002,38.73,6941200,8.985621
2002-10-15,38.00,38.650002,38.00,38.639999,8470400,8.96474
2002-10-14,36.700001,37.25,36.650002,37.00,6835200,8.58425
2002-10-11,37.50,37.560001,36.099998,36.75,11652800,8.526248
2002-10-10,37.400002,38.00,35.900002,36.799999,29229200,8.537848
2002-10-09,32.650002,32.91,31.49,31.690001,6429200,7.352294
2002-10-08,31.98,33.650002,31.60,33.099998,8463600,7.679423
2002-10-07,34.029999,34.200001,31.950001,31.98,7372000,7.419576
2002-10-04,35.849998,35.880001,32.82,33.73,11152800,7.825587
2002-10-03,36.25,37.34,35.52,35.799999,7628400,8.305841
2002-10-02,36.959999,37.900002,36.50,36.970001,5908000,8.57729
2002-10-01,36.400002,36.959999,35.299999,36.959999,8229600,8.574969
2002-09-30,37.049999,37.049999,35.450001,35.810001,7288400,8.308162
2002-09-27,37.779999,38.59,36.830002,37.049999,5054800,8.59585
2002-09-26,38.00,38.200001,36.720001,37.779999,5231200,8.765214
2002-09-25,37.00,37.700001,36.610001,37.369999,5212400,8.670092
2002-09-24,38.959999,39.00,36.509998,36.75,6100000,8.526248
2002-09-23,39.110001,39.75,38.860001,38.959999,6594000,9.038983
2002-09-20,39.049999,39.700001,38.599998,39.099998,6564800,9.071463
2002-09-19,39.00,40.00,38.52,38.689999,5863200,8.976341
2002-09-18,38.450001,40.099998,38.00,39.490002,6812400,9.161947
2002-09-17,38.849998,38.98,38.209999,38.450001,5617200,8.920659
2002-09-16,39.150002,39.50,38.599998,39.240002,6622400,9.103945
2002-09-13,38.799999,39.509998,36.549999,39.25,23344000,9.106265
2002-09-12,40.630001,41.200001,39.150002,39.23,9586400,9.101624
2002-09-11,41.150002,41.57,40.98,40.98,2046400,9.507636
2002-09-10,41.830002,41.830002,41.150002,41.259998,3926400,9.572598
2002-09-09,41.639999,42.23,40.93,41.830002,6087600,9.704843
2002-09-06,41.599998,41.740002,41.029999,41.650002,4027200,9.663081
2002-09-05,40.689999,41.990002,40.299999,41.400002,4714000,9.60508
2002-09-04,40.77,41.00,39.759998,40.939999,5371600,9.498356
2002-09-03,42.650002,42.650002,40.599998,40.77,4884400,9.458915
2002-08-30,42.00,43.200001,41.939999,42.610001,1701600,9.885807
2002-08-29,41.599998,42.830002,41.130001,41.98,3638800,9.739643
2002-08-28,42.580002,42.580002,41.400002,41.889999,3538400,9.718762
2002-08-27,43.650002,44.049999,42.419998,42.580002,2508000,9.878848
2002-08-26,43.650002,43.799999,42.830002,43.59,3315200,10.113174
2002-08-23,44.099998,44.400002,43.099998,43.240002,2498000,10.031972
2002-08-22,42.990002,44.599998,42.799999,44.459999,4624000,10.31502
2002-08-21,43.970001,44.16,42.82,43.00,3275200,9.97629
2002-08-20,43.599998,43.599998,43.099998,43.27,2179200,10.038932
2002-08-19,43.189999,43.880001,43.07,43.59,2512800,10.113174
2002-08-16,44.130001,44.349998,43.119999,43.18,3696000,10.018051
2002-08-15,44.650002,44.75,43.630001,44.240002,4778000,10.263979
2002-08-14,42.400002,44.549999,41.75,44.549999,4529200,10.3359
2002-08-13,43.099998,44.009998,42.349998,42.389999,3752400,9.834766
2002-08-12,43.650002,44.099998,43.25,43.779999,2480000,10.157255
2002-08-09,43.450001,44.23,43.049999,44.049999,5005600,10.219897
2002-08-08,42.400002,43.98,41.84,43.619999,4381600,10.120134
2002-08-07,42.450001,42.790001,41.099998,41.84,3946400,9.707162
2002-08-06,41.50,42.48,41.349998,41.98,6985600,9.739643
2002-08-05,42.130001,42.130001,40.139999,40.66,6304400,9.433394
2002-08-02,43.099998,43.48,41.349998,42.130001,5605200,9.774444
2002-08-01,44.669998,45.400002,42.650002,43.099998,12570000,9.99949
2002-07-31,42.610001,44.029999,42.50,43.68,12706800,10.134055
2002-07-30,43.549999,45.150002,41.549999,42.619999,9261200,9.888127
2002-07-29,42.00,44.240002,41.900002,43.630001,7936400,10.122454
2002-07-26,41.900002,42.75,40.400002,40.900002,6389600,9.489076
2002-07-25,42.00,44.00,40.57,41.950001,8153200,9.732683
2002-07-24,39.049999,43.380001,38.82,42.599998,8256000,9.883487
2002-07-23,39.119999,39.98,38.299999,39.279999,7702000,9.113225
2002-07-22,42.700001,43.50,39.040001,39.459999,10077600,9.154986
2002-07-19,43.200001,44.540001,42.50,42.66,7099200,9.897408
2002-07-18,47.25,47.900002,43.220001,43.66,9792400,10.129414
2002-07-17,45.650002,46.48,44.50,45.950001,4026000,10.66071
2002-07-16,44.400002,45.779999,43.50,45.02,4762000,10.444944
2002-07-15,45.150002,45.200001,43.389999,45.00,6558800,10.440303
2002-07-12,44.650002,46.66,44.610001,45.880001,5507600,10.64447
2002-07-11,43.75,44.700001,43.200001,44.66,9942400,10.361421
2002-07-10,44.799999,46.00,43.900002,44.119999,6252000,10.236137
2002-07-09,46.790001,47.00,44.66,44.66,3611200,10.361421
2002-07-08,46.349998,47.200001,46.209999,47.040001,3477200,10.913597
2002-07-05,44.799999,47.099998,44.790001,46.27,2682400,10.734952
2002-07-03,45.799999,46.299999,44.950001,45.25,4247200,10.498305
2002-07-02,46.509998,47.150002,45.049999,45.93,7618400,10.65607
2002-07-01,48.50,48.50,46.099998,46.509998,6240400,10.790633
2002-06-28,49.00,49.349998,47.970001,47.970001,5916000,11.129364
2002-06-27,48.049999,49.360001,48.049999,49.02,5566000,11.372971
2002-06-26,45.50,47.389999,45.009998,47.369999,7246000,10.990159
2002-06-25,48.900002,49.150002,46.299999,46.369999,9486000,10.758152
2002-06-24,50.349998,50.599998,47.790001,48.450001,11232400,11.240727
2002-06-21,51.080002,51.389999,49.759998,50.380001,11040800,11.6885
2002-06-20,51.549999,51.889999,50.91,51.470001,9540400,11.941387
2002-06-19,50.869999,51.91,50.509998,51.759998,9222800,12.008669
2002-06-18,49.84,50.880001,49.84,50.869999,8285200,11.802183
2002-06-17,48.880001,50.00,48.779999,49.84,5444000,11.563216
2002-06-14,49.00,49.50,47.919998,48.900002,5666800,11.34513
2002-06-13,49.549999,49.970001,49.099998,49.279999,3399600,11.433292
2002-06-12,49.799999,50.25,49.27,49.759998,7215200,11.544655
2002-06-11,49.700001,50.25,49.450001,50.00,11963600,11.600337
2002-06-10,48.200001,49.48,48.200001,49.080002,6181600,11.386891
2002-06-07,47.400002,48.34,46.50,48.240002,4978000,11.192006
2002-06-06,47.700001,48.00,47.41,47.759998,7158800,11.080642
2002-06-05,46.450001,47.419998,46.450001,47.389999,3761600,10.994799
2002-06-04,46.93,47.50,46.16,46.48,4871600,10.783673
2002-06-03,48.00,48.299999,46.939999,47.02,3540000,10.908957
2002-05-31,47.490002,48.110001,47.310001,47.849998,3658400,11.101522
2002-05-30,47.299999,47.849998,47.25,47.490002,5838400,11.018001
2002-05-29,46.549999,47.490002,46.450001,47.470001,3180000,11.01336
2002-05-28,46.900002,47.060001,45.900002,46.799999,3502400,10.857915
2002-05-24,46.700001,47.099998,46.150002,46.939999,2519200,10.890396
2002-05-23,45.700001,47.349998,45.700001,46.98,4471600,10.899677
2002-05-22,45.700001,46.189999,44.75,46.150002,4331200,10.707112
2002-05-21,45.799999,46.049999,45.150002,45.700001,3967600,10.602708
2002-05-20,47.00,47.009998,45.400002,46.02,5687200,10.67695
2002-05-17,47.299999,47.889999,47.029999,47.419998,2819600,11.001759
2002-05-16,46.889999,47.299999,45.990002,46.77,3885200,10.850956
2002-05-15,46.400002,47.650002,46.349998,46.900002,5349600,10.881117
2002-05-14,46.66,46.66,45.700001,46.279999,5536000,10.737272
2002-05-13,47.700001,47.700001,45.799999,46.66,4873600,10.825435
2002-05-10,47.950001,48.169998,47.200001,47.299999,2554400,10.973919
2002-05-09,48.00,48.349998,47.610001,47.900002,3070400,11.113123
2002-05-08,47.75,48.18,46.060001,48.080002,7254000,11.154885
2002-05-07,48.200001,48.599998,47.27,47.400002,5912800,10.99712
2002-05-06,48.799999,49.52,47.950001,48.049999,3100000,11.147924
2002-05-03,49.889999,50.00,49.299999,49.529999,4310400,11.491294
2002-05-02,48.990002,49.93,48.900002,49.889999,6046800,11.574816
2002-05-01,48.150002,49.490002,48.060001,49.299999,7973200,11.437932
2002-04-30,48.299999,48.790001,47.599998,47.599998,6169200,11.043521
2002-04-29,48.119999,48.50,47.889999,48.040001,4370000,11.145604
2002-04-26,49.419998,49.50,48.27,48.759998,7266800,11.312648
2002-04-25,47.00,51.00,46.700001,49.91,29823600,11.579457
2002-04-24,43.25,44.400002,43.169998,43.98,3127200,10.203656
2002-04-23,44.349998,44.470001,43.099998,43.450001,3593200,10.080693
2002-04-22,44.720001,45.360001,44.110001,44.509998,7742000,10.32662
2002-04-19,43.25,44.48,43.23,44.419998,6282800,10.305739
2002-04-18,42.799999,43.349998,42.549999,43.130001,3896800,10.006451
2002-04-17,42.189999,42.68,42.02,42.549999,4271200,9.871887
2002-04-16,41.32,42.09,41.32,41.990002,1922800,9.741964
2002-04-15,41.400002,41.98,40.830002,41.299999,2482000,9.581878
2002-04-12,41.950001,42.509998,41.349998,41.549999,6718000,9.63988
2002-04-11,41.150002,42.700001,40.98,41.810001,5079200,9.700202
2002-04-10,40.00,41.279999,39.959999,41.27,3648400,9.574918
2002-04-09,39.700001,40.189999,39.50,39.990002,3090000,9.27795
2002-04-08,39.650002,39.860001,39.459999,39.759998,3030400,9.224588
2002-04-05,39.650002,39.990002,39.619999,39.84,2470400,9.243149
2002-04-04,39.75,39.98,38.919998,39.490002,2909200,9.161947
2002-04-03,39.880001,40.00,39.279999,39.799999,3196400,9.233868
2002-04-02,38.75,39.990002,38.689999,39.869999,3037200,9.250109
2002-04-01,38.82,38.82,38.00,38.66,2500800,8.969381
2002-03-28,38.700001,39.209999,38.549999,38.82,2170800,9.006502
2002-03-27,37.970001,38.459999,37.50,38.27,1860400,8.878898
2002-03-26,37.50,38.330002,37.380001,37.68,1680800,8.742014
2002-03-25,37.860001,38.040001,37.099998,37.34,2071200,8.663132
2002-03-22,38.00,38.450001,37.630001,38.110001,1973200,8.841777
2002-03-21,37.799999,38.18,37.150002,38.16,2966800,8.853377
2002-03-20,38.099998,38.099998,37.560001,37.700001,3871600,8.746654
2002-03-19,38.849998,38.849998,38.080002,38.18,3720000,8.858018
2002-03-18,38.290001,39.110001,38.200001,38.720001,3453200,8.983301
2002-03-15,38.150002,38.799999,37.919998,38.040001,3992000,8.825537
2002-03-14,37.91,38.169998,37.84,37.91,2177200,8.795376
2002-03-13,37.16,38.200001,37.16,37.91,3348400,8.795376
2002-03-12,37.450001,37.799999,36.900002,37.639999,3939200,8.732734
2002-03-11,37.549999,38.349998,37.299999,37.48,4334800,8.695613
2002-03-08,36.900002,37.650002,36.860001,37.240002,4522800,8.639932
2002-03-07,36.650002,36.82,36.189999,36.740002,3461200,8.523928
2002-03-06,35.970001,36.880001,35.799999,36.66,4882400,8.505367
2002-03-05,36.400002,36.75,35.50,35.509998,6907200,8.238559
2002-03-04,36.00,37.400002,35.91,36.119999,6929600,8.380083
2002-03-01,35.50,36.040001,35.16,35.759998,4198800,8.296561
2002-02-28,34.779999,35.400002,34.540001,35.060001,3528400,8.134157
2002-02-27,35.34,35.549999,34.50,34.700001,3356800,8.050634
2002-02-26,34.529999,35.650002,34.459999,34.970001,3276000,8.113276
2002-02-25,34.400002,34.73,33.849998,34.529999,4020000,8.011193
2002-02-22,33.50,33.84,33.220001,33.509998,3730400,7.774546
2002-02-21,30.75,33.950001,30.34,33.50,14381200,7.772226
2002-02-20,32.400002,32.400002,30.809999,31.879999,6235600,7.396375
2002-02-19,33.200001,33.599998,32.41,32.41,2605200,7.519339
2002-02-15,33.049999,33.580002,32.209999,33.200001,3523600,7.702624
2002-02-14,33.00,33.299999,32.50,32.950001,6821600,7.644622
2002-02-13,34.200001,34.450001,33.639999,33.639999,3421600,7.804707
2002-02-12,33.950001,34.50,33.799999,34.049999,3367600,7.899829
2002-02-11,34.419998,34.419998,33.75,34.00,4216800,7.888229
2002-02-08,35.029999,35.349998,33.950001,34.419998,5737600,7.985672
2002-02-07,34.549999,35.50,34.43,35.02,1698000,8.124876
2002-02-06,34.799999,35.029999,34.139999,34.450001,1842400,7.992632
2002-02-05,34.439999,35.490002,34.439999,34.799999,3513600,8.073834
2002-02-04,34.900002,34.950001,34.25,34.439999,2078000,7.990312
2002-02-01,34.389999,35.220001,34.299999,34.709999,2996800,8.052954
2002-01-31,34.00,34.59,33.619999,34.380001,4530800,7.976392
2002-01-30,34.400002,34.400002,33.549999,33.799999,4648800,7.841828
2002-01-29,34.889999,35.150002,34.200001,34.450001,3977600,7.992632
2002-01-28,35.00,35.650002,34.75,34.880001,3485600,8.092395
2002-01-25,35.849998,35.950001,35.360001,35.779999,1520800,8.301201
2002-01-24,35.25,36.259998,35.209999,36.099998,2667600,8.375443
2002-01-23,35.200001,35.43,35.00,35.32,2078800,8.194478
2002-01-22,35.470001,35.98,35.099998,35.150002,1795600,8.155037
2002-01-18,35.50,35.880001,35.110001,35.459999,2745600,8.226959
2002-01-17,35.900002,35.91,34.790001,35.549999,4091600,8.24784
2002-01-16,35.950001,36.490002,35.950001,36.25,3064400,8.410244
2002-01-15,35.66,35.900002,35.299999,35.720001,3096000,8.287281
2002-01-14,35.689999,36.18,35.419998,35.669998,2903200,8.27568
2002-01-11,34.52,36.00,34.52,35.700001,5500400,8.282641
2002-01-10,34.380001,34.759998,34.00,34.720001,4802000,8.055274
2002-01-09,34.650002,35.09,34.299999,34.380001,13011600,7.976392
2002-01-08,33.23,33.650002,32.709999,33.16,3638800,7.693344
2002-01-07,32.950001,33.700001,32.41,33.27,5637200,7.718864
2002-01-04,30.90,33.529999,30.90,33.330002,5245600,7.732785
2002-01-03,31.799999,31.84,29.90,30.76,7392800,7.136527
2002-01-02,31.50,32.00,31.200001,31.50,5105600,7.308212
2001-12-31,33.400002,33.549999,32.849998,32.990002,2539600,7.653903
2001-12-28,32.959999,33.200001,32.700001,33.150002,3848800,7.691024
2001-12-27,33.00,33.099998,32.630001,32.959999,1200000,7.646942
2001-12-26,33.450001,33.599998,32.970001,33.009998,4077600,7.658542
2001-12-24,33.099998,33.25,32.950001,33.029999,716400,7.663182
2001-12-21,33.700001,33.700001,32.50,33.00,3789200,7.656223
2001-12-20,32.939999,33.799999,32.619999,33.709999,9764800,7.820947
2001-12-19,32.32,33.599998,32.09,32.939999,3993600,7.642302
2001-12-18,31.200001,32.50,31.200001,32.310001,9723600,7.496138
2001-12-17,31.00,31.49,30.84,31.280001,1354800,7.257171
2001-12-14,30.75,31.299999,30.74,31.17,5745600,7.23165
2001-12-13,30.40,31.25,29.959999,30.74,2809600,7.131887
2001-12-12,30.459999,31.450001,30.23,31.040001,4354800,7.20149
2001-12-11,30.629999,30.700001,29.93,30.639999,2454000,7.108686
2001-12-10,30.940001,31.23,30.530001,30.629999,1512400,7.106366
2001-12-07,31.50,31.50,31.200001,31.32,1924400,7.266451
2001-12-06,30.84,32.00,30.84,31.549999,2131600,7.319813
2001-12-05,30.629999,31.08,30.549999,30.99,1600000,7.189889
2001-12-04,30.75,31.15,30.15,30.940001,2421200,7.178289
2001-12-03,30.92,31.25,30.57,30.82,1054400,7.150448
2001-11-30,31.10,31.50,31.049999,31.17,1882800,7.23165
2001-11-29,30.75,31.139999,30.74,31.040001,2035200,7.20149
2001-11-28,30.65,31.00,30.450001,30.74,1357600,7.131887
2001-11-27,30.40,31.23,30.360001,30.52,3753200,7.080846
2001-11-26,30.530001,30.99,30.00,30.66,2883600,7.113327
2001-11-23,30.65,30.690001,29.85,30.52,834400,7.080846
2001-11-21,30.15,30.799999,29.83,30.73,3361600,7.129567
2001-11-20,29.00,30.40,28.91,30.23,4076000,7.013564
2001-11-19,29.25,29.77,29.10,29.50,3174800,6.844199
2001-11-16,29.60,29.969999,29.27,29.48,2090800,6.839559
2001-11-15,29.549999,30.52,29.370001,29.459999,2785200,6.834918
2001-11-14,29.90,30.25,29.610001,29.969999,1267600,6.953242
2001-11-13,29.08,30.00,28.85,29.92,3892400,6.941642
2001-11-12,28.860001,29.35,28.25,29.09,4174400,6.749076
2001-11-09,29.75,29.75,28.809999,28.860001,4570000,6.695715
2001-11-08,31.23,31.23,29.690001,29.799999,8488000,6.90452
2001-11-07,31.60,32.490002,28.60,31.24,27004400,7.238162
2001-11-06,30.799999,32.200001,30.76,32.009998,8055600,7.416567
2001-11-05,29.65,30.959999,29.50,30.85,4198000,7.147801
2001-11-02,28.25,29.77,28.00,29.15,4649200,6.753919
2001-11-01,27.639999,27.90,27.10,27.83,3720400,6.448081
2001-10-31,27.85,28.040001,27.379999,27.639999,2928000,6.404059
2001-10-30,28.049999,28.16,27.52,27.709999,2642400,6.420277
2001-10-29,28.26,28.60,28.049999,28.16,3715200,6.52454
2001-10-26,27.98,28.469999,27.860001,28.290001,2474400,6.554661
2001-10-25,28.50,28.549999,28.15,28.48,1792000,6.598683
2001-10-24,28.50,28.85,27.950001,28.51,2875200,6.605634
2001-10-23,28.99,28.99,28.110001,28.50,4121200,6.603317
2001-10-22,28.68,29.02,28.440001,29.00,3344800,6.719164
2001-10-19,28.40,29.190001,28.40,28.700001,3002800,6.649656
2001-10-18,29.85,29.889999,28.700001,28.940001,2928800,6.705263
2001-10-17,30.26,30.549999,29.709999,29.91,2445200,6.930007
2001-10-16,30.40,30.75,30.10,30.389999,1446800,7.041221
2001-10-15,29.700001,30.50,29.700001,30.40,1215600,7.043538
2001-10-12,30.450001,30.639999,29.35,30.07,2034800,6.967078
2001-10-11,30.389999,31.40,30.219999,30.690001,2142000,7.11073
2001-10-10,29.700001,30.75,29.43,30.469999,2856000,7.059756
2001-10-09,29.309999,29.85,28.879999,29.809999,1335200,6.906837
2001-10-08,29.08,29.18,28.90,29.059999,727600,6.733066
2001-10-05,29.200001,29.299999,28.709999,29.280001,1536000,6.784039
2001-10-04,29.15,29.799999,28.77,29.110001,2208400,6.744651
2001-10-03,29.18,29.25,28.77,29.040001,3236800,6.728432
2001-10-02,29.25,29.40,28.90,29.25,1775200,6.777088
2001-10-01,28.90,29.48,28.59,29.360001,2204400,6.802575
2001-09-28,28.00,28.959999,27.790001,28.889999,2941600,6.693678
2001-09-27,28.00,28.23,27.15,28.00,2912000,6.487469
2001-09-26,27.200001,27.959999,27.200001,27.85,2040000,6.452715
2001-09-25,25.799999,27.299999,25.799999,27.200001,3744800,6.302113
2001-09-24,25.35,26.549999,25.16,26.49,4836000,6.137609
2001-09-21,24.780001,26.00,24.049999,25.15,7117600,5.827137
2001-09-20,27.00,27.75,26.200001,26.26,3398400,6.084319
2001-09-19,28.549999,28.65,26.950001,27.50,5482000,6.371621
2001-09-18,29.299999,29.299999,28.309999,28.50,6234400,6.603317
2001-09-17,28.25,28.50,26.690001,28.139999,4817200,6.519906
2001-09-10,28.33,29.16,28.290001,28.93,1799200,6.702946
2001-09-07,28.41,29.00,28.120001,28.58,2378400,6.621852
2001-09-06,30.00,30.10,29.08,29.110001,2693600,6.744651
2001-09-05,29.75,30.10,29.50,30.049999,3455600,6.962444
2001-09-04,29.75,30.049999,29.549999,29.790001,2231200,6.902204
2001-08-31,30.00,30.299999,29.50,29.90,3306800,6.92769
2001-08-30,29.26,30.00,29.200001,30.00,2105200,6.95086
2001-08-29,28.950001,29.84,28.799999,29.26,1591200,6.779405
2001-08-28,28.940001,29.799999,28.780001,29.200001,1742000,6.765504
2001-08-27,29.85,29.90,28.59,28.77,2262000,6.665875
2001-08-24,30.01,30.200001,29.299999,30.00,6152400,6.95086
2001-08-23,28.610001,30.049999,28.58,30.00,3340400,6.95086
2001-08-22,28.00,28.700001,27.83,28.60,2857200,6.626486
2001-08-21,27.42,28.200001,27.309999,28.00,3425200,6.487469
2001-08-20,27.00,27.450001,26.889999,27.200001,2777200,6.302113
2001-08-17,27.33,27.440001,26.84,27.00,2438800,6.255774
2001-08-16,27.60,27.90,27.190001,27.549999,3849600,6.383206
2001-08-15,27.440001,27.90,27.200001,27.799999,3017200,6.44113
2001-08-14,26.77,27.26,26.77,27.110001,5242400,6.28126
2001-08-13,26.450001,26.90,26.450001,26.780001,3746400,6.204801
2001-08-10,26.00,26.68,26.00,26.52,3414800,6.14456
2001-08-09,25.90,26.450001,25.40,26.16,2558000,6.06115
2001-08-08,25.50,26.459999,24.52,25.99,9622400,6.021761
2001-08-07,26.34,26.450001,26.08,26.35,1488400,6.105172
2001-08-06,27.120001,27.120001,26.34,26.35,2484400,6.105172
2001-08-03,26.91,27.00,26.48,26.48,2033600,6.135292
2001-08-02,27.67,27.67,26.82,26.91,3740400,6.234921
2001-08-01,28.209999,28.209999,27.25,27.67,6322800,6.41101
2001-07-31,26.629999,28.299999,26.629999,28.209999,3305600,6.536125
2001-07-30,26.450001,27.01,26.129999,26.790001,1786000,6.207118
2001-07-27,26.65,27.299999,26.25,26.299999,3366400,6.093587
2001-07-26,25.75,26.15,25.40,26.129999,2876400,6.054199
2001-07-25,26.02,26.18,25.84,26.00,2260800,6.024078
2001-07-24,26.02,26.32,25.76,26.02,2926000,6.028712
2001-07-23,26.049999,26.43,26.00,26.25,1242800,6.082002
2001-07-20,25.799999,26.50,25.60,25.85,2033200,5.989324
2001-07-19,26.049999,26.10,25.17,25.299999,2005200,5.861892
2001-07-18,26.549999,26.549999,25.940001,26.030001,2678400,6.031029
2001-07-17,26.549999,26.85,26.41,26.60,3179600,6.163096
2001-07-16,26.280001,27.00,26.200001,26.51,3442800,6.142243
2001-07-13,24.60,26.60,24.58,26.530001,3406000,6.146877
2001-07-12,24.73,24.870001,24.360001,24.68,3329200,5.718241
2001-07-11,25.00,25.17,24.75,24.92,3312800,5.773847
2001-07-10,25.24,25.33,25.02,25.18,2080400,5.834088
2001-07-09,25.18,25.700001,24.940001,25.24,3454800,5.84799
2001-07-06,25.190001,25.459999,25.01,25.17,1731600,5.831771
2001-07-05,25.049999,25.200001,24.90,25.190001,2390400,5.836405
2001-07-03,25.110001,25.209999,25.049999,25.10,1046400,5.815553
2001-07-02,25.799999,25.799999,24.65,25.10,6928000,5.815553
2001-06-29,25.50,26.15,25.25,25.889999,2952400,5.998592
2001-06-28,25.84,25.870001,25.690001,25.700001,1148000,5.95457
2001-06-27,25.799999,25.99,25.700001,25.84,2630000,5.987007
2001-06-26,25.959999,25.959999,25.440001,25.889999,3941200,5.998592
2001-06-25,25.99,26.209999,25.76,25.950001,2644000,6.012494
2001-06-22,26.65,26.879999,25.99,25.99,3709200,6.021761
2001-06-21,25.950001,26.65,25.799999,26.65,6096000,6.17468
2001-06-20,26.15,26.25,25.709999,25.99,8672800,6.021761
2001-06-19,26.40,26.40,26.08,26.15,3665200,6.058833
2001-06-18,26.110001,26.450001,26.10,26.15,2529200,6.058833
2001-06-15,26.00,26.200001,25.280001,26.10,3224400,6.047248
2001-06-14,26.190001,26.49,25.950001,26.049999,2917200,6.035663
2001-06-13,25.75,26.42,25.75,26.190001,2068400,6.068101
2001-06-12,25.790001,26.00,25.50,25.790001,3478000,5.975423
2001-06-11,26.00,26.25,25.799999,25.809999,3519600,5.980056
2001-06-08,25.90,26.00,25.76,26.00,3102000,6.024078
2001-06-07,25.469999,26.309999,25.41,25.90,9777600,6.000909
2001-06-06,24.93,25.58,24.93,25.459999,3986400,5.898963
2001-06-05,24.450001,25.200001,24.40,24.93,4008400,5.776165
2001-06-04,23.85,24.50,23.65,24.450001,3286800,5.664951
2001-06-01,23.58,24.10,23.01,23.90,3215600,5.537518
2001-05-31,23.35,23.50,23.26,23.35,2071600,5.410086
2001-05-30,23.50,23.51,23.09,23.23,3063200,5.382282
2001-05-29,23.799999,23.950001,23.43,23.67,3132400,5.484228
2001-05-25,24.10,24.10,23.60,23.709999,5563600,5.493496
2001-05-24,24.00,24.219999,23.790001,24.10,4432000,5.583857
2001-05-23,24.90,24.90,23.90,24.00,4870400,5.560688
2001-05-22,25.00,25.18,24.709999,24.91,5239200,5.77153
2001-05-21,25.00,25.200001,24.780001,24.969999,3208800,5.785432
2001-05-18,24.799999,25.469999,24.75,24.98,1817200,5.787749
2001-05-17,25.75,25.959999,24.49,24.68,3339200,5.718241
2001-05-16,26.00,26.299999,25.799999,26.290001,3054800,6.09127
2001-05-15,25.60,25.85,25.26,25.719999,1786000,5.959204
2001-05-14,25.75,25.870001,25.209999,25.870001,6039600,5.993958
2001-05-11,25.00,25.76,24.219999,25.219999,5405200,5.843356
2001-05-10,24.50,25.90,23.700001,25.629999,7304800,5.938351
2001-05-09,25.049999,25.76,24.92,25.40,3331200,5.885061
2001-05-08,26.01,26.01,25.00,25.209999,3389600,5.841039
2001-05-07,26.90,26.90,26.00,26.00,1450400,6.024078
2001-05-04,26.700001,27.07,26.43,26.719999,3288800,6.190899
2001-05-03,27.450001,27.549999,26.35,26.50,4904800,6.139926
2001-05-02,27.450001,27.59,26.309999,27.450001,4290000,6.360037
2001-05-01,27.90,28.549999,27.76,28.33,1428400,6.563929
2001-04-30,28.35,28.379999,27.620001,28.190001,3012400,6.531491
2001-04-27,27.50,28.35,27.030001,28.35,2029200,6.568563
2001-04-26,26.75,27.639999,26.60,27.25,2252800,6.313698
2001-04-25,26.549999,26.700001,26.200001,26.60,2632400,6.163096
2001-04-24,26.309999,26.99,26.25,26.83,1928800,6.216386
2001-04-23,25.549999,26.690001,25.309999,26.51,4356000,6.142243
2001-04-20,25.15,26.549999,25.049999,26.059999,7326800,6.03798
2001-04-19,25.17,25.889999,24.719999,24.889999,7017200,5.766896
2001-04-18,25.40,25.50,24.799999,25.18,8788400,5.834088
2001-04-17,25.16,25.48,24.049999,25.120001,10260400,5.820187
2001-04-16,27.00,27.25,25.10,25.440001,8604400,5.894329
2001-04-12,27.450001,27.450001,26.60,27.00,9349600,6.255774
2001-04-11,29.00,29.00,26.75,27.450001,14435200,6.360037
2001-04-10,30.15,30.23,28.75,29.799999,22911600,6.90452
2001-04-09,36.00,36.169998,35.599998,36.150002,1437200,8.375786
2001-04-06,36.25,36.889999,35.799999,36.09,2286400,8.361884
2001-04-05,35.84,36.50,35.099998,36.389999,3134400,8.431393
2001-04-04,35.27,36.099998,34.02,35.639999,3345600,8.257621
2001-04-03,36.200001,36.209999,34.68,35.169998,1498000,8.148724
2001-04-02,35.919998,37.490002,35.59,36.549999,2162000,8.468464
2001-03-30,35.200001,36.900002,35.200001,35.919998,2379200,8.322496
2001-03-29,33.91,35.23,33.900002,35.200001,3739200,8.155676
2001-03-28,34.419998,34.529999,33.799999,33.810001,3310800,7.833619
2001-03-27,35.459999,35.459999,33.830002,34.669998,3573600,8.032876
2001-03-26,35.650002,36.34,35.290001,35.470001,2090400,8.218233
2001-03-23,34.720001,36.650002,34.720001,35.75,4396800,8.283108
2001-03-22,35.400002,35.41,33.200001,34.700001,5692800,8.039828
2001-03-21,37.259998,37.349998,35.790001,35.790001,4531600,8.292376
2001-03-20,37.470001,37.77,37.029999,37.259998,1865600,8.632967
2001-03-19,37.50,37.650002,36.740002,37.470001,1813600,8.681624
2001-03-16,37.16,37.50,36.759998,37.139999,3528400,8.605164
2001-03-15,37.32,37.419998,36.650002,37.400002,2701600,8.665405
2001-03-14,36.00,37.580002,35.93,37.580002,3018000,8.707111
2001-03-13,37.119999,37.240002,36.349998,36.950001,2468800,8.561142
2001-03-12,37.00,37.290001,36.759998,37.119999,2322800,8.60053
2001-03-09,37.400002,37.700001,36.84,37.150002,2252400,8.607482
2001-03-08,37.049999,37.450001,36.740002,37.23,6164800,8.626017
2001-03-07,37.16,37.740002,36.599998,36.830002,1438400,8.533339
2001-03-06,37.060001,37.59,37.060001,37.360001,6022400,8.656137
2001-03-05,37.450001,37.91,37.450001,37.560001,7882000,8.702477
2001-03-02,37.330002,37.799999,37.099998,37.450001,2434000,8.67699
2001-03-01,37.23,37.27,36.400002,37.09,1628400,8.59358
2001-02-28,36.889999,37.490002,36.099998,37.23,2596400,8.626017
2001-02-27,36.900002,37.619999,36.799999,37.25,1314800,8.630651
2001-02-26,36.049999,36.709999,36.00,36.709999,2444400,8.505535
2001-02-23,37.00,37.209999,35.619999,35.619999,5896000,8.252987
2001-02-22,35.709999,36.830002,35.709999,36.82,2598800,8.531022
2001-02-21,36.490002,36.490002,35.75,35.990002,2507200,8.338715
2001-02-20,37.450001,37.549999,35.59,36.23,2799200,8.394321
2001-02-16,37.580002,37.900002,36.830002,37.080002,2266800,8.591263
2001-02-15,37.799999,38.029999,37.400002,37.529999,3329600,8.695525
2001-02-14,38.50,38.900002,38.00,38.009998,3386400,8.806739
2001-02-13,38.900002,39.00,37.970001,38.00,2387600,8.804422
2001-02-12,37.790001,38.900002,37.700001,38.799999,1847200,8.989778
2001-02-09,36.50,38.639999,36.490002,37.59,4680000,8.709427
2001-02-08,37.400002,37.799999,36.59,37.16,3603200,8.609798
2001-02-07,38.299999,39.00,37.009998,37.48,2530800,8.683941
2001-02-06,39.400002,39.740002,37.50,37.75,2200000,8.746498
2001-02-05,39.00,39.709999,38.599998,39.00,4001200,9.036118
2001-02-02,37.299999,39.650002,37.299999,38.580002,2710400,8.938806
2001-02-01,37.349998,38.450001,37.18,37.50,2104000,8.688575
2001-01-31,38.50,38.950001,36.599998,38.23,5220800,8.857712
2001-01-30,39.50,39.509998,38.049999,38.950001,4893600,9.024533
2001-01-29,39.00,40.00,38.900002,40.00,3757600,9.267813
2001-01-26,38.375,39.187519,37.812481,39.187519,2576800,9.079565
2001-01-25,39.875,39.875,38.375,38.937519,1692400,9.021641
2001-01-24,38.937519,39.75,37.75,39.687519,1988000,9.195413
2001-01-23,36.625,39.812481,36.625,38.75,2852400,8.978194
2001-01-22,35.812481,37.375,35.50,37.125,2077200,8.601689
2001-01-19,35.875,36.312481,35.50,35.562481,1903600,8.239661
2001-01-18,36.75,36.75,35.375,35.937519,2545200,8.326555
2001-01-17,39.187519,39.437519,36.50,36.75,3386400,8.514803
2001-01-16,36.937519,38.812481,36.875,38.562481,2391200,8.934747
2001-01-12,35.125,37.375,35.125,36.937519,2619200,8.55825
2001-01-11,37.50,38.25,35.375,35.875,3643200,8.31207
2001-01-10,37.75,38.687519,37.187519,38.00,2371600,8.804422
2001-01-09,37.125,38.312481,36.75,37.687519,3337600,8.732022
2001-01-08,38.50,38.75,37.687519,38.00,2510800,8.804422
2001-01-05,38.00,39.312481,36.875,38.312481,4714000,8.876823
2001-01-04,41.75,42.125,37.062481,39.125,5532000,9.06508
2001-01-03,40.312481,42.687519,40.25,41.50,3610800,9.615356
2001-01-02,41.562481,42.25,40.062481,40.562481,4068000,9.398137
2000-12-29,40.187519,42.375,40.187519,41.062481,2970800,9.513985
2000-12-28,40.687519,41.25,39.875,40.937519,2075600,9.485032
2000-12-27,37.562481,41.875,37.562481,41.125,3007200,9.52847
2000-12-26,36.50,38.625,36.50,38.00,2427600,8.804422
2000-12-22,35.687519,37.437519,35.50,36.375,4051600,8.427917
2000-12-21,36.125,36.437519,34.875,35.062481,8647600,8.123813
2000-12-20,34.75,36.187519,33.75,35.25,7476400,8.16726
2000-12-19,36.50,36.75,35.00,35.00,7015600,8.109336
2000-12-18,33.50,39.375,33.50,36.812481,10353200,8.52928
2000-12-15,34.875,34.875,32.937519,33.00,4398000,7.645946
2000-12-14,34.437519,34.437519,34.437519,34.437519,000,7.979012
2000-12-13,68.124962,69.50,67.875038,68.124962,6993600,7.892118
2000-12-12,68.50,68.937523,67.937523,68.124962,5257600,7.892118
2000-12-11,68.25,68.624962,67.687523,67.937523,4365600,7.870403
2000-12-08,69.187523,69.25,67.875038,68.50,5291200,7.935565
2000-12-07,69.25,69.75,68.187523,69.437523,4667200,8.044175
2000-12-06,68.624962,70.00,68.00,69.25,7487200,8.022451
2000-12-05,67.687523,68.75,67.687523,68.562477,4184800,7.942803
2000-12-04,67.562477,68.124962,66.812477,67.375038,4607200,7.805241
2000-12-01,67.375038,68.562477,66.812477,67.312477,4807200,7.797993
2000-11-30,67.00,68.687523,66.75,67.312477,6670400,7.797993
2000-11-29,66.124962,67.437523,66.124962,67.124962,7696800,7.77627
2000-11-28,64.312477,66.875038,63.937519,66.437523,5682400,7.696632
2000-11-27,63.624962,64.875038,62.812481,64.062477,6530400,7.421488
2000-11-24,61.437519,63.875038,61.312481,63.50,1245600,7.356327
2000-11-22,62.50,63.00,60.437519,61.687519,3582400,7.146355
2000-11-21,63.562481,64.312477,62.562481,62.75,4198400,7.269441
2000-11-20,64.375038,64.75,63.00,63.624962,8379200,7.370803
2000-11-17,66.375038,67.50,64.937523,66.124962,5746400,7.660422
2000-11-16,65.75,67.437523,65.50,66.124962,6610400,7.660422
2000-11-15,64.437523,66.375038,64.375038,66.062477,8650400,7.653184
2000-11-14,62.312481,64.562477,62.312481,64.062477,11291200,7.421488
2000-11-13,63.75,63.937519,62.437519,62.687519,7538400,7.262203
2000-11-10,64.187523,64.624962,63.375038,63.687519,5644800,7.37805
2000-11-09,64.062477,64.437523,61.687519,64.00,6304800,7.41425
2000-11-08,63.50,65.312477,63.00,63.437519,4935200,7.349088
2000-11-07,64.375038,64.75,63.187519,64.062477,3828800,7.421488
2000-11-06,63.624962,64.437523,62.50,64.375038,7768800,7.457698
2000-11-03,63.75,63.75,61.562481,63.25,4649600,7.327365
2000-11-02,63.187519,64.437523,61.624962,63.75,19569600,7.385288
2000-11-01,56.50,63.50,55.00,62.75,30545600,7.269441
2000-10-31,57.00,58.312481,57.00,57.812481,5676000,6.697441
2000-10-30,57.00,59.062481,56.562481,56.937519,9832800,6.596078
2000-10-27,60.25,62.312481,55.75,56.812481,17006400,6.581593
2000-10-26,58.75,60.124962,58.50,59.312481,7293600,6.871212
2000-10-25,58.124962,58.437519,57.375038,57.937519,5847200,6.711926
2000-10-24,57.937519,59.437519,57.50,59.062481,5072800,6.819081
2000-10-23,59.75,59.812481,57.312481,57.937519,7265600,6.689198
2000-10-20,60.00,61.124962,59.687519,59.937519,6056000,6.920109
2000-10-19,59.25,60.25,59.25,59.937519,4228000,6.920109
2000-10-18,58.624962,59.50,57.624962,59.00,4240000,6.811867
2000-10-17,59.00,59.562481,58.687519,58.937519,5468000,6.804653
2000-10-16,56.875038,59.375038,56.812481,58.75,5264800,6.783003
2000-10-13,56.25,57.124962,55.812481,56.687519,4621600,6.544879
2000-10-12,58.50,58.50,55.124962,55.624962,9713600,6.422201
2000-10-11,59.00,59.062481,57.187519,58.062481,8309600,6.703625
2000-10-10,61.312481,61.812481,59.875038,60.375038,5033600,6.970623
2000-10-09,60.375038,60.937519,60.00,60.937519,5420800,7.035564
2000-10-06,61.812481,62.375038,60.124962,60.624962,7772000,6.999478
2000-10-05,60.875038,62.062481,60.687519,62.062481,7581600,7.165447
2000-10-04,59.562481,60.875038,59.375038,60.75,9844000,7.013914
2000-10-03,60.50,61.50,59.375038,59.624962,8495200,6.884022
2000-10-02,57.312481,59.875038,57.00,59.812481,5257600,6.905672
2000-09-29,57.25,58.187519,56.875038,58.062481,6584800,6.703625
2000-09-28,55.875038,57.75,55.875038,56.812481,9516000,6.559306
2000-09-27,56.00,56.50,55.624962,56.00,6916000,6.465501
2000-09-26,56.50,56.937519,55.687519,55.937519,3669600,6.458287
2000-09-25,58.062481,58.062481,56.812481,57.062481,4837600,6.58817
2000-09-22,56.75,58.937519,56.624962,58.00,10824000,6.696412
2000-09-21,54.687519,56.437519,54.687519,56.124962,6841600,6.479928
2000-09-20,54.375038,55.00,53.812481,54.687519,2870400,6.313968
2000-09-19,53.624962,54.75,53.25,54.624962,3569600,6.306745
2000-09-18,54.875038,55.00,53.562481,53.562481,6243200,6.184076
2000-09-15,55.00,55.562481,54.50,54.687519,4702400,6.313968
2000-09-14,54.25,55.687519,54.124962,55.187519,5420000,6.371696
2000-09-13,53.875038,54.312481,53.875038,54.062481,5397600,6.241804
2000-09-12,53.875038,53.937519,53.687519,53.75,4374400,6.205726
2000-09-11,53.937519,54.00,53.562481,53.624962,4392800,6.19129
2000-09-08,54.562481,54.562481,53.75,54.062481,7668800,6.241804
2000-09-07,55.562481,55.562481,53.937519,54.312481,6401600,6.270668
2000-09-06,55.25,55.937519,54.875038,55.50,12631200,6.407773
2000-09-05,55.624962,55.624962,54.50,55.375038,11106400,6.393346
2000-09-01,56.124962,56.124962,55.00,55.812481,3103200,6.443851
2000-08-31,56.00,56.75,55.937519,55.953121,4376000,6.460089
2000-08-30,56.124962,56.437519,55.75,55.937519,3149600,6.458287
2000-08-29,56.124962,56.75,55.812481,56.562481,4332000,6.530442
2000-08-28,55.375038,56.312481,55.124962,56.124962,3944000,6.479928
2000-08-25,55.00,55.875038,54.812481,55.50,4435200,6.407773
2000-08-24,56.00,56.062481,55.25,55.25,6764800,6.378909
2000-08-23,57.50,57.812481,56.312481,56.562481,2430400,6.530442
2000-08-22,57.687519,58.00,57.25,57.562481,1904800,6.645898
2000-08-21,56.75,58.187519,56.562481,57.624962,4217600,6.653112
2000-08-18,57.624962,58.00,56.25,56.937519,3761600,6.573743
2000-08-17,58.50,58.50,57.812481,57.875038,2624000,6.681984
2000-08-16,57.624962,58.875038,57.624962,58.312481,2323200,6.732489
2000-08-15,58.812481,58.812481,57.624962,57.624962,2871200,6.653112
2000-08-14,58.312481,59.187519,57.75,59.062481,3485600,6.819081
2000-08-11,57.437519,58.687519,57.312481,58.312481,8087200,6.732489
2000-08-10,58.00,58.312481,56.687519,57.25,4824000,6.60982
2000-08-09,58.624962,59.00,57.624962,58.624962,2556800,6.768567
2000-08-08,59.375038,59.812481,58.312481,58.312481,4051200,6.732489
2000-08-07,59.50,60.312481,59.124962,59.375038,5542400,6.855167
2000-08-04,57.75,59.875038,56.624962,59.50,10500000,6.869595
2000-08-03,56.25,58.312481,56.124962,58.312481,7037600,6.732489
2000-08-02,56.624962,57.937519,55.687519,57.312481,4400800,6.617034
2000-08-01,55.75,57.062481,55.187519,56.875038,3344000,6.566529
2000-07-31,55.624962,56.75,55.062481,55.50,4522400,6.407773
2000-07-28,55.25,55.624962,54.75,55.437519,4697600,6.40056
2000-07-27,54.875038,55.875038,54.124962,55.375038,5317600,6.393346
2000-07-26,55.00,55.50,54.00,54.875038,10597600,6.335618
2000-07-25,56.25,56.25,55.062481,55.187519,6287200,6.348605
2000-07-24,56.50,57.437519,55.062481,55.312481,13829600,6.36298
2000-07-21,59.124962,59.124962,56.00,57.25,15340800,6.585866
2000-07-20,59.00,60.50,57.25,59.062481,31739200,6.794369
2000-07-19,59.00,59.687519,56.687519,59.00,19193600,6.787181
2000-07-18,58.624962,59.812481,56.812481,59.687519,42586400,6.866271
2000-07-17,71.124962,71.124962,66.062477,66.624962,14168800,7.664333
2000-07-14,70.00,71.50,69.312477,71.124962,6455200,8.182
2000-07-13,71.50,72.00,69.124962,69.50,8128800,7.995069
2000-07-12,70.75,70.75,69.75,70.50,6373600,8.110106
2000-07-11,67.75,70.375038,67.437523,69.937523,5147200,8.0454
2000-07-10,67.437523,68.25,66.812477,67.812477,3978400,7.800942
2000-07-07,67.375038,68.812477,66.875038,67.812477,4669600,7.800942
2000-07-06,66.875038,67.437523,65.562477,66.812477,6663200,7.685905
2000-07-05,65.00,67.50,64.937523,65.312477,2925600,7.513349
2000-07-03,63.937519,65.187523,62.124962,65.187523,1632000,7.498975
2000-06-30,64.624962,66.312477,64.171837,64.187523,6514400,7.383938
2000-06-29,63.00,65.00,62.00,64.562477,5418400,7.427071
2000-06-28,63.124962,64.00,60.624962,62.984402,7937600,7.245534
2000-06-27,64.124962,64.875038,61.687519,63.124962,6176800,7.261704
2000-06-26,65.75,65.937523,62.00,64.124962,5688800,7.376741
2000-06-23,66.00,67.25,65.562477,65.687523,3349600,7.556493
2000-06-22,66.875038,66.937523,65.00,66.187523,5752000,7.614012
2000-06-21,68.437523,68.437523,67.00,67.437523,5843200,7.757808
2000-06-20,68.00,68.875038,68.00,68.375038,5168000,7.865657
2000-06-19,66.75,68.75,65.25,67.937523,13356000,7.815326
2000-06-16,72.25,72.875038,68.25,69.50,13109600,7.995069
2000-06-15,72.375038,73.562477,72.062477,73.375038,3928800,8.440842
2000-06-14,71.937523,73.124962,71.875038,72.624962,4309600,8.354555
2000-06-13,73.624962,73.687523,71.25,71.875038,9996000,8.268286
2000-06-12,69.375038,73.624962,69.25,73.562477,20341600,8.462404
2000-06-09,67.50,67.687523,66.875038,67.375038,2836800,7.75062
2000-06-08,67.50,67.50,65.00,66.00,4220800,7.59244
2000-06-07,67.875038,67.875038,66.50,67.50,7046400,7.764995
2000-06-06,66.50,68.25,66.50,68.124962,8495200,7.836889
2000-06-05,68.00,69.124962,66.00,66.312477,5834400,7.628386
2000-06-02,67.50,69.50,67.312477,68.937523,13075200,7.930363
2000-06-01,69.50,69.937523,68.062477,68.562477,10478400,7.887219
2000-05-31,62.437519,69.00,61.75,66.75,23416800,7.678717
2000-05-30,64.312477,66.00,62.375038,62.687519,11553600,7.211382
2000-05-26,65.25,66.00,64.00,64.062477,5619200,7.369553
2000-05-25,64.562477,65.25,63.875038,65.00,7384000,7.477403
2000-05-24,65.124962,66.624962,63.624962,64.50,8581600,7.419884
2000-05-23,66.187523,66.562477,63.875038,64.25,9775200,7.391125
2000-05-22,62.25,66.875038,61.75,66.25,18458400,7.621199
2000-05-19,58.375038,61.687519,58.312481,61.687519,9336000,7.096345
2000-05-18,58.812481,59.375038,58.687519,59.00,4862400,6.787181
2000-05-17,59.062481,59.937519,58.062481,58.687519,3632800,6.751234
2000-05-16,61.00,61.437519,59.312481,59.562481,6266400,6.851887
2000-05-15,58.75,61.937519,58.50,60.562481,11748800,6.966924
2000-05-12,57.50,59.00,57.50,58.75,3048000,6.758422
2000-05-11,58.624962,58.687519,57.562481,57.875038,2066400,6.657769
2000-05-10,59.00,59.624962,58.187519,58.437519,5901600,6.722475
2000-05-09,58.00,58.687519,58.00,58.437519,6975200,6.722475
2000-05-08,56.312481,58.375038,56.312481,58.00,6570400,6.672144
2000-05-05,55.624962,56.75,55.624962,56.375038,1920000,6.485213
2000-05-04,56.00,56.187519,55.437519,55.624962,3128000,6.398927
2000-05-03,57.25,57.25,55.437519,55.75,4330400,6.413311
2000-05-02,58.312481,58.624962,56.375038,57.062481,5574400,6.564295
2000-05-01,56.50,58.375038,55.312481,58.00,7491200,6.672144
2000-04-28,59.00,59.50,56.25,57.875038,10364800,6.657769
2000-04-27,56.50,59.937519,55.50,59.937519,14047200,6.89503
2000-04-26,56.00,56.687519,54.875038,55.187519,4804800,6.348605
2000-04-25,56.375038,57.875038,54.687519,55.375038,6122400,6.347169
2000-04-24,53.624962,56.50,53.437519,56.124962,4148800,6.433126
2000-04-20,53.062481,55.187519,53.00,54.375038,6368000,6.232547
2000-04-19,52.75,54.375038,52.50,53.25,3493600,6.103594
2000-04-18,52.25,53.25,51.687519,52.937519,3340800,6.067777
2000-04-17,53.25,53.75,51.50,52.25,4593600,5.988972
2000-04-14,57.25,57.25,52.25,53.50,8185600,6.132249
2000-04-13,57.062481,57.875038,55.624962,57.25,5637600,6.56208
2000-04-12,58.00,58.937519,56.50,56.812481,8936800,6.511931
2000-04-11,58.062481,60.00,57.75,58.25,11752000,6.676701
2000-04-10,56.50,59.00,56.062481,58.062481,7192000,6.655208
2000-04-07,56.75,57.375038,55.187519,56.75,9920000,6.504769
2000-04-06,56.75,58.25,55.375038,56.75,7037600,6.504769
2000-04-05,55.624962,57.937519,54.124962,56.937519,7649600,6.526263
2000-04-04,56.75,57.687519,53.124962,56.562481,13502400,6.483275
2000-04-03,55.75,57.812481,55.562481,56.875038,9414400,6.519101
2000-03-31,54.00,55.937519,54.00,55.50,9004800,6.361492
2000-03-30,53.124962,53.937519,52.25,53.00,8035200,6.074939
2000-03-29,55.00,55.50,53.00,53.50,5367200,6.132249
2000-03-28,54.50,56.375038,54.062481,55.75,5700800,6.390148
2000-03-27,57.00,57.00,54.124962,55.624962,7376000,6.375816
2000-03-24,54.25,57.00,54.124962,57.00,7455200,6.533425
2000-03-23,53.00,55.187519,52.562481,55.062481,7561600,6.311343
2000-03-22,52.124962,53.875038,51.75,53.624962,4827200,6.146573
2000-03-21,53.187519,53.187519,51.187519,51.937519,9512800,5.953155
2000-03-20,54.25,54.437519,52.50,53.187519,4586400,6.096432
2000-03-17,53.624962,56.25,52.875038,54.00,12300000,6.18956
2000-03-16,51.124962,53.624962,50.875038,53.624962,7257600,6.146573
2000-03-15,51.50,51.875038,49.375038,51.00,10189600,5.845696
2000-03-14,51.00,53.875038,50.00,51.187519,18509600,5.867189
2000-03-13,49.25,52.312481,47.00,50.75,21984800,5.81704
2000-03-10,57.00,58.687519,54.75,56.00,13265600,6.418803
2000-03-09,55.00,57.812481,54.312481,57.00,17109600,6.533425
2000-03-08,51.062481,55.00,50.50,54.124962,8802400,6.203883
2000-03-07,51.50,51.937519,50.00,51.187519,10668000,5.867189
2000-03-06,53.50,53.50,51.00,51.50,8241600,5.903006
2000-03-03,57.00,57.75,53.25,53.437519,20495200,6.125088
2000-03-02,58.00,61.875038,55.312481,55.812481,54920800,6.397309
2000-03-01,41.812481,55.00,41.25,53.00,31341600,6.074939
2000-02-29,42.00,42.00,39.75,41.124962,11625600,4.713804
2000-02-28,40.875038,41.25,39.00,39.50,13607200,4.527549
2000-02-25,41.375038,43.00,39.312481,41.124962,26804800,4.713804
2000-02-24,40.50,41.124962,38.937519,40.562481,12272800,4.649332
2000-02-23,38.875038,40.75,38.50,40.25,9962400,4.613515
2000-02-22,38.687519,39.75,38.562481,39.25,5016000,4.498893
2000-02-18,39.812481,40.124962,38.50,38.687519,6916000,4.434421
2000-02-17,41.124962,41.875038,40.124962,40.312481,6324800,4.620676
2000-02-16,40.187519,42.812481,40.062481,41.375038,10563200,4.742468
2000-02-15,39.25,40.25,38.562481,40.00,10900000,4.584859
2000-02-14,40.00,40.937519,38.812481,39.00,12987200,4.470238
2000-02-11,40.50,41.187519,39.75,40.00,15027200,4.584859
2000-02-10,42.062481,42.437519,39.437519,40.25,32974400,4.613515
2000-02-09,45.75,45.75,41.00,42.50,32541600,4.871413
2000-02-08,49.00,49.875038,45.75,46.00,40354400,5.272588
2000-02-07,55.75,57.124962,55.375038,55.75,5784000,6.390148
2000-02-04,55.50,56.50,55.25,56.00,3845600,6.418803
2000-02-03,55.624962,55.875038,55.124962,55.75,5902400,6.390148
2000-02-02,56.50,56.75,54.75,55.375038,8821600,6.347169
2000-02-01,54.875038,57.875038,54.562481,56.624962,14019200,6.490437
2000-01-31,53.25,53.50,53.00,53.25,3978400,6.103594
2000-01-28,53.687519,54.124962,53.25,53.50,4490400,6.132249
2000-01-27,55.75,55.937519,53.25,53.562481,5179200,6.139411
2000-01-26,55.375038,55.50,55.00,55.25,4810400,6.332837
2000-01-25,55.624962,55.624962,55.124962,55.312481,7375200,6.317074
2000-01-24,56.00,56.00,55.25,55.375038,6185600,6.324219
2000-01-21,56.00,56.00,55.437519,55.687519,6024800,6.359906
2000-01-20,56.124962,56.25,55.624962,55.624962,5505600,6.352762
2000-01-19,56.124962,56.937519,55.937519,56.00,5058400,6.395594
2000-01-18,55.75,56.875038,55.50,56.25,6100000,6.424145
2000-01-14,57.312481,57.437519,56.062481,56.25,7208000,6.424145
2000-01-13,56.937519,58.00,56.312481,57.312481,6489600,6.545488
2000-01-12,57.50,58.312481,56.624962,56.687519,5215200,6.474113
2000-01-11,56.812481,58.624962,56.375038,56.875038,10101600,6.495529
2000-01-10,56.75,56.937519,56.312481,56.812481,11008000,6.488385
2000-01-07,54.25,58.187519,54.25,57.875038,18564000,6.609736
2000-01-06,54.25,54.687519,53.75,54.312481,17097600,6.202867
2000-01-05,54.562481,55.375038,54.25,54.25,6755200,6.195731
2000-01-04,55.00,55.062481,54.375038,54.624962,13493600,6.238555
2000-01-03,55.375038,55.812481,55.062481,55.562481,5770400,6.345626
1999-12-31,55.187519,55.875038,55.187519,55.812481,1843200,6.374178
1999-12-30,54.50,55.687519,54.312481,55.437519,2002400,6.331354
1999-12-29,54.562481,55.124962,54.062481,54.50,2488800,6.224283
1999-12-28,54.624962,55.187519,54.375038,54.812481,2766400,6.259971
1999-12-27,54.187519,55.312481,54.187519,54.50,4590400,6.224283
1999-12-23,55.124962,55.437519,54.00,54.187519,5856800,6.188596
1999-12-22,51.062481,55.00,51.00,54.687519,9646400,6.245699
1999-12-21,50.00,52.50,50.00,51.124962,6429600,5.83883
1999-12-20,50.062481,50.50,49.375038,49.75,13004800,5.6818
1999-12-17,52.624962,52.624962,51.375038,51.50,10102400,5.881662
1999-12-16,52.875038,53.00,51.562481,52.375038,12154400,5.981598
1999-12-15,53.00,53.187519,52.75,52.937519,5490400,6.045837
1999-12-14,53.50,54.00,53.187519,53.312481,5840000,6.08866
1999-12-13,53.124962,54.812481,53.124962,54.00,8103200,6.16718
1999-12-10,53.50,53.937519,52.812481,53.062481,9937600,6.060108
1999-12-09,56.875038,56.937519,54.375038,54.562481,10643200,6.231419
1999-12-08,56.25,56.75,55.187519,56.187519,7416800,6.41701
1999-12-07,59.187519,59.312481,56.00,56.00,7372000,6.395594
1999-12-06,60.00,60.00,58.687519,59.187519,6468800,6.759631
1999-12-03,59.875038,60.062481,58.50,60.062481,9085600,6.859558
1999-12-02,56.00,58.00,55.124962,57.75,13476000,6.595456
1999-12-01,54.687519,55.25,53.624962,54.546879,5928800,6.229637
1999-11-30,54.75,55.75,54.624962,54.624962,9752000,6.238555
1999-11-29,54.875038,55.375038,54.50,54.624962,5581600,6.238555
1999-11-26,54.687519,55.437519,54.687519,55.124962,2508800,6.295658
1999-11-24,55.062481,56.375038,54.562481,54.937519,8720000,6.274251
1999-11-23,56.187519,56.187519,54.75,55.00,5107200,6.281387
1999-11-22,57.187519,57.187519,54.875038,56.187519,7209600,6.41701
1999-11-19,58.687519,58.75,56.562481,56.937519,9552000,6.502665
1999-11-18,60.624962,60.687519,58.624962,58.937519,9560800,6.731079
1999-11-17,59.312481,61.00,58.624962,60.624962,12796800,6.923797
1999-11-16,59.50,60.624962,59.124962,59.437519,10111200,6.788182
1999-11-15,57.25,58.124962,57.062481,57.875038,6688000,6.609736
1999-11-12,56.812481,57.50,56.562481,57.25,5815200,6.538352
1999-11-11,56.25,56.937519,56.062481,56.562481,5437600,6.459833
1999-11-10,56.00,57.124962,55.50,56.124962,5984000,6.409865
1999-11-09,57.687519,58.00,55.562481,56.187519,8752800,6.41701
1999-11-08,57.375038,59.187519,56.124962,57.687519,16508800,6.58832
1999-11-05,52.937519,53.437519,51.937519,53.437519,12768000,6.10294
1999-11-04,54.25,54.375038,51.937519,52.25,20849600,5.967317
1999-11-03,56.875038,56.875038,53.50,54.00,11853600,6.16718
1999-11-02,53.00,55.624962,52.812481,55.00,16435200,6.281387
1999-11-01,50.312481,53.937519,50.312481,51.937519,14369600,5.93163
1999-10-29,48.562481,51.437519,47.937519,50.25,15510400,5.738903
1999-10-28,49.50,50.687519,47.25,48.50,32280000,5.539041
1999-10-27,49.375038,51.312481,49.312481,51.187519,14490400,5.845974
1999-10-26,49.875038,50.312481,49.187519,49.25,10980800,5.601855
1999-10-25,50.50,50.75,49.937519,50.25,15316000,5.715598
1999-10-22,51.562481,52.00,50.75,50.75,11980800,5.77247
1999-10-21,50.562481,52.75,50.562481,51.562481,7877600,5.864884
1999-10-20,52.00,52.687519,51.375038,51.562481,6647200,5.864884
1999-10-19,53.875038,54.75,52.124962,52.25,8187200,5.943085
1999-10-18,52.50,53.875038,51.375038,53.562481,7240000,6.09237
1999-10-15,52.124962,53.187519,51.00,52.937519,15484800,6.021285
1999-10-14,51.00,54.25,50.875038,54.00,16295200,6.142135
1999-10-13,51.00,52.00,51.00,51.624962,10358400,5.871991
1999-10-12,52.25,53.50,52.25,52.50,6487200,5.97152
1999-10-11,52.50,53.00,52.062481,52.75,11328800,5.999956
1999-10-08,52.687519,53.624962,51.624962,52.50,12317600,5.97152
1999-10-07,52.75,53.875038,51.937519,52.687519,14712000,5.992849
1999-10-06,51.00,52.812481,50.687519,52.50,25633600,5.97152
1999-10-05,49.00,50.624962,48.25,50.50,21564000,5.744034
1999-10-04,51.062481,51.187519,49.437519,49.687519,24218400,5.65162
1999-10-01,48.00,52.00,46.50,51.25,43475200,5.829341
1999-09-30,56.50,56.75,48.00,49.25,48970400,5.601855
1999-09-29,61.00,61.187519,59.00,59.687519,20843200,6.789052
1999-09-28,62.00,62.00,60.00,61.75,28412000,7.023645
1999-09-27,70.687523,70.75,66.562477,66.937523,7724800,7.613691
1999-09-24,69.812477,70.687523,69.75,70.00,7338400,7.962027
1999-09-23,69.687523,70.687523,68.00,69.812477,5068000,7.940698
1999-09-22,71.00,71.437523,68.00,69.687523,7356000,7.926485
1999-09-21,73.437523,73.624962,70.062477,70.75,6255200,8.047335
1999-09-20,76.187523,76.187523,74.25,74.375038,5116800,8.459658
1999-09-17,76.187523,77.00,76.062477,76.187523,4351200,8.665816
1999-09-16,75.437523,76.437523,74.687523,76.062477,3017600,8.651593
1999-09-15,74.00,76.75,74.00,75.437523,7034400,8.580509
1999-09-14,74.00,75.375038,73.312477,73.687523,4607200,8.381458
1999-09-13,76.00,76.375038,74.312477,74.437523,4397600,8.466765
1999-09-10,77.187523,77.25,75.875038,76.00,4108800,8.644487
1999-09-09,79.50,79.50,75.50,77.00,7232000,8.75823
1999-09-08,79.25,80.187523,78.687523,79.875038,2164800,9.085246
1999-09-07,79.75,79.75,78.312477,79.50,1624800,9.042588
1999-09-03,78.687523,80.25,78.687523,80.124962,2662400,9.113673
1999-09-02,78.624962,78.624962,77.562477,77.75,3572000,8.843537
1999-09-01,77.875038,79.562477,77.812477,78.812477,1649600,8.964387
1999-08-31,79.812477,80.00,77.437523,77.75,3956000,8.843537
1999-08-30,80.00,80.437523,79.562477,79.75,4852800,9.071024
1999-08-27,77.624962,82.00,77.25,80.937523,7850400,9.206097
1999-08-26,80.124962,80.50,77.124962,77.124962,4216800,8.772443
1999-08-25,80.937523,81.624962,80.00,80.875038,3054400,9.198989
1999-08-24,79.50,80.624962,79.50,80.187523,2853600,9.120789
1999-08-23,78.25,80.624962,78.25,79.312477,3476000,9.021259
1999-08-20,78.312477,78.312477,76.624962,78.124962,4303200,8.886187
1999-08-19,78.75,78.75,77.562477,78.25,2814400,8.900409
1999-08-18,80.937523,80.937523,78.937523,79.00,2296000,8.985716
1999-08-17,79.75,81.312477,79.75,80.687523,3236800,9.177661
1999-08-16,79.312477,80.312477,78.812477,79.75,2704000,9.071024
1999-08-13,80.437523,80.687523,78.50,79.062477,3772000,8.992823
1999-08-12,81.00,81.624962,80.624962,80.687523,3230400,9.177661
1999-08-11,80.624962,81.375038,80.124962,80.75,2508800,9.184767
1999-08-10,81.312477,81.437523,80.624962,80.624962,4728000,9.170545
1999-08-09,81.812477,82.187523,80.75,81.25,3974400,9.241639
1999-08-06,83.75,84.312477,80.375038,81.562477,6205600,9.277181
1999-08-05,80.624962,84.25,80.624962,84.00,5412800,9.554433
1999-08-04,80.375038,81.437523,79.50,80.25,4905600,9.127895
1999-08-03,83.00,83.375038,79.312477,79.875038,6197600,9.085246
1999-08-02,82.50,84.062477,82.375038,83.00,4369600,9.440689
1999-07-30,84.00,84.375038,81.562477,82.00,4340800,9.326946
1999-07-29,84.875038,86.00,83.187523,83.75,3722400,9.525997
1999-07-28,86.75,87.25,85.624962,85.624962,1666400,9.739261
1999-07-27,87.50,88.937523,86.50,87.187523,2909600,9.894243
1999-07-26,85.187523,87.75,85.062477,87.437523,2769600,9.922614
1999-07-23,86.00,86.875038,85.25,85.437523,2319200,9.695649
1999-07-22,86.00,87.25,85.75,85.75,3343200,9.731109
1999-07-21,88.25,88.25,85.062477,85.50,3583200,9.702739
1999-07-20,87.124962,88.624962,87.062477,88.00,3944800,9.986445
1999-07-19,86.50,87.875038,86.50,87.062477,3097600,9.880052
1999-07-16,86.875038,87.50,86.375038,86.437523,3594400,9.809131
1999-07-15,86.375038,87.75,86.375038,87.124962,8166400,9.887143
1999-07-14,86.187523,86.562477,84.75,85.812477,4656000,9.7382
1999-07-13,87.25,87.375038,86.00,86.124962,4055200,9.773661
1999-07-12,87.75,87.937523,86.875038,87.50,5761600,9.929704
1999-07-09,87.00,88.687523,86.624962,88.624962,4524800,10.057367
1999-07-08,85.937523,89.375038,85.937523,88.124962,7238400,10.000626
1999-07-07,87.937523,87.937523,83.624962,85.937523,7735200,9.75239
1999-07-06,89.00,89.25,87.312477,87.624962,6180000,9.943885
1999-07-02,88.50,89.937523,88.25,89.25,3623200,10.128298
1999-07-01,88.50,89.375038,88.187523,88.624962,2952800,10.057367
1999-06-30,89.437523,90.187523,88.00,89.437523,5544800,10.149578
1999-06-29,88.437523,89.437523,88.00,89.437523,6490400,10.149578
1999-06-28,89.187523,90.312477,88.375038,88.375038,5459200,10.029005
1999-06-25,89.624962,90.562477,87.624962,88.937523,6047200,10.092837
1999-06-24,92.00,92.00,90.312477,91.00,5504800,10.326892
1999-06-23,90.25,92.812477,88.812477,92.75,6270400,10.525486
1999-06-22,93.687523,93.875038,89.562477,89.687523,5338400,10.177949
1999-06-21,93.312477,94.187523,92.50,93.437523,6250400,10.603507
1999-06-18,93.25,93.875038,91.624962,93.562477,11620800,10.617688
1999-06-17,94.937523,97.187523,94.562477,96.50,3769600,10.951044
1999-06-16,95.562477,96.25,94.437523,94.687523,3435200,10.74536
1999-06-15,96.00,96.75,93.124962,94.437523,4840800,10.71699
1999-06-14,94.50,96.687523,93.875038,96.375038,4781600,10.936864
1999-06-11,93.50,95.687523,93.50,93.937523,3794400,10.660249
1999-06-10,93.75,94.25,92.875038,94.124962,4619200,10.68152
1999-06-09,95.00,95.00,93.375038,94.375038,4207200,10.709899
1999-06-08,93.00,94.124962,92.75,94.00,3883200,10.667339
1999-06-07,91.00,94.25,90.937523,93.312477,4213600,10.589317
1999-06-04,91.875038,91.937523,90.312477,90.937523,3149600,10.319802
1999-06-03,92.875038,92.937523,91.062477,91.687523,4061600,10.404913
1999-06-02,91.687523,93.375038,91.687523,93.062477,5620000,10.560946
1999-06-01,90.624962,91.687523,88.50,91.687523,2820800,10.404913
1999-05-28,90.687523,91.00,89.187523,90.812477,3373600,10.305611
1999-05-27,90.062477,91.875038,89.624962,90.937523,3619200,10.319802
1999-05-26,92.687523,92.687523,89.50,90.312477,6372000,10.24887
1999-05-25,93.00,93.75,91.124962,92.687523,7096000,10.518396
1999-05-24,98.00,98.75,93.687523,94.624962,4617600,10.738261
1999-05-21,98.00,99.187523,97.75,98.50,4530400,11.178009
1999-05-20,95.437523,98.875038,93.187523,98.00,7172800,11.121268
1999-05-19,92.624962,97.937523,92.624962,95.75,5806400,10.865933
1999-05-18,92.75,95.437523,92.00,92.687523,3492800,10.518396
1999-05-17,93.124962,93.75,91.437523,93.00,5764000,10.553856
1999-05-14,95.50,96.25,93.624962,94.062477,4740000,10.674429
1999-05-13,98.00,98.375038,96.00,96.437523,3092800,10.943954
1999-05-12,97.00,98.687523,96.124962,97.812477,6857600,11.099987
1999-05-11,99.187523,99.875038,95.50,97.00,24501600,11.007786
1999-05-10,95.124962,99.875038,95.124962,99.25,9869600,11.263121
1999-05-07,93.375038,96.187523,93.375038,95.00,5864800,10.780821
1999-05-06,93.624962,93.937523,92.062477,93.375038,4677600,10.596417
1999-05-05,90.437523,93.562477,89.75,93.562477,4786400,10.617688
1999-05-04,91.062477,92.437523,90.00,90.50,4252800,10.270151
1999-05-03,87.062477,92.187523,87.062477,91.50,7352000,10.383633
1999-04-30,88.25,89.187523,86.50,87.687523,6407200,9.950984
1999-04-29,92.25,93.062477,87.25,88.375038,18307200,10.029005
1999-04-28,86.00,93.50,85.624962,92.00,25183200,10.440374
1999-04-27,82.312477,82.437523,81.124962,81.875038,6195200,9.268674
1999-04-26,84.375038,84.50,82.00,82.062477,3404800,9.289893
1999-04-23,80.312477,85.25,80.312477,84.375038,5193600,9.551686
1999-04-22,80.00,81.437523,79.25,80.437523,2980800,9.105939
1999-04-21,79.375038,80.062477,78.562477,80.00,7736000,9.05641
1999-04-20,76.624962,78.50,75.50,77.937523,3951200,8.822927
1999-04-19,76.25,77.812477,75.50,75.875038,8068800,8.589443
1999-04-16,77.124962,77.375038,75.50,76.187523,4910400,8.624818
1999-04-15,78.437523,78.687523,76.624962,76.937523,3689600,8.709722
1999-04-14,79.00,79.624962,78.375038,78.375038,3784000,8.872456
1999-04-13,79.375038,79.375038,78.50,78.937523,4840800,8.936132
1999-04-12,79.375038,79.875038,78.624962,79.624962,3016000,9.013953
1999-04-09,78.75,80.00,78.00,78.624962,3922400,8.900748
1999-04-08,79.00,79.375038,77.124962,78.062477,11112000,8.837072
1999-04-07,81.75,81.75,80.124962,80.50,3551200,9.113012
1999-04-06,84.00,84.50,80.812477,81.25,3964000,9.197916
1999-04-05,83.062477,84.312477,82.687523,84.312477,3596800,9.544604
1999-04-01,83.50,83.624962,82.624962,83.312477,4208000,9.431399
1999-03-31,81.75,83.25,81.50,83.00,5813600,9.396025
1999-03-30,82.124962,82.25,80.187523,81.50,2684800,9.226217
1999-03-29,82.124962,83.062477,81.50,81.875038,4632800,9.268674
1999-03-26,79.562477,80.624962,78.562477,80.187523,2556000,9.077638
1999-03-25,80.875038,81.687523,79.124962,79.812477,3839200,9.035181
1999-03-24,80.25,81.75,80.062477,80.687523,4087200,9.134241
1999-03-23,82.00,82.187523,80.062477,80.50,3726400,9.113012
1999-03-22,81.124962,82.50,80.00,82.00,3122400,9.28282
1999-03-19,82.50,82.75,81.062477,81.187523,3345600,9.190843
1999-03-18,82.062477,82.437523,81.375038,82.437523,2085600,9.33235
1999-03-17,82.50,82.687523,81.187523,82.312477,2020800,9.318194
1999-03-16,83.00,83.00,81.375038,82.50,4388000,9.339422
1999-03-15,81.00,81.875038,80.187523,81.875038,3794400,9.268674
1999-03-12,80.00,80.50,79.124962,79.875038,4430400,9.042263
1999-03-11,79.00,81.437523,79.00,79.75,3180000,9.028108
1999-03-10,77.187523,79.437523,76.562477,78.75,3042400,8.914903
1999-03-09,76.75,77.75,76.25,77.187523,4324000,8.738023
1999-03-08,77.75,78.00,76.00,76.812477,3044000,8.695566
1999-03-05,78.00,78.375038,76.624962,77.624962,3089600,8.787543
1999-03-04,77.624962,77.687523,76.25,77.25,3339200,8.745096
1999-03-03,76.562477,77.937523,76.25,77.437523,3210400,8.766324
1999-03-02,75.187523,77.624962,75.187523,76.812477,3572800,8.695566
1999-03-01,74.00,74.50,72.312477,74.25,5076800,8.40548
1999-02-26,76.687523,76.687523,73.75,74.062477,4435200,8.384252
1999-02-25,77.00,77.187523,75.25,76.687523,5420800,8.68142
1999-02-24,77.25,79.25,76.937523,77.187523,3360000,8.738023
1999-02-23,78.50,78.50,75.25,77.25,4962400,8.745096
1999-02-22,76.937523,80.00,76.624962,78.562477,4635200,8.893675
1999-02-19,78.25,78.375038,76.50,77.00,5162400,8.716794
1999-02-18,78.75,79.187523,77.687523,78.187523,3738400,8.851228
1999-02-17,80.25,80.624962,78.00,78.187523,3860800,8.851228
1999-02-16,78.00,81.25,78.00,80.062477,4964800,9.063482
1999-02-12,78.375038,79.25,76.50,78.00,3841600,8.829999
1999-02-11,77.687523,78.624962,77.062477,78.375038,5208000,8.872456
1999-02-10,77.50,77.875038,76.437523,77.624962,7088800,8.787543
1999-02-09,80.937523,80.937523,77.50,77.50,6896000,8.773397
1999-02-08,80.75,81.687523,80.562477,80.875038,5204800,9.155468
1999-02-05,82.624962,82.937523,80.312477,80.50,4033600,9.113012
1999-02-04,82.937523,83.375038,82.124962,82.624962,5685600,9.353569
1999-02-03,83.624962,84.00,82.624962,82.937523,4141600,9.388952
1999-02-02,86.437523,86.75,83.187523,83.50,3058400,9.452628
1999-02-01,91.00,91.00,86.124962,86.25,5628000,9.763942
1999-01-29,88.875038,91.437523,87.562477,90.124962,5171200,10.202607
1999-01-28,84.00,87.50,83.687523,87.124962,4350400,9.862992
1999-01-27,83.624962,84.375038,83.312477,83.312477,3096800,9.431399
1999-01-26,82.437523,83.624962,82.375038,83.312477,3280000,9.408758
1999-01-25,82.00,83.187523,81.00,82.375038,3789600,9.30289
1999-01-22,82.062477,82.562477,81.124962,82.00,5121600,9.260536
1999-01-21,85.00,85.375038,82.062477,82.062477,6993600,9.267591
1999-01-20,87.937523,87.937523,85.50,85.50,5319200,9.655802
1999-01-19,86.875038,88.00,85.875038,87.687523,4245600,9.902847
1999-01-15,84.937523,86.437523,84.624962,86.437523,4781600,9.76168
1999-01-14,88.00,88.00,84.624962,84.812477,5368000,9.578158
1999-01-13,88.00,88.437523,86.624962,88.00,4696000,9.938136
1999-01-12,89.624962,89.937523,88.937523,89.00,3363200,10.051069
1999-01-11,89.75,90.624962,88.687523,89.875038,8009600,10.14989
1999-01-08,88.75,90.00,87.812477,89.812477,6220800,10.142825
1999-01-07,84.124962,88.50,84.124962,88.312477,9931200,9.973425
1999-01-06,82.75,84.937523,82.624962,84.937523,6301600,9.59228
1999-01-05,80.00,82.437523,79.687523,82.124962,6374400,9.274648
1999-01-04,79.437523,81.50,79.437523,80.062477,4289600,9.041725
1998-12-31,79.875038,81.124962,78.624962,78.624962,3205600,8.879381
1998-12-30,80.75,80.875038,79.562477,79.812477,2288000,9.013491
1998-12-29,79.375038,81.624962,79.187523,80.875038,3199200,9.13349
1998-12-28,79.25,79.624962,78.00,79.312477,2829600,8.957025
1998-12-24,79.375038,79.624962,78.875038,79.375038,796800,8.96409
1998-12-23,80.124962,81.375038,79.25,79.562477,3060000,8.985258
1998-12-22,79.375038,80.437523,78.75,79.624962,3354400,8.992314
1998-12-21,79.562477,81.75,79.437523,79.437523,5672000,8.971146
1998-12-18,81.00,81.375038,79.312477,79.812477,5008000,9.013491
1998-12-17,78.062477,80.375038,78.062477,80.187523,3789600,9.055846
1998-12-16,78.00,79.312477,77.25,78.437523,3006400,8.858213
1998-12-15,77.25,78.00,77.124962,77.812477,3869600,8.787624
1998-12-14,77.00,77.562477,76.124962,77.25,4560000,8.724102
1998-12-11,78.812477,78.812477,76.187523,78.25,6094400,8.837035
1998-12-10,80.875038,83.00,78.312477,79.187523,14643200,8.942913
1998-12-09,81.937523,81.937523,80.562477,80.812477,4148800,9.126425
1998-12-08,81.875038,82.00,81.062477,81.937523,5924000,9.25348
1998-12-07,79.687523,82.687523,79.687523,82.062477,7831200,9.267591
1998-12-04,78.50,79.937523,78.124962,79.562477,3823200,8.985258
1998-12-03,79.50,79.562477,77.687523,78.50,4453600,8.865269
1998-12-02,78.375038,79.937523,78.124962,79.50,4379200,8.978202
1998-12-01,76.812477,79.00,76.687523,78.624962,4015200,8.879381
1998-11-30,80.00,80.124962,77.312477,77.312477,3648000,8.731158
1998-11-27,80.437523,80.75,79.50,80.187523,1296800,9.055846
1998-11-25,82.187523,82.187523,80.124962,80.187523,2207200,9.055846
1998-11-24,81.937523,82.75,81.937523,82.124962,4036800,9.274648
1998-11-23,80.875038,82.75,80.124962,82.124962,4955200,9.274648
1998-11-20,80.375038,81.25,80.312477,80.624962,5096800,9.105248
1998-11-19,79.312477,80.375038,78.75,79.937523,3260800,9.027613
1998-11-18,77.50,79.375038,76.437523,79.312477,3123200,8.957025
1998-11-17,77.437523,79.25,77.187523,77.875038,3375200,8.79469
1998-11-16,76.124962,77.687523,76.124962,77.312477,4237600,8.731158
1998-11-13,76.437523,77.062477,75.875038,76.00,4295200,8.582935
1998-11-12,77.062477,77.875038,76.00,76.187523,6671200,8.604113
1998-11-11,78.937523,79.50,77.062477,77.187523,6077600,8.717046
1998-11-10,79.937523,80.25,78.812477,78.937523,5046400,8.91468
1998-11-09,80.75,80.75,80.00,80.25,3142400,9.062902
1998-11-06,80.124962,81.812477,79.875038,80.687523,3512800,9.112313
1998-11-05,77.75,81.437523,77.562477,80.75,8032800,9.119369
1998-11-04,80.00,82.00,77.312477,79.062477,14038400,8.928791
1998-11-03,77.062477,79.937523,77.062477,78.50,5656800,8.865269
1998-11-02,75.00,78.50,75.00,77.375038,7172000,8.738223
1998-10-30,72.50,75.50,72.062477,74.624962,9038400,8.427648
1998-10-29,66.50,71.375038,66.50,71.00,9270400,8.018269
1998-10-28,67.00,67.062477,65.812477,66.124962,1958400,7.467714
1998-10-27,66.875038,67.50,66.124962,67.50,5899200,7.600415
1998-10-26,66.00,68.50,66.00,66.875038,6253600,7.530045
1998-10-23,66.562477,66.75,65.375038,66.187523,7332000,7.452632
1998-10-22,67.50,67.50,66.562477,66.937523,5712000,7.537081
1998-10-21,67.00,67.75,66.50,67.50,6243200,7.600415
1998-10-20,65.812477,67.875038,65.812477,67.062477,8163200,7.55115
1998-10-19,66.937523,67.50,65.124962,65.75,5328800,7.403367
1998-10-16,67.124962,67.75,66.25,66.812477,5762400,7.523001
1998-10-15,66.124962,67.624962,65.624962,66.875038,6178400,7.530045
1998-10-14,66.812477,68.187523,66.75,66.875038,5392800,7.530045
1998-10-13,67.937523,68.687523,67.00,67.312477,2137600,7.5793
1998-10-12,66.187523,68.25,66.124962,67.875038,3100000,7.642644
1998-10-09,63.812481,65.875038,63.00,65.812477,2900800,7.410402
1998-10-08,63.75,64.562477,62.687519,63.562481,5144000,7.157055
1998-10-07,67.187523,67.25,64.75,65.124962,4339200,7.332989
1998-10-06,65.812477,68.187523,65.687523,67.187523,2384800,7.56523
1998-10-05,65.75,65.875038,65.187523,65.687523,5334400,7.396332
1998-10-02,65.50,67.624962,65.50,66.00,6781600,7.431517
1998-10-01,68.00,68.875038,65.75,65.75,7039200,7.403367
1998-09-30,72.187523,72.50,69.437523,69.50,4107200,7.825612
1998-09-29,73.50,73.75,72.124962,72.437523,3108000,8.156374
1998-09-28,74.687523,75.312477,73.875038,73.875038,2642400,8.318236
1998-09-25,74.312477,74.937523,74.312477,74.812477,3524800,8.423791
1998-09-24,74.50,75.25,74.437523,74.812477,3400800,8.423791
1998-09-23,74.312477,74.937523,73.312477,74.875038,4645600,8.430835
1998-09-22,73.00,74.437523,73.00,74.312477,6702400,8.367491
1998-09-21,70.124962,72.875038,69.437523,72.875038,6312000,8.205637
1998-09-18,70.562477,71.00,70.437523,70.875038,7945600,7.98044
1998-09-17,68.812477,71.50,67.812477,70.50,4270400,7.938211
1998-09-16,68.812477,69.25,68.312477,69.062477,2695200,7.776348
1998-09-15,68.562477,68.75,67.75,68.687523,3381600,7.734129
1998-09-14,65.812477,69.687523,65.812477,68.875038,3972000,7.755242
1998-09-11,62.562481,65.312477,62.187519,65.312477,5228000,7.354103
1998-09-10,64.50,64.50,62.00,63.00,10092000,7.093721
1998-09-09,66.25,66.25,65.25,65.375038,3452800,7.361147
1998-09-08,66.124962,67.124962,65.75,66.375038,3639200,7.473746
1998-09-04,64.875038,65.624962,64.75,65.062477,3472800,7.325953
1998-09-03,65.124962,65.124962,63.00,64.50,5404000,7.262619
1998-09-02,64.375038,66.124962,64.25,65.25,4305600,7.347068
1998-09-01,61.50,64.875038,61.187519,64.562477,8405600,7.269654
1998-08-31,63.50,63.562481,60.187519,60.187519,4308800,6.777039
1998-08-28,64.124962,64.50,63.00,63.00,3362400,7.093721
1998-08-27,67.375038,67.437523,63.687519,64.624962,5396800,7.276689
1998-08-26,67.875038,68.562477,67.25,67.624962,2483200,7.614485
1998-08-25,68.312477,68.812477,67.937523,68.187523,3337600,7.677829
1998-08-24,68.187523,68.937523,67.375038,67.812477,3526400,7.635599
1998-08-21,67.00,68.062477,66.875038,68.062477,4660800,7.663749
1998-08-20,67.75,68.812477,67.00,67.937523,6791200,7.649679
1998-08-19,68.00,68.25,67.50,67.812477,4800000,7.635599
1998-08-18,67.75,68.187523,67.50,67.687523,4191200,7.62153
1998-08-17,67.50,67.812477,67.437523,67.75,3333600,7.628565
1998-08-14,68.124962,68.187523,66.812477,67.50,4396800,7.600415
1998-08-13,68.124962,68.25,67.50,67.562477,5226400,7.60745
1998-08-12,68.124962,69.124962,68.062477,68.187523,6241600,7.677829
1998-08-11,65.124962,67.312477,65.00,67.312477,6272000,7.5793
1998-08-10,68.562477,69.375038,66.875038,66.937523,4981600,7.537081
1998-08-07,69.75,69.75,68.624962,68.687523,5797600,7.734129
1998-08-06,69.00,71.25,67.25,69.062477,13608000,7.776348
1998-08-05,67.50,72.375038,67.50,69.75,17824800,7.853762
1998-08-04,67.875038,67.937523,65.00,65.124962,3339200,7.332989
1998-08-03,69.187523,69.25,67.437523,67.937523,4632000,7.649679
1998-07-31,70.437523,71.00,68.50,69.312477,4232000,7.804498
1998-07-30,72.00,72.25,70.00,70.187523,7387200,7.903027
1998-07-29,71.687523,72.437523,71.50,71.937523,3036000,8.100074
1998-07-28,74.25,74.25,71.375038,71.875038,4493600,8.070519
1998-07-27,72.875038,74.624962,72.062477,74.50,4046400,8.365264
1998-07-24,72.375038,74.25,72.375038,72.812477,2801600,8.17578
1998-07-23,74.75,74.75,72.062477,72.25,5934400,8.112622
1998-07-22,76.437523,76.75,74.437523,74.50,2987200,8.365264
1998-07-21,78.437523,79.124962,76.375038,76.624962,2390400,8.603866
1998-07-20,79.875038,79.875038,78.124962,78.187523,2089600,8.779319
1998-07-17,79.124962,79.875038,78.937523,79.562477,1589600,8.933706
1998-07-16,78.875038,79.187523,77.562477,78.624962,2728800,8.828437
1998-07-15,80.062477,80.624962,79.25,79.25,3334400,8.89862
1998-07-14,78.75,81.187523,78.75,80.312477,4278400,9.01792
1998-07-13,78.50,79.624962,78.218719,78.75,2174400,8.842477
1998-07-10,78.00,79.00,77.562477,78.50,1975200,8.814405
1998-07-09,77.50,78.437523,76.812477,77.875038,2916000,8.744231
1998-07-08,77.875038,77.875038,76.937523,77.50,3016800,8.70212
1998-07-07,77.75,78.25,77.25,78.00,2969600,8.758263
1998-07-06,77.50,78.75,76.875038,77.124962,2772000,8.660009
1998-07-02,77.624962,78.624962,77.312477,77.437523,3163200,8.695105
1998-07-01,77.00,77.812477,77.00,77.50,5296800,8.70212
1998-06-30,75.124962,77.687523,75.124962,76.124962,5545600,8.547723
1998-06-29,74.375038,75.875038,74.375038,75.124962,3010400,8.435438
1998-06-26,74.124962,74.75,73.812477,74.312477,3220000,8.344208
1998-06-25,74.812477,75.00,73.25,73.375038,4064000,8.238947
1998-06-24,72.875038,75.375038,72.875038,74.562477,6540800,8.372279
1998-06-23,71.312477,73.187523,71.312477,72.624962,7455200,8.154724
1998-06-22,73.00,73.50,71.312477,71.312477,4760000,8.007351
1998-06-19,73.937523,74.812477,73.75,74.25,5402400,8.337192
1998-06-18,74.50,74.75,73.812477,73.937523,4167200,8.302106
1998-06-17,73.50,74.562477,73.25,74.124962,5096800,8.323152
1998-06-16,73.812477,74.187523,72.75,73.375038,5851200,8.238947
1998-06-15,75.624962,75.624962,73.562477,73.562477,4707200,8.259994
1998-06-12,77.50,77.875038,75.312477,75.875038,5850400,8.519661
1998-06-11,78.562477,78.875038,77.75,77.875038,2371200,8.744231
1998-06-10,79.124962,79.687523,78.50,78.812477,2479200,8.849492
1998-06-09,78.562477,79.624962,78.562477,79.25,1517600,8.89862
1998-06-08,78.624962,79.687523,78.437523,78.50,1656000,8.814405
1998-06-05,79.00,79.375038,77.562477,78.624962,5017600,8.828437
1998-06-04,78.562477,80.50,78.562477,79.875038,2524000,8.968802
1998-06-03,78.875038,79.25,78.562477,78.687523,1612800,8.835462
1998-06-02,78.562477,79.375038,78.437523,78.875038,2950400,8.856517
1998-06-01,78.00,79.25,77.812477,78.50,2220800,8.814405
1998-05-29,79.187523,79.75,78.124962,78.187523,4697600,8.779319
1998-05-28,78.875038,79.937523,78.187523,79.25,4240800,8.89862
1998-05-27,78.437523,79.00,77.124962,78.25,4264800,8.786334
1998-05-26,80.124962,80.124962,79.062477,79.062477,3020800,8.877563
1998-05-22,80.50,80.75,80.25,80.624962,2394400,9.053008
1998-05-21,80.00,80.75,79.937523,80.624962,4720000,9.053008
1998-05-20,79.00,79.875038,78.812477,79.50,7792000,8.926691
1998-05-19,77.875038,78.50,77.75,78.50,7864800,8.814405
1998-05-18,77.375038,78.562477,77.187523,77.437523,4546400,8.695105
1998-05-15,78.00,78.00,77.00,77.312477,3704000,8.681064
1998-05-14,78.25,78.75,77.937523,78.124962,3049600,8.772294
1998-05-13,79.624962,79.687523,78.437523,78.937523,4302400,8.863533
1998-05-12,80.50,80.50,78.75,79.25,9912800,8.89862
1998-05-11,80.875038,81.00,80.124962,80.50,3481600,9.038976
1998-05-08,80.875038,81.124962,80.312477,80.624962,3192000,9.053008
1998-05-07,82.00,82.00,80.25,80.875038,5755200,9.081088
1998-05-06,84.75,84.75,80.187523,80.50,8212800,9.038976
1998-05-05,82.124962,82.562477,81.875038,82.437523,2147200,9.256532
1998-05-04,82.062477,82.50,81.75,82.062477,3016800,9.21442
1998-05-01,81.375038,81.812477,81.00,81.812477,2406400,9.186348
1998-04-30,79.624962,80.937523,78.812477,80.812477,3671200,9.074063
1998-04-29,77.624962,78.875038,77.624962,78.812477,2367200,8.849492
1998-04-28,78.624962,78.875038,77.00,77.624962,2786400,8.716151
1998-04-27,80.00,80.00,77.624962,78.062477,4500800,8.765278
1998-04-24,81.375038,82.375038,79.937523,80.562477,4237600,9.045992
1998-04-23,82.937523,82.937523,81.124962,81.562477,3704000,9.158277
1998-04-22,83.562477,83.687523,82.624962,82.875038,3764800,9.305658
1998-04-21,84.00,84.00,82.875038,83.562477,3249600,9.360391
1998-04-20,84.25,84.375038,83.375038,83.437523,4289600,9.346394
1998-04-17,84.875038,84.875038,83.687523,84.25,3361600,9.437405
1998-04-16,86.75,86.75,84.562477,85.375038,4300000,9.563428
1998-04-15,85.312477,87.375038,85.312477,86.75,3770400,9.717447
1998-04-14,85.25,85.50,84.75,85.312477,3941600,9.55642
1998-04-13,86.375038,86.437523,84.75,85.50,4654400,9.577426
1998-04-09,87.00,87.50,86.50,87.00,3852800,9.745451
1998-04-08,87.187523,87.312477,86.312477,86.624962,2033600,9.70344
1998-04-07,87.437523,87.437523,86.50,87.062477,3931200,9.752449
1998-04-06,88.124962,88.124962,86.187523,87.437523,6177600,9.794461
1998-04-03,87.375038,89.375038,87.00,88.187523,6907200,9.878473
1998-04-02,84.187523,87.124962,84.062477,86.75,6215200,9.717447
1998-04-01,83.312477,84.437523,83.312477,84.437523,2628000,9.458411
1998-03-31,82.624962,84.50,82.50,83.437523,2902400,9.346394
1998-03-30,82.124962,82.375038,81.75,82.25,2600000,9.213372
1998-03-27,81.312477,82.50,80.75,82.375038,3774400,9.227378
1998-03-26,82.875038,82.875038,80.437523,80.937523,6745600,9.066352
1998-03-25,83.687523,84.375038,82.812477,83.124962,3911200,9.311382
1998-03-24,84.00,84.312477,83.25,83.687523,3986400,9.374398
1998-03-23,84.562477,84.875038,83.937523,83.937523,1807200,9.402402
1998-03-20,85.25,85.437523,84.812477,85.187523,3003200,9.542423
1998-03-19,85.187523,85.75,84.687523,85.062477,3089600,9.528416
1998-03-18,84.937523,85.624962,84.375038,85.187523,1731200,9.542423
1998-03-17,84.812477,85.687523,84.812477,85.687523,3791200,9.598432
1998-03-16,85.25,85.937523,84.312477,84.562477,3764000,9.472408
1998-03-13,84.25,85.375038,84.187523,84.312477,3724000,9.444404
1998-03-12,82.937523,84.75,82.812477,83.875038,2191200,9.395403
1998-03-11,82.00,83.187523,81.50,82.875038,4361600,9.283386
1998-03-10,83.124962,83.375038,81.875038,81.875038,4115200,9.17137
1998-03-09,83.25,83.375038,82.062477,82.437523,3901600,9.234377
1998-03-06,82.875038,84.624962,82.25,83.25,3244800,9.325388
1998-03-05,82.624962,83.00,81.00,82.375038,10084800,9.227378
1998-03-04,85.937523,85.937523,83.624962,83.687523,5837600,9.374398
1998-03-03,86.00,86.50,85.812477,86.062477,5573600,9.640433
1998-03-02,87.124962,87.124962,85.75,86.875038,6201600,9.731453
1998-02-27,87.50,87.50,86.75,87.375038,3545600,9.787462
1998-02-26,87.687523,88.437523,87.562477,87.624962,2803200,9.815457
1998-02-25,87.00,88.50,86.875038,87.687523,5208800,9.822465
1998-02-24,86.25,86.937523,86.062477,86.812477,4602400,9.724445
1998-02-23,86.124962,86.25,85.50,86.124962,2945600,9.647432
1998-02-20,85.124962,86.375038,84.875038,86.062477,5127200,9.640433
1998-02-19,84.50,84.562477,84.00,84.50,2698400,9.465409
1998-02-18,84.00,84.624962,84.00,84.562477,8145600,9.472408
1998-02-17,84.00,84.187523,83.624962,84.187523,7996800,9.430407
1998-02-13,83.875038,84.437523,83.124962,84.25,3215200,9.437405
1998-02-12,83.25,83.687523,82.875038,83.624962,5330400,9.36739
1998-02-11,82.812477,84.375038,82.812477,83.187523,6360800,9.31839
1998-02-10,83.375038,83.875038,82.375038,82.812477,6623200,9.276379
1998-02-09,81.00,83.00,80.937523,83.00,4010400,9.297384
1998-02-06,79.75,80.875038,79.562477,80.375038,2978400,9.003345
1998-02-05,79.937523,80.562477,79.312477,80.00,7938400,8.961334
1998-02-04,76.375038,79.375038,76.375038,79.187523,10794400,8.870323
1998-02-03,76.50,76.687523,75.562477,76.437523,5710400,8.562277
1998-02-02,74.875038,77.25,74.875038,76.687523,6708000,8.590282
1998-01-30,74.937523,75.25,73.312477,73.50,3350400,8.233226
1998-01-29,75.062477,76.25,74.875038,75.187523,3142400,8.422257
1998-01-28,75.875038,75.937523,74.624962,75.437523,4018400,8.450261
1998-01-27,75.50,77.124962,75.437523,76.062477,3990400,8.497863
1998-01-26,73.812477,74.875038,73.812477,74.875038,3396000,8.3652
1998-01-23,74.624962,74.937523,73.562477,73.875038,2732800,8.253477
1998-01-22,73.25,74.624962,73.187523,74.375038,6688800,8.309339
1998-01-21,72.562477,74.00,72.50,73.375038,4610400,8.197616
1998-01-20,71.875038,72.937523,71.875038,72.812477,3599200,8.134766
1998-01-16,72.00,72.562477,71.624962,71.875038,3122400,8.030033
1998-01-15,70.187523,71.812477,70.062477,71.50,3304000,7.988133
1998-01-14,70.50,70.75,69.812477,70.187523,2828800,7.8415
1998-01-13,70.687523,70.687523,69.687523,70.312477,1836800,7.855461
1998-01-12,68.75,70.437523,68.375038,70.437523,4564800,7.869431
1998-01-09,70.875038,71.50,69.00,69.624962,5312800,7.77865
1998-01-08,72.75,72.75,70.624962,71.124962,2421600,7.946233
1998-01-07,72.312477,73.00,71.00,73.00,3780800,8.155716
1998-01-06,70.375038,72.687523,70.375038,72.312477,6798400,8.078905
1998-01-05,70.50,70.937523,69.75,70.375038,11719200,7.86245
1998-01-02,70.687523,71.124962,69.75,70.00,3055200,7.82055
1997-12-31,70.25,71.437523,70.00,70.562477,5771200,7.883391
1997-12-30,67.437523,70.624962,67.437523,70.00,12358400,7.82055
1997-12-29,67.375038,67.75,66.812477,67.437523,5391200,7.534264
1997-12-26,67.00,67.687523,67.00,67.375038,1841600,7.527284
1997-12-24,67.124962,67.50,66.437523,67.00,2619200,7.485383
1997-12-23,67.25,68.00,66.624962,67.375038,6900800,7.527284
1997-12-22,67.937523,68.25,66.312477,67.375038,6457600,7.527284
1997-12-19,68.75,73.00,67.875038,67.937523,13329600,7.590126
1997-12-18,71.75,71.75,67.062477,69.50,33232000,7.764689
1997-12-17,79.624962,79.875038,78.875038,78.875038,3346400,8.812088
1997-12-16,80.75,81.00,79.50,79.624962,3150400,8.895871
1997-12-15,78.875038,80.75,78.812477,80.375038,3703200,8.979671
1997-12-12,78.375038,79.437523,78.062477,78.937523,3406400,8.819069
1997-12-11,79.00,79.062477,77.187523,78.124962,3892800,8.728288
1997-12-10,77.75,79.25,77.75,79.124962,4089600,8.84001
1997-12-09,79.00,80.25,78.812477,79.50,2680000,8.88191
1997-12-08,80.25,80.687523,79.062477,79.062477,3145600,8.833029
1997-12-05,79.124962,80.437523,79.124962,79.875038,2927200,8.92381
1997-12-04,80.25,81.00,79.50,79.562477,5185600,8.88889
1997-12-03,78.375038,80.50,77.812477,80.25,4970400,8.965702
1997-12-02,77.624962,78.75,77.562477,78.75,3850400,8.798119
1997-12-01,75.812477,77.937523,75.562477,77.50,3347200,8.658466
1997-11-28,75.375038,75.937523,75.00,75.00,828800,8.379161
1997-11-26,75.062477,75.624962,74.75,74.875038,2559200,8.3652
1997-11-25,76.00,76.062477,74.687523,74.812477,5199200,8.35821
1997-11-24,77.00,77.312477,76.062477,76.062477,2914400,8.497863
1997-11-21,77.937523,78.375038,77.124962,77.75,3509600,8.686397
1997-11-20,78.187523,78.875038,77.75,77.937523,3472000,8.707347
1997-11-19,78.375038,79.437523,77.875038,78.187523,4563200,8.735277
1997-11-18,78.624962,79.312477,78.25,78.312477,2482400,8.749238
1997-11-17,77.562477,79.562477,77.562477,79.00,4391200,8.826049
1997-11-14,77.00,78.187523,76.437523,77.50,3785600,8.658466
1997-11-13,77.00,77.437523,76.437523,76.812477,4110400,8.581654
1997-11-12,77.124962,78.25,76.937523,77.00,7488000,8.602605
1997-11-11,75.937523,78.312477,75.937523,77.875038,6801600,8.700366
1997-11-10,75.00,76.25,75.00,75.687523,11052800,8.455972
1997-11-07,72.00,74.562477,71.50,74.25,8416000,8.295369
1997-11-06,72.50,73.75,72.00,72.624962,9870400,8.113816
1997-11-05,74.25,74.25,71.875038,72.062477,7548000,8.050974
1997-11-04,72.437523,74.124962,71.00,74.062477,13658400,8.274419
1997-11-03,71.75,73.062477,71.437523,72.687523,5852000,8.120806
1997-10-31,72.00,72.875038,70.812477,71.062477,5803200,7.939252
1997-10-30,71.50,72.50,70.875038,71.562477,3816800,7.995113
1997-10-29,71.937523,74.124962,71.875038,72.562477,7060000,8.106835
1997-10-28,69.00,72.75,68.00,71.937523,12188000,8.014669
1997-10-27,72.50,73.624962,68.50,69.00,14042400,7.687395
1997-10-24,77.00,77.00,75.00,75.375038,9279200,8.397648
1997-10-23,74.875038,76.937523,74.624962,76.25,7300000,8.495129
1997-10-22,77.375038,77.875038,76.124962,76.812477,4064800,8.557795
1997-10-21,76.00,77.437523,75.875038,77.375038,7199200,8.620471
1997-10-20,75.75,76.00,74.812477,75.562477,8411200,8.418531
1997-10-17,76.25,77.00,73.50,74.812477,15083200,8.334972
1997-10-16,78.812477,79.375038,76.25,76.812477,7332800,8.557795
1997-10-15,79.50,80.312477,78.687523,78.812477,6989600,8.780618
1997-10-14,80.062477,80.437523,78.50,79.312477,7418400,8.836324
1997-10-13,78.75,80.624962,78.75,79.875038,12929600,8.899
1997-10-10,78.50,79.50,78.187523,78.562477,6095200,8.752766
1997-10-09,78.50,79.687523,78.124962,79.00,11662400,8.801511
1997-10-08,80.624962,80.75,78.00,79.124962,16262400,8.815433
1997-10-07,77.937523,80.562477,76.812477,80.25,17736000,8.940775
1997-10-06,78.00,78.624962,77.25,77.937523,11921600,8.683138
1997-10-03,79.00,79.187523,77.062477,77.937523,13891200,8.683138
1997-10-02,79.25,79.875038,77.50,78.25,15691200,8.717952
1997-10-01,81.75,81.937523,79.375038,79.75,16168000,8.885069
1997-09-30,80.937523,81.50,79.50,81.437523,27674400,9.073079
1997-09-29,84.624962,84.875038,80.25,81.00,59356800,9.024334
1997-09-26,90.50,91.00,89.562477,90.50,8575200,10.082743
1997-09-25,92.50,92.75,89.937523,90.124962,20048800,10.04096
1997-09-24,93.25,94.75,90.124962,92.624962,25844000,10.319488
1997-09-23,102.50,102.50,92.75,93.687523,67642400,10.43787
1997-09-22,104.624962,104.624962,102.312477,102.75,4117600,11.447534
1997-09-19,106.187523,106.187523,103.812477,104.624962,3835200,11.656427
1997-09-18,106.062477,106.937523,105.75,106.124962,3900800,11.823544
1997-09-17,105.624962,106.25,105.00,106.062477,4242400,11.816583
1997-09-16,103.375038,106.187523,103.25,105.875038,6840800,11.7957
1997-09-15,102.00,103.50,101.75,103.062477,6632000,11.482348
1997-09-12,101.00,102.375038,100.124962,102.00,11099200,11.363976
1997-09-11,100.75,100.75,99.187523,100.00,4966400,11.141153
1997-09-10,101.875038,101.875038,101.124962,101.375038,4032800,11.294348
1997-09-09,101.75,102.124962,101.124962,102.00,5853600,11.363976
1997-09-08,101.00,102.25,101.00,101.437523,5240800,11.301309
1997-09-05,101.50,101.50,100.50,101.25,7157600,11.280417
1997-09-04,99.312477,100.50,98.875038,99.875038,4755200,11.12723
1997-09-03,98.062477,101.00,98.00,99.312477,4696000,11.064555
1997-09-02,95.187523,97.875038,95.187523,97.812477,3524000,10.897437
1997-08-29,96.00,97.375038,95.437523,95.437523,2997600,10.63284
1997-08-28,96.937523,96.937523,96.00,96.062477,3462400,10.702467
1997-08-27,96.062477,97.25,96.062477,96.937523,10252800,10.799957
1997-08-26,95.00,96.437523,94.50,96.00,9868000,10.695507
1997-08-25,93.25,95.187523,93.25,95.124962,6674400,10.598017
1997-08-22,93.00,93.375038,92.375038,93.375038,8770400,10.403056
1997-08-21,94.00,94.624962,93.124962,93.50,5693600,10.416978
1997-08-20,94.375038,94.437523,93.25,94.00,11037600,10.472684
1997-08-19,95.312477,95.312477,94.312477,94.312477,6720800,10.507497
1997-08-18,96.25,96.25,94.624962,95.312477,6336800,10.618909
1997-08-15,96.687523,97.437523,95.75,95.75,7270400,10.667654
1997-08-14,96.937523,97.875038,95.812477,96.812477,9809600,10.786026
1997-08-13,98.375038,98.624962,95.812477,96.25,24615200,10.723359
1997-08-12,98.50,99.124962,97.375038,97.562477,10908800,10.869585
1997-08-11,97.75,98.25,96.812477,97.75,13754400,10.890477
1997-08-08,95.00,98.00,94.812477,97.624962,26689600,10.876546
1997-08-07,100.00,101.25,96.75,96.75,39209600,10.779065
1997-08-06,105.00,105.00,100.562477,102.00,30528000,11.363976
1997-08-05,105.00,106.00,102.50,102.75,39765600,11.447534
1997-08-04,113.875038,118.124962,113.875038,117.00,8019200,13.035149
1997-08-01,113.75,114.124962,111.624962,114.00,2574400,12.700914
1997-07-31,114.25,115.00,113.375038,113.937523,2212000,12.693953
1997-07-30,113.25,115.187523,113.124962,114.312477,4584000,12.735728
1997-07-29,110.25,113.50,109.50,113.375038,3159200,12.631286
1997-07-28,112.437523,112.687523,110.124962,110.25,2492800,12.283121
1997-07-25,114.812477,114.812477,111.124962,112.624962,4516800,12.547719
1997-07-24,111.25,115.875038,110.375038,115.062477,5861600,12.819286
1997-07-23,108.00,110.875038,107.875038,110.875038,5129600,12.352757
1997-07-22,106.437523,108.187523,106.375038,107.375038,3219200,11.940535
1997-07-21,105.00,107.25,104.75,106.187523,4588800,11.808479
1997-07-18,106.875038,107.875038,104.062477,104.312477,4210400,11.599966
1997-07-17,107.75,108.375038,106.187523,106.875038,4430400,11.884933
1997-07-16,104.624962,107.937523,104.624962,107.562477,6701600,11.961379
1997-07-15,104.50,105.50,104.375038,104.50,6261600,11.620819
1997-07-14,105.00,105.875038,103.75,104.25,3322400,11.593018
1997-07-11,103.50,105.562477,103.50,104.937523,2900800,11.669474
1997-07-10,103.124962,104.437523,103.124962,103.375038,3968000,11.495719
1997-07-09,105.624962,106.00,103.124962,103.312477,3969600,11.488762
1997-07-08,104.25,105.062477,103.624962,105.062477,3891200,11.683369
1997-07-07,105.937523,106.312477,104.124962,104.312477,4560000,11.599966
1997-07-03,104.624962,105.75,104.624962,105.375038,3614400,11.718127
1997-07-02,103.124962,103.875038,102.437523,103.375038,5838400,11.495719
1997-07-01,102.624962,103.937523,102.25,102.25,4627200,11.37061
1997-06-30,103.25,103.50,101.50,102.375038,5700000,11.384515
1997-06-27,106.75,107.124962,103.375038,103.937523,9397600,11.55827
1997-06-26,107.624962,107.875038,105.75,106.562477,2766400,11.850175
1997-06-25,107.875038,108.624962,106.624962,107.062477,5100000,11.905777
1997-06-24,106.25,109.00,104.00,108.124962,7144800,12.02393
1997-06-23,107.875038,108.624962,106.875038,107.00,3433600,11.898829
1997-06-20,109.624962,109.875038,108.124962,108.124962,4041600,12.02393
1997-06-19,107.124962,109.25,107.124962,109.25,4816800,12.149038
1997-06-18,109.00,109.124962,106.875038,106.875038,3450400,11.884933
1997-06-17,109.375038,110.25,109.25,109.375038,5380000,12.162943
1997-06-16,110.875038,111.624962,108.624962,109.50,9215200,12.176839
1997-06-13,110.875038,112.75,110.50,112.75,3942400,12.538252
1997-06-12,108.624962,111.50,108.375038,111.25,4944000,12.371446
1997-06-11,107.50,109.50,107.50,108.50,4444000,12.065635
1997-06-10,108.50,108.50,107.124962,107.50,5279200,11.954431
1997-06-09,105.25,109.00,105.25,108.124962,8588800,12.02393
1997-06-06,103.25,106.00,103.25,105.25,9208000,11.704222
1997-06-05,101.00,104.375038,101.00,103.00,4797600,11.454013
1997-06-04,99.124962,102.25,99.00,101.00,4532800,11.231605
1997-06-03,99.375038,101.624962,99.124962,99.124962,6508800,11.023094
1997-06-02,100.50,100.875038,99.75,100.00,5976800,11.120401
1997-05-30,95.50,101.875038,95.124962,101.00,4807200,11.231605
1997-05-29,95.124962,96.25,94.624962,95.875038,2906400,10.661689
1997-05-28,95.375038,95.375038,94.25,94.75,2668800,10.53658
1997-05-27,95.00,95.875038,94.75,95.375038,3502400,10.606087
1997-05-23,94.624962,95.50,94.624962,95.25,3860000,10.592182
1997-05-22,94.875038,95.00,94.375038,94.75,1802400,10.53658
1997-05-21,96.00,96.124962,93.75,94.375038,6364000,10.494883
1997-05-20,96.375038,96.75,94.75,96.50,3856000,10.731187
1997-05-19,94.375038,97.50,93.75,96.50,3292000,10.731187
1997-05-16,96.75,97.25,94.624962,94.75,4864800,10.53658
1997-05-15,97.75,97.875038,96.624962,96.875038,3841600,10.772893
1997-05-14,99.00,99.50,97.124962,97.624962,3867200,10.856288
1997-05-13,98.875038,100.375038,98.624962,98.624962,5800800,10.967492
1997-05-12,98.50,100.124962,98.50,99.375038,5303200,11.050903
1997-05-09,98.25,100.00,98.124962,98.50,7756000,10.953595
1997-05-08,96.00,99.25,95.624962,98.124962,10874400,10.91189
1997-05-07,95.624962,99.25,95.624962,96.624962,9648800,10.745084
1997-05-06,92.50,97.75,92.50,95.875038,19208800,10.661689
1997-05-05,90.00,91.124962,89.00,90.624962,4624000,10.077859
1997-05-02,89.624962,90.75,89.375038,89.875038,2504000,9.994465
1997-05-01,90.50,90.50,88.624962,89.875038,4160000,9.994465
1997-04-30,89.00,91.75,89.00,91.124962,5162400,10.133461
1997-04-29,85.375038,89.75,85.25,89.624962,3171200,9.966655
1997-04-28,83.875038,85.124962,83.624962,83.875038,2910400,9.327241
1997-04-25,84.375038,85.124962,83.75,84.00,2022400,9.341137
1997-04-24,85.875038,86.50,84.375038,84.375038,2076800,9.382843
1997-04-23,85.50,87.124962,85.50,85.624962,2556000,9.521839
1997-04-22,85.375038,86.124962,84.75,85.75,3256000,9.513503
1997-04-21,85.875038,87.624962,85.124962,85.124962,5148000,9.444159
1997-04-18,88.124962,88.375038,85.75,85.875038,5837600,9.527376
1997-04-17,89.75,89.75,88.00,88.00,2976000,9.763129
1997-04-16,88.25,90.25,87.75,89.75,6193600,9.957282
1997-04-15,86.50,88.624962,86.25,88.50,5065600,9.818601
1997-04-14,83.75,86.875038,83.75,86.124962,3853600,9.555103
1997-04-11,85.75,86.875038,83.624962,83.624962,5778400,9.277742
1997-04-10,85.375038,87.624962,85.00,86.25,2979200,9.568976
1997-04-09,86.124962,86.75,85.124962,85.375038,2001600,9.471903
1997-04-08,85.50,85.75,84.875038,85.624962,4048000,9.499631
1997-04-07,86.375038,86.875038,85.50,85.50,2770400,9.485767
1997-04-04,86.375038,86.875038,85.875038,86.25,4325600,9.568976
1997-04-03,86.124962,87.50,85.375038,86.875038,2911200,9.63832
1997-04-02,85.75,88.25,85.624962,86.124962,3996000,9.555103
1997-04-01,85.375038,86.375038,85.00,86.124962,4267200,9.555103
1997-03-31,87.124962,87.375038,85.375038,85.875038,4142400,9.527376
1997-03-27,90.00,90.00,87.124962,87.375038,5139200,9.693792
1997-03-26,89.75,90.875038,89.50,89.624962,4183200,9.943409
1997-03-25,87.875038,90.25,87.875038,90.00,6358400,9.985018
1997-03-24,88.50,88.875038,87.25,87.75,3477600,9.735392
1997-03-21,88.75,89.00,87.624962,88.25,3769600,9.790865
1997-03-20,87.50,89.375038,86.875038,88.124962,5531200,9.776992
1997-03-19,89.124962,89.624962,87.624962,87.624962,5656800,9.72152
1997-03-18,89.875038,89.875038,89.00,89.375038,3423200,9.915682
1997-03-17,90.25,91.437523,89.75,89.875038,4487200,9.971154
1997-03-14,90.124962,91.75,90.00,90.875038,3247200,10.082099
1997-03-13,92.75,92.75,90.00,90.00,4484000,9.985018
1997-03-12,92.25,93.375038,92.00,92.875038,4988000,10.303988
1997-03-11,92.75,93.124962,91.375038,92.375038,6193600,10.248516
1997-03-10,90.00,91.25,89.624962,91.124962,6529600,10.109826
1997-03-07,86.25,89.875038,86.00,89.875038,6020000,9.971154
1997-03-06,86.75,87.00,85.00,85.875038,5128800,9.527376
1997-03-05,85.25,86.375038,85.25,86.25,5949600,9.568976
1997-03-04,85.00,85.875038,85.00,85.25,5744000,9.458031
1997-03-03,82.50,84.875038,82.25,84.75,4575200,9.402559
1997-02-28,83.00,84.124962,82.875038,83.124962,3640800,9.222269
1997-02-27,83.624962,85.124962,83.375038,83.875038,4732000,9.305486
1997-02-26,85.375038,85.50,83.124962,83.375038,5078400,9.250014
1997-02-25,85.624962,85.624962,84.75,85.50,3292000,9.485767
1997-02-24,84.75,85.875038,84.50,85.75,4192000,9.513503
1997-02-21,85.00,85.375038,84.624962,85.00,1826400,9.430295
1997-02-20,85.375038,85.375038,84.75,84.875038,3769600,9.416431
1997-02-19,85.124962,86.00,84.624962,85.875038,5780000,9.527376
1997-02-18,86.875038,86.875038,84.624962,85.00,6220000,9.430295
1997-02-14,86.00,89.00,86.00,86.50,14624800,9.596712
1997-02-13,82.50,86.75,82.375038,86.00,10122400,9.541239
1997-02-12,79.875038,82.375038,79.875038,82.25,5302400,9.125197
1997-02-11,79.75,80.25,79.624962,80.00,5262400,8.875571
1997-02-10,78.25,79.875038,78.124962,79.624962,7737600,8.833963
1997-02-07,77.875038,78.624962,77.50,78.00,8540000,8.653682
1997-02-06,78.25,78.624962,76.624962,77.375038,7567200,8.584346
1997-02-05,81.50,81.624962,77.25,78.00,30464000,8.653682
1997-02-04,79.75,82.375038,79.75,82.375038,7277600,9.139069
1997-02-03,80.25,80.25,79.50,80.124962,6732800,8.889435
1997-01-31,76.124962,80.25,76.124962,79.00,6013600,8.764627
1997-01-30,74.50,76.25,74.50,76.00,1955200,8.431793
1997-01-29,73.875038,74.624962,73.875038,74.375038,3539200,8.251512
1997-01-28,75.25,75.875038,74.00,74.124962,6650400,8.201579
1997-01-27,75.875038,75.875038,74.624962,74.75,4679200,8.270736
1997-01-24,76.124962,77.124962,75.50,75.875038,4994400,8.395216
1997-01-23,76.624962,77.875038,75.875038,76.00,6428800,8.409043
1997-01-22,75.124962,76.00,74.75,75.875038,5676000,8.395216
1997-01-21,74.124962,76.25,74.124962,74.875038,6942400,8.284571
1997-01-20,75.875038,75.875038,73.624962,74.00,9674400,8.187752
1997-01-17,76.624962,77.25,74.875038,75.624962,6680000,8.367547
1997-01-16,75.624962,76.875038,74.624962,76.124962,9323200,8.422869
1997-01-15,74.375038,76.375038,74.124962,75.375038,6723200,8.339894
1997-01-14,75.124962,76.25,73.00,74.25,15278400,8.215414
1997-01-13,78.00,78.00,74.00,74.875038,9516000,8.284571
1997-01-10,77.124962,78.124962,76.75,77.75,4947200,8.602672
1997-01-09,78.50,78.624962,77.75,77.75,3140800,8.602672
1997-01-08,78.50,78.875038,78.00,78.375038,11314400,8.67183
1997-01-07,79.00,79.00,77.75,78.124962,5527200,8.64416
1997-01-06,80.124962,80.375038,79.00,79.00,4447200,8.740979
1997-01-03,78.75,80.875038,78.624962,80.624962,8049600,8.920773
1997-01-02,79.624962,79.624962,77.50,78.00,7041600,8.630334
1996-12-31,80.624962,81.25,79.75,80.00,3444800,8.851624
1996-12-30,80.124962,82.50,79.875038,81.624962,8296800,9.031419
1996-12-27,79.624962,80.375038,79.624962,80.124962,3656000,8.865451
1996-12-26,80.00,80.124962,79.25,79.624962,4754400,8.810128
1996-12-24,76.75,79.25,76.624962,79.25,5908000,8.76864
1996-12-23,75.124962,76.25,75.124962,76.124962,4521600,8.422869
1996-12-20,76.375038,76.375038,75.00,75.124962,9491200,8.312224
1996-12-19,75.50,76.00,75.375038,75.624962,5510400,8.367547
1996-12-18,75.124962,75.50,74.875038,75.50,6130400,8.35372
1996-12-17,73.25,74.875038,72.875038,74.875038,4630400,8.284571
1996-12-16,72.624962,73.875038,72.00,73.124962,5123200,8.090933
1996-12-13,73.00,73.00,72.124962,72.50,5038400,8.021784
1996-12-12,74.375038,74.50,72.624962,72.624962,4177600,8.035611
1996-12-11,74.875038,75.25,74.00,74.50,5914400,8.243075
1996-12-10,75.375038,76.50,74.875038,75.25,8780800,8.326059
1996-12-09,75.624962,75.624962,74.875038,75.25,7519200,8.326059
1996-12-06,73.50,76.00,73.00,75.624962,14019200,8.367547
1996-12-05,72.50,74.124962,72.375038,74.00,8735200,8.187752
1996-12-04,72.25,72.375038,71.375038,72.25,3838400,7.994123
1996-12-03,72.124962,72.624962,71.875038,72.00,4124800,7.966462
1996-12-02,72.124962,72.124962,71.124962,71.875038,2940000,7.952635
1996-11-29,72.875038,72.875038,72.124962,72.124962,2218400,7.980288
1996-11-27,71.624962,72.375038,71.124962,72.375038,2706400,8.007958
1996-11-26,72.124962,72.25,71.124962,71.375038,7536800,7.897313
1996-11-25,71.25,72.50,71.25,72.25,10523200,7.994123
1996-11-22,69.624962,71.75,69.624962,71.375038,6995200,7.897313
1996-11-21,69.375038,69.624962,69.124962,69.50,2632800,7.689848
1996-11-20,69.50,69.75,69.25,69.50,2120800,7.689848
1996-11-19,69.124962,69.50,69.124962,69.375038,5059200,7.676022
1996-11-18,69.375038,69.624962,69.00,69.375038,1931200,7.676022
1996-11-15,69.875038,69.875038,69.375038,69.624962,3109600,7.703675
1996-11-14,69.25,69.75,69.00,69.624962,5697600,7.703675
1996-11-13,68.624962,69.25,67.875038,69.00,3316800,7.634526
1996-11-12,68.624962,68.75,68.375038,68.50,2060800,7.579203
1996-11-11,68.624962,69.124962,68.50,68.50,5880000,7.579203
1996-11-08,68.25,69.124962,68.25,68.50,11948000,7.579203
1996-11-07,66.75,68.624962,66.624962,68.00,6194400,7.523881
1996-11-06,66.00,66.875038,65.875038,66.624962,9210400,7.371739
1996-11-05,65.75,66.124962,65.50,65.624962,5773600,7.261094
1996-11-04,66.00,66.124962,65.375038,65.624962,4526400,7.261094
1996-11-01,66.875038,66.875038,65.875038,66.124962,3499200,7.316416
1996-10-31,66.75,67.75,66.624962,66.875038,8562400,7.399409
1996-10-30,64.375038,67.124962,64.00,67.00,6886400,7.413235
1996-10-29,62.624962,64.124962,62.124962,63.375038,8870400,7.01215
1996-10-28,63.124962,63.25,62.25,62.375038,7909600,6.901505
1996-10-25,61.00,64.25,61.00,63.124962,11832800,6.98448
1996-10-24,62.375038,62.375038,60.124962,60.124962,6968000,6.652545
1996-10-23,63.124962,63.124962,61.624962,62.25,10160800,6.88767
1996-10-22,64.50,64.50,63.124962,63.25,4461600,6.976186
1996-10-21,64.124962,64.624962,64.00,64.375038,9165600,7.100273
1996-10-18,64.75,64.75,63.875038,64.124962,6364800,7.07269
1996-10-17,65.50,65.624962,64.624962,64.75,8485600,7.141629
1996-10-16,65.75,65.75,64.875038,65.375038,5689600,7.210568
1996-10-15,66.00,66.00,65.624962,65.75,2424800,7.251925
1996-10-14,66.00,66.00,65.375038,66.00,5995200,7.279498
1996-10-11,66.875038,66.875038,65.124962,66.00,14456800,7.279498
1996-10-10,67.624962,67.624962,66.375038,66.875038,8797600,7.376011
1996-10-09,68.25,68.375038,67.50,67.75,9989600,7.472515
1996-10-08,69.624962,69.624962,68.75,69.00,3376800,7.610385
1996-10-07,70.25,70.25,69.50,69.624962,2996800,7.679315
1996-10-04,69.00,70.25,69.00,70.124962,7051200,7.734463
1996-10-03,70.00,70.00,68.875038,69.00,2583200,7.610385
1996-10-02,69.875038,70.124962,69.375038,70.00,3344000,7.72068
1996-10-01,70.124962,70.124962,69.375038,69.75,2820800,7.693106
1996-09-30,70.00,70.875038,70.00,70.375038,3642400,7.762045
1996-09-27,69.00,70.375038,68.75,70.124962,5220000,7.734463
1996-09-26,68.50,68.875038,67.875038,68.75,6842400,7.582811
1996-09-25,67.375038,68.375038,66.25,68.25,5477600,7.527663
1996-09-24,67.624962,68.00,67.25,67.375038,4864000,7.431159
1996-09-23,67.624962,67.75,67.00,67.624962,2959200,7.458724
1996-09-20,67.75,67.875038,67.50,67.624962,5636000,7.458724
1996-09-19,68.50,68.50,67.75,67.875038,2152000,7.486307
1996-09-18,69.624962,69.624962,68.375038,68.624962,1949600,7.56902
1996-09-17,70.50,70.50,69.50,69.624962,5276800,7.679315
1996-09-16,70.25,70.75,70.124962,70.624962,3810400,7.789611
1996-09-13,69.75,70.25,69.50,70.124962,6040800,7.734463
1996-09-12,68.00,69.124962,68.00,68.875038,4811200,7.596602
1996-09-11,67.624962,68.25,67.624962,68.00,2291200,7.500089
1996-09-10,68.124962,68.124962,67.375038,67.75,4292800,7.472515
1996-09-09,66.25,68.375038,66.25,68.00,3801600,7.500089
1996-09-06,66.875038,67.75,65.875038,66.00,5451200,7.279498
1996-09-05,67.00,67.25,66.25,66.624962,4849600,7.348429
1996-09-04,65.00,67.375038,64.624962,67.124962,8536000,7.403577
1996-09-03,65.50,65.624962,64.50,65.00,3529600,7.169203
1996-08-30,66.25,66.25,65.375038,66.124962,3525600,7.293281
1996-08-29,66.875038,66.875038,65.875038,66.375038,3133600,7.320863
1996-08-28,67.375038,67.624962,66.875038,66.875038,2130400,7.376011
1996-08-27,67.00,67.25,66.75,67.124962,3007200,7.403577
1996-08-26,67.124962,67.375038,67.00,67.00,4002400,7.389794
1996-08-23,67.75,67.75,67.124962,67.375038,2373600,7.431159
1996-08-22,67.75,68.00,67.50,67.75,3534400,7.472515
1996-08-21,67.25,67.875038,66.875038,67.875038,6800000,7.486307
1996-08-20,68.624962,68.875038,67.624962,67.75,6085600,7.472515
1996-08-19,68.50,69.50,68.375038,68.75,7370400,7.582811
1996-08-16,66.50,68.75,66.50,68.375038,6472000,7.541454
1996-08-15,65.25,66.624962,65.25,66.25,6890400,7.307072
1996-08-14,65.375038,66.00,64.75,65.124962,3980000,7.182986
1996-08-13,65.00,65.25,64.624962,65.124962,7301600,7.182986
1996-08-12,64.75,65.124962,64.124962,64.624962,5476800,7.127838
1996-08-09,65.50,65.624962,64.50,64.50,6048000,7.114055
1996-08-08,64.50,66.25,64.375038,65.50,13352000,7.224351
1996-08-07,62.375038,65.00,62.375038,64.50,15716800,7.114055
1996-08-06,61.375038,62.25,61.124962,62.124962,11399200,6.852099
1996-08-05,59.50,61.875038,59.50,60.875038,12270400,6.714238
1996-08-02,58.50,59.375038,58.375038,59.375038,9869600,6.548795
1996-08-01,58.124962,58.25,57.624962,58.00,11952000,6.397135
1996-07-31,58.875038,58.875038,57.75,58.124962,10065600,6.410918
1996-07-30,59.875038,59.875038,58.124962,58.75,16950400,6.479857
1996-07-29,60.00,60.25,59.624962,59.75,3714400,6.590152
1996-07-26,60.00,60.25,59.75,60.00,7832800,6.617726
1996-07-25,59.25,59.624962,59.124962,59.25,4398400,6.535004
1996-07-24,59.25,60.375038,58.75,59.25,19815200,6.535004
1996-07-23,60.50,60.50,59.875038,60.25,12000000,6.623241
1996-07-22,61.375038,61.50,60.25,60.624962,12188800,6.66446
1996-07-19,62.124962,62.124962,60.75,61.375038,12437600,6.746915
1996-07-18,61.25,62.50,61.124962,62.124962,13520800,6.829354
1996-07-17,61.50,61.624962,60.75,61.375038,21715200,6.746915
1996-07-16,60.875038,61.375038,59.375038,60.375038,17635200,6.636986
1996-07-15,62.875038,62.875038,60.124962,60.875038,23059200,6.691951
1996-07-12,61.50,62.875038,61.50,62.875038,25843200,6.911809
1996-07-11,58.00,61.50,55.375038,61.124962,51398400,6.719425
1996-07-10,66.50,66.624962,64.75,65.25,10582400,7.172887
1996-07-09,67.624962,67.875038,66.50,66.50,10579200,7.310299
1996-07-08,70.00,70.00,67.375038,67.624962,8169600,7.433965
1996-07-05,71.124962,71.124962,69.875038,69.875038,4200000,7.681315
1996-07-03,72.375038,72.375038,71.375038,71.624962,5480000,7.873683
1996-07-02,73.624962,73.624962,72.375038,72.50,3272000,7.969875
1996-07-01,71.624962,73.875038,71.624962,73.624962,7514400,8.093541
1996-06-28,71.875038,72.124962,71.50,71.50,2800000,7.859946
1996-06-27,71.75,71.75,71.25,71.75,6988000,7.887428
1996-06-26,72.00,72.00,71.375038,71.75,5157600,7.887428
1996-06-25,72.00,72.624962,72.00,72.25,10066400,7.942393
1996-06-24,72.624962,72.624962,71.875038,72.375038,4916000,7.956138
1996-06-21,72.875038,73.00,72.375038,72.624962,6464800,7.983612
1996-06-20,74.00,74.00,72.50,72.875038,11900000,8.011103
1996-06-19,73.50,74.25,73.50,73.875038,13467200,8.121032
1996-06-18,72.624962,73.875038,72.624962,73.624962,10144000,8.093541
1996-06-17,73.375038,73.375038,72.124962,72.875038,8625600,8.011103
1996-06-14,72.875038,73.375038,72.624962,73.25,5595200,8.052322
1996-06-13,72.624962,73.624962,72.50,72.875038,6777600,8.011103
1996-06-12,73.375038,73.75,72.624962,72.624962,5356800,7.983612
1996-06-11,71.624962,73.124962,71.624962,73.00,6620800,8.02484
1996-06-10,71.50,71.624962,70.75,71.50,11958400,7.859946
1996-06-07,73.00,73.124962,71.25,71.875038,8483200,7.901173
1996-06-06,74.00,74.75,74.00,74.00,7030400,8.134769
1996-06-05,73.875038,73.875038,73.624962,73.75,2228800,8.107286
1996-06-04,73.75,74.124962,73.624962,74.00,3531200,8.134769
1996-06-03,73.75,73.875038,73.375038,73.50,4270400,8.079804
1996-05-31,73.375038,74.124962,72.75,73.75,5267200,8.107286
1996-05-30,73.375038,73.75,72.50,73.25,3075200,8.052322
1996-05-29,73.75,74.25,73.375038,73.375038,4255200,8.066067
1996-05-28,74.624962,74.624962,73.875038,74.00,5371200,8.134769
1996-05-24,75.00,75.00,74.50,74.624962,1547200,8.20347
1996-05-23,74.624962,76.25,74.124962,74.875038,5070400,8.230961
1996-05-22,74.25,74.75,73.875038,74.624962,7352800,8.20347
1996-05-21,73.25,74.75,72.875038,73.218719,9268800,8.048883
1996-05-20,71.75,73.375038,71.75,73.00,7068800,8.02484
1996-05-17,70.875038,72.00,70.75,71.624962,4635200,7.873683
1996-05-16,70.875038,71.124962,70.50,70.875038,3436000,7.791244
1996-05-15,71.25,71.875038,71.00,71.124962,7520800,7.818718
1996-05-14,70.25,71.375038,69.875038,71.00,7281600,7.804981
1996-05-13,69.875038,70.50,69.875038,70.124962,8312000,7.708789
1996-05-10,68.124962,69.75,68.00,69.75,5960000,7.667569
1996-05-09,68.00,68.25,67.624962,67.75,4165600,7.447711
1996-05-08,67.00,68.25,66.875038,68.124962,11980000,7.48893
1996-05-07,67.375038,67.75,67.124962,67.124962,5518400,7.379001
1996-05-06,68.375038,68.375038,66.75,67.25,5914400,7.392746
1996-05-03,68.375038,68.50,67.124962,67.875038,10233600,7.461456
1996-05-02,71.00,71.00,68.00,68.50,13185600,7.530158
1996-05-01,71.124962,71.624962,71.00,71.00,11789600,7.804981
1996-04-30,71.25,71.624962,71.124962,71.25,6684800,7.832463
1996-04-29,71.50,71.50,70.875038,71.25,6008800,7.832463
1996-04-26,71.25,71.624962,70.75,71.25,13933600,7.832463
1996-04-25,70.875038,71.124962,70.75,71.124962,9368000,7.818718
1996-04-24,71.50,71.50,70.375038,70.75,8397600,7.777499
1996-04-23,71.25,71.25,70.875038,71.124962,4283200,7.742866
1996-04-22,70.50,71.50,70.00,71.50,11654400,7.783694
1996-04-19,71.00,71.00,69.875038,70.00,3903200,7.6204
1996-04-18,71.124962,71.25,70.375038,70.75,4442400,7.702047
1996-04-17,71.75,71.875038,70.75,71.00,5998400,7.729263
1996-04-16,73.25,73.25,71.875038,72.124962,8358400,7.851729
1996-04-15,72.124962,73.124962,71.875038,73.00,4950400,7.946988
1996-04-12,71.124962,72.50,70.875038,72.25,8504800,7.865341
1996-04-11,70.375038,70.50,68.50,70.50,13337600,7.674831
1996-04-10,71.875038,71.875038,69.375038,70.00,8148800,7.6204
1996-04-09,74.00,74.25,70.624962,71.75,8799200,7.81091
1996-04-08,73.875038,73.875038,72.375038,73.624962,8301600,8.015024
1996-04-04,73.00,75.124962,73.00,75.124962,20368000,8.178318
1996-04-03,72.00,73.00,71.75,72.875038,8618400,7.933385
1996-04-02,72.375038,73.124962,71.875038,72.00,24025600,7.838126
1996-04-01,75.00,75.50,70.00,72.00,45405600,7.838126
1996-03-29,76.875038,76.875038,75.50,75.50,3705600,8.219146
1996-03-28,76.25,77.25,76.00,76.75,2782400,8.355224
1996-03-27,75.875038,76.624962,75.624962,76.124962,2931200,8.287181
1996-03-26,75.875038,76.124962,75.124962,75.75,1589600,8.246361
1996-03-25,76.00,76.375038,75.75,76.25,1692800,8.300793
1996-03-22,76.00,76.25,75.375038,76.124962,1116800,8.287181
1996-03-21,76.25,76.50,75.75,75.875038,1112000,8.259973
1996-03-20,76.124962,76.75,76.124962,76.375038,2549600,8.314405
1996-03-19,76.00,76.375038,75.875038,76.124962,7637600,8.287181
1996-03-18,75.50,76.50,75.124962,76.25,3714400,8.300793
1996-03-15,74.875038,75.375038,74.25,75.375038,2018400,8.205542
1996-03-14,75.624962,75.624962,74.75,75.00,1960000,8.164714
1996-03-13,75.50,76.25,74.875038,75.75,2965600,8.246361
1996-03-12,74.875038,75.624962,74.00,75.25,5069600,8.19193
1996-03-11,75.50,75.75,74.124962,75.124962,4280800,8.178318
1996-03-08,77.25,78.00,75.50,75.624962,3904000,8.232749
1996-03-07,78.25,78.75,77.75,78.50,3365600,8.545734
1996-03-06,76.25,78.624962,76.00,78.50,5380000,8.545734
1996-03-05,75.75,76.624962,75.312477,76.375038,2402400,8.314405
1996-03-04,75.50,76.875038,75.124962,76.25,2059200,8.300793
1996-03-01,75.75,76.00,74.50,75.25,7613600,8.19193
1996-02-29,71.624962,75.75,71.624962,75.624962,12560000,8.232749
1996-02-28,71.75,72.375038,71.50,71.50,4319200,7.783694
1996-02-27,72.00,72.124962,70.624962,71.50,2902400,7.783694
1996-02-26,72.124962,72.25,71.624962,71.75,3460000,7.81091
1996-02-23,72.00,72.50,71.375038,71.875038,3933600,7.824522
1996-02-22,71.50,72.50,71.50,72.00,5034400,7.838126
1996-02-21,71.00,72.25,70.624962,71.25,5599200,7.756478
1996-02-20,72.25,72.375038,70.875038,71.25,4169600,7.756478
1996-02-16,72.875038,73.00,72.375038,72.75,2865600,7.919773
1996-02-15,72.875038,73.875038,72.875038,73.00,2366400,7.946988
1996-02-14,74.25,74.75,72.875038,73.25,3833600,7.974204
1996-02-13,72.624962,74.50,72.624962,74.124962,5067200,8.069455
1996-02-12,72.25,72.624962,71.875038,72.624962,7472800,7.906161
1996-02-09,73.875038,74.124962,72.25,72.75,5361600,7.919773
1996-02-08,74.25,74.624962,74.124962,74.50,5632800,8.110283
1996-02-07,74.50,74.875038,74.00,74.25,4446400,8.083067
1996-02-06,74.50,75.00,74.00,74.75,3278400,8.137498
1996-02-05,74.25,74.50,73.75,74.25,2064800,8.083067
1996-02-02,74.624962,74.624962,74.25,74.50,3318400,8.110283
1996-02-01,74.50,74.50,73.624962,74.25,3670400,8.083067
1996-01-31,74.25,74.75,74.124962,74.50,3634400,8.110283
1996-01-30,74.50,74.75,73.875038,74.50,4292800,8.110283
1996-01-29,73.75,74.624962,73.75,74.50,2009600,8.110283
1996-01-26,73.624962,74.00,73.25,73.875038,2591200,8.042248
1996-01-25,73.375038,73.875038,73.25,73.75,2851200,8.028636
1996-01-24,73.00,74.00,73.00,73.25,4363200,7.974204
1996-01-23,73.875038,73.875038,73.50,73.875038,2976000,7.967132
1996-01-22,73.624962,74.375038,73.124962,73.875038,4363200,7.967132
1996-01-19,72.25,75.375038,72.124962,73.875038,10892800,7.967132
1996-01-18,71.375038,73.00,71.375038,72.25,8592000,7.791878
1996-01-17,71.124962,71.375038,70.75,71.375038,7932800,7.697517
1996-01-16,70.124962,71.50,70.124962,71.375038,8473600,7.697517
1996-01-15,67.624962,70.124962,67.624962,70.124962,3804800,7.562701
1996-01-12,67.25,67.75,66.375038,67.75,2937600,7.306571
1996-01-11,67.624962,68.00,66.875038,67.124962,7700800,7.239163
1996-01-10,69.25,69.50,67.624962,67.624962,4990400,7.293086
1996-01-09,69.75,69.875038,69.25,69.50,1820800,7.495302
1996-01-08,70.00,70.00,69.75,69.875038,1589600,7.535748
1996-01-05,69.75,70.25,69.624962,70.25,5560000,7.576186
1996-01-04,69.75,70.50,69.375038,69.75,7489600,7.522263
1996-01-03,69.75,69.875038,69.25,69.875038,7600000,7.535748
1996-01-02,68.75,70.00,68.375038,69.624962,4380000,7.508778
1995-12-29,70.25,70.25,68.875038,69.25,1973600,7.46834
1995-12-28,70.124962,70.25,69.624962,70.25,1091200,7.576186
1995-12-27,71.624962,71.75,70.124962,70.50,3263200,7.603148
1995-12-26,71.875038,72.00,71.624962,71.875038,850400,7.75144
1995-12-22,71.624962,72.50,71.624962,72.25,3312800,7.791878
1995-12-21,71.75,72.00,71.50,71.624962,2585600,7.72447
1995-12-20,70.50,71.875038,70.50,71.624962,2949600,7.72447
1995-12-19,70.124962,70.50,69.75,70.25,4520000,7.576186
1995-12-18,71.25,71.25,70.124962,70.375038,4184000,7.589671
1995-12-15,70.50,71.50,70.375038,71.375038,10309600,7.697517
1995-12-14,68.50,69.75,68.50,69.75,15772800,7.522263
1995-12-13,70.124962,70.375038,68.00,68.00,9846400,7.333533
1995-12-12,71.624962,71.75,70.124962,70.375038,5205600,7.589671
1995-12-11,71.624962,72.124962,71.624962,71.624962,1138400,7.72447
1995-12-08,71.75,72.50,71.00,71.624962,3413600,7.72447
1995-12-07,71.875038,72.124962,71.50,71.875038,3739200,7.75144
1995-12-06,72.124962,72.624962,71.75,72.25,4704000,7.791878
1995-12-05,72.00,72.75,71.875038,72.00,3263200,7.764917
1995-12-04,73.00,73.50,72.00,72.624962,8532000,7.832316
1995-12-01,73.124962,73.75,72.124962,72.75,4025600,7.845801
1995-11-30,73.00,74.25,71.75,73.375038,11340000,7.913209
1995-11-29,76.25,76.75,70.875038,72.00,21752800,7.764917
1995-11-28,75.25,76.00,74.50,75.875038,5080000,8.182824
1995-11-27,74.375038,75.25,74.00,75.25,5302400,8.115416
1995-11-24,74.50,74.50,74.00,74.25,1798400,8.00757
1995-11-22,74.124962,74.50,73.50,74.375038,1839200,8.021055
1995-11-21,71.75,74.124962,71.75,73.875038,4002400,7.967132
1995-11-20,73.624962,73.624962,72.25,72.25,2896800,7.791878
1995-11-17,74.375038,74.50,73.00,73.375038,3957600,7.913209
1995-11-16,73.875038,74.375038,73.812477,74.375038,3333600,8.021055
1995-11-15,74.124962,74.25,73.00,73.75,3699200,7.953647
1995-11-14,74.75,74.875038,73.624962,73.875038,3079200,7.967132
1995-11-13,75.00,75.624962,74.624962,74.875038,9447200,8.074978
1995-11-10,75.00,75.00,74.124962,74.25,5304800,8.00757
1995-11-09,75.50,75.50,74.50,75.124962,3557600,8.101932
1995-11-08,75.624962,76.25,75.25,75.50,5470400,8.142378
1995-11-07,75.00,76.124962,73.624962,75.25,9358400,8.115416
1995-11-06,74.00,75.50,74.00,75.50,7980000,8.142378
1995-11-03,72.00,73.624962,71.75,73.624962,6460800,7.940163
1995-11-02,71.25,72.00,71.25,72.00,4608800,7.764917
1995-11-01,70.50,71.124962,70.375038,71.124962,4380000,7.670547
1995-10-31,70.25,70.50,70.00,70.375038,2920800,7.589671
1995-10-30,69.50,70.25,69.50,70.25,6176000,7.576186
1995-10-27,69.75,70.00,68.25,69.124962,5451200,7.454855
1995-10-26,68.75,69.124962,66.50,67.875038,3984800,7.320056
1995-10-25,69.00,69.00,67.00,69.00,10136800,7.441379
1995-10-24,71.624962,71.75,69.875038,70.124962,2517600,7.488288
1995-10-23,71.75,71.75,71.25,71.50,2610400,7.635121
1995-10-20,72.375038,72.50,71.50,71.875038,2709600,7.675169
1995-10-19,72.50,72.50,72.00,72.124962,2162400,7.701858
1995-10-18,72.624962,72.75,72.124962,72.50,2952000,7.741906
1995-10-17,72.00,72.75,71.875038,72.624962,3179200,7.75525
1995-10-16,72.25,72.375038,71.875038,72.25,3680800,7.71521
1995-10-13,71.00,72.50,71.00,71.75,8501600,7.661817
1995-10-12,71.00,71.00,70.75,70.75,3527200,7.555032
1995-10-11,70.875038,71.124962,70.75,71.00,4283200,7.581729
1995-10-10,70.75,71.25,70.624962,70.875038,1864800,7.568385
1995-10-09,72.124962,72.124962,71.25,71.50,1493600,7.635121
1995-10-06,72.25,72.375038,71.624962,72.375038,2088800,7.728562
1995-10-05,71.375038,72.25,71.375038,72.00,1827200,7.688514
1995-10-04,71.25,71.75,71.124962,71.375038,5184000,7.621777
1995-10-03,71.25,71.875038,70.00,71.50,8256800,7.635121
1995-10-02,73.50,73.75,71.25,71.375038,4522400,7.621777
1995-09-29,74.375038,74.375038,73.25,73.375038,3826400,7.835347
1995-09-28,74.50,75.50,74.124962,74.375038,8567200,7.942132
1995-09-27,70.25,72.124962,69.50,72.00,7309600,7.688514
1995-09-26,70.50,70.624962,69.875038,70.25,4532000,7.50164
1995-09-25,69.624962,70.624962,69.50,70.624962,4150400,7.54168
1995-09-22,69.375038,69.624962,68.75,69.624962,2622400,7.434895
1995-09-21,69.75,69.75,69.124962,69.624962,4041600,7.434895
1995-09-20,70.25,70.375038,69.75,69.875038,3120000,7.4616
1995-09-19,70.124962,70.375038,69.50,70.375038,3391200,7.514992
1995-09-18,70.624962,70.624962,69.875038,70.25,3868000,7.50164
1995-09-15,71.124962,71.124962,70.50,70.50,3692800,7.528336
1995-09-14,71.50,71.50,70.124962,71.00,3048000,7.581729
1995-09-13,70.00,71.624962,69.875038,71.50,4168000,7.635121
1995-09-12,70.00,70.124962,69.624962,70.124962,4172800,7.488288
1995-09-11,70.25,70.25,69.875038,70.00,2152000,7.474944
1995-09-08,70.124962,70.375038,70.00,70.124962,6572000,7.488288
1995-09-07,70.25,70.75,70.124962,70.375038,5248800,7.514992
1995-09-06,69.624962,71.375038,69.375038,70.624962,8290400,7.54168
1995-09-05,69.375038,69.875038,68.875038,69.875038,7064800,7.4616
1995-09-01,68.00,69.50,67.75,69.375038,5468000,7.408207
1995-08-31,67.00,68.25,66.50,68.25,5854400,7.28807
1995-08-30,65.624962,67.00,65.375038,67.00,7828000,7.154589
1995-08-29,64.50,65.624962,64.25,65.624962,2894400,7.007756
1995-08-28,63.75,64.50,63.75,64.25,2325600,6.86093
1995-08-25,63.00,63.624962,62.875038,63.50,3296000,6.780842
1995-08-24,62.25,62.875038,61.75,62.624962,1818400,6.687401
1995-08-23,62.75,63.00,62.375038,62.375038,2104800,6.660713
1995-08-22,62.50,62.75,62.375038,62.624962,762400,6.687401
1995-08-21,62.75,63.124962,62.50,62.624962,724000,6.687401
1995-08-18,62.00,62.50,61.75,62.50,1232000,6.674057
1995-08-17,62.25,62.25,61.75,61.75,1479200,6.593968
1995-08-16,62.124962,62.25,61.75,62.124962,2192800,6.634008
1995-08-15,62.25,62.25,61.624962,62.25,2096000,6.647361
1995-08-14,62.124962,62.375038,62.00,62.00,2305600,6.620664
1995-08-11,63.00,63.00,62.375038,62.624962,4348000,6.687401
1995-08-10,62.624962,63.375038,62.375038,62.875038,2587200,6.714105
1995-08-09,63.875038,63.875038,62.50,62.624962,1145600,6.687401
1995-08-08,64.50,64.875038,63.50,63.75,2532800,6.807538
1995-08-07,63.25,64.624962,63.25,64.375038,2868800,6.874283
1995-08-04,62.75,63.00,62.50,62.875038,8338400,6.714105
1995-08-03,63.00,63.124962,62.50,62.75,1781600,6.700753
1995-08-02,62.375038,63.624962,62.25,63.25,6914400,6.754146
1995-08-01,62.375038,62.375038,61.375038,61.624962,2037600,6.580616
1995-07-31,62.50,62.624962,61.50,61.875038,1816800,6.60732
1995-07-28,62.25,62.75,61.875038,62.375038,4941600,6.660713
1995-07-27,61.624962,62.25,61.375038,61.375038,5295200,6.553928
1995-07-26,61.875038,61.875038,61.375038,61.624962,3260000,6.580616
1995-07-25,60.50,61.75,60.50,61.75,4516000,6.520287
1995-07-24,60.25,61.124962,60.25,60.624962,2404800,6.401492
1995-07-21,60.50,61.624962,60.25,60.624962,3146400,6.401492
1995-07-20,61.124962,61.124962,60.25,60.375038,1918400,6.375102
1995-07-19,62.624962,62.624962,60.375038,61.375038,2492800,6.480694
1995-07-18,63.75,63.875038,62.375038,62.375038,2260800,6.586285
1995-07-17,62.75,63.75,61.875038,63.375038,1759200,6.691877
1995-07-14,63.00,63.124962,62.50,62.75,3511200,6.625878
1995-07-13,64.25,64.375038,62.624962,63.00,2831200,6.652276
1995-07-12,64.875038,64.875038,63.75,64.25,2948000,6.784266
1995-07-11,63.875038,64.375038,63.624962,64.25,3412000,6.784266
1995-07-10,64.00,64.25,63.75,64.00,1916000,6.757868
1995-07-07,63.50,64.50,63.25,64.25,3132800,6.784266
1995-07-06,62.25,63.624962,62.25,63.624962,2812000,6.718267
1995-07-05,62.50,63.124962,62.25,62.375038,1515200,6.586285
1995-07-03,62.875038,63.00,62.50,62.75,481600,6.625878
1995-06-30,62.375038,63.50,62.124962,62.875038,2863200,6.639081
1995-06-29,63.124962,63.25,62.25,62.624962,2222400,6.612675
1995-06-28,61.375038,63.375038,61.375038,63.375038,4356000,6.691877
1995-06-27,62.25,62.25,61.50,61.50,2727200,6.493889
1995-06-26,63.375038,63.375038,62.00,62.00,1619200,6.546684
1995-06-23,64.00,64.00,63.25,63.375038,2528000,6.691877
1995-06-22,63.50,64.25,63.375038,64.25,4640000,6.784266
1995-06-21,62.25,63.50,62.00,63.50,5835200,6.705072
1995-06-20,62.25,62.25,61.375038,62.00,3854400,6.546684
1995-06-19,61.875038,62.375038,61.875038,62.124962,3282400,6.559879
1995-06-16,62.124962,62.124962,61.75,61.875038,3299200,6.53349
1995-06-15,62.00,62.624962,62.00,62.00,3468800,6.546684
1995-06-14,61.75,62.124962,61.624962,62.00,3854400,6.546684
1995-06-13,60.875038,61.875038,60.875038,61.75,4394400,6.520287
1995-06-12,60.75,60.875038,60.624962,60.624962,1351200,6.401492
1995-06-09,61.50,61.624962,60.124962,60.50,3209600,6.388297
1995-06-08,60.50,62.00,60.50,61.75,10437600,6.520287
1995-06-07,60.00,60.124962,59.75,59.875038,2003200,6.322306
1995-06-06,59.875038,60.124962,59.624962,60.124962,3647200,6.348696
1995-06-05,60.124962,60.25,59.75,60.00,5064000,6.335501
1995-06-02,59.624962,60.124962,59.25,59.875038,5803200,6.322306
1995-06-01,59.875038,59.875038,59.25,59.624962,2562400,6.2959
1995-05-31,58.875038,59.624962,58.75,59.624962,3269600,6.2959
1995-05-30,59.00,59.124962,58.375038,58.624962,1588800,6.190308
1995-05-26,59.624962,59.624962,58.875038,59.00,1968000,6.229909
1995-05-25,60.375038,60.624962,59.624962,59.624962,6024000,6.2959
1995-05-24,60.00,60.75,59.875038,60.50,2373600,6.388297
1995-05-23,59.875038,60.124962,59.624962,59.875038,2956800,6.322306
1995-05-22,59.124962,59.875038,59.00,59.75,1755200,6.309103
1995-05-19,59.124962,59.375038,58.75,59.124962,2213600,6.243104
1995-05-18,59.624962,59.624962,59.00,59.124962,2743200,6.243104
1995-05-17,59.50,60.124962,59.375038,59.875038,5407200,6.322306
1995-05-16,60.25,60.25,59.375038,59.50,2430400,6.282705
1995-05-15,59.75,60.25,59.75,60.25,1257600,6.361899
1995-05-12,59.875038,59.875038,59.75,59.875038,3346400,6.322306
1995-05-11,59.624962,60.124962,59.624962,59.75,2401600,6.309103
1995-05-10,59.25,59.75,59.25,59.375038,2267200,6.26951
1995-05-09,59.75,59.875038,59.25,59.375038,2384800,6.26951
1995-05-08,58.75,60.25,58.75,59.75,5617600,6.309103
1995-05-05,58.375038,58.875038,58.00,58.624962,2920800,6.190308
1995-05-04,57.624962,58.25,57.375038,58.00,2296000,6.124318
1995-05-03,56.624962,57.25,56.624962,57.25,2348800,6.045124
1995-05-02,56.875038,57.00,56.375038,56.50,1327200,5.96593
1995-05-01,56.75,57.50,56.624962,56.875038,2668800,6.005531
1995-04-28,57.875038,58.124962,56.75,57.00,2839200,6.018726
1995-04-27,57.75,58.00,57.124962,57.375038,3421600,6.058327
1995-04-26,57.124962,58.00,57.124962,57.875038,2196000,6.111123
1995-04-25,57.25,57.25,56.624962,57.25,4004800,6.045124
1995-04-24,56.124962,57.25,56.124962,57.124962,8437600,6.031921
1995-04-21,55.25,57.124962,55.25,56.75,7104000,5.91947
1995-04-20,56.875038,56.875038,54.00,54.50,12200800,5.684777
1995-04-19,57.624962,57.875038,56.624962,56.875038,6043200,5.932512
1995-04-18,57.75,58.25,57.50,57.624962,3511200,6.010735
1995-04-17,58.25,58.375038,57.50,57.75,2430400,6.023778
1995-04-13,58.875038,58.875038,58.25,58.25,1276000,6.075932
1995-04-12,58.50,58.875038,58.25,58.75,2666400,6.128085
1995-04-11,58.875038,59.00,58.50,58.50,3083200,6.102009
1995-04-10,58.25,59.00,58.25,58.875038,2301600,6.141128
1995-04-07,58.624962,58.75,58.375038,58.50,2854400,6.102009
1995-04-06,58.75,59.00,58.624962,58.624962,2444000,6.115043
1995-04-05,58.624962,58.875038,58.50,58.75,4296000,6.128085
1995-04-04,58.375038,58.875038,58.375038,58.624962,2893600,6.115043
1995-04-03,56.875038,58.124962,56.875038,58.124962,3943200,6.062889
1995-03-31,56.875038,57.00,56.624962,57.00,2868800,5.945547
1995-03-30,57.124962,57.124962,56.75,56.875038,1860800,5.932512
1995-03-29,56.50,57.25,56.50,56.875038,3101600,5.932512
1995-03-28,56.25,57.124962,56.124962,57.00,1560800,5.945547
1995-03-27,56.00,56.25,55.875038,56.25,1480800,5.867316
1995-03-24,55.875038,56.25,55.875038,56.00,4998400,5.841239
1995-03-23,55.875038,56.124962,55.50,55.75,3731200,5.815162
1995-03-22,55.124962,56.124962,55.00,56.00,3444000,5.841239
1995-03-21,55.25,55.875038,54.875038,55.25,2620000,5.763008
1995-03-20,56.124962,56.25,55.375038,55.50,3100000,5.789085
1995-03-17,56.375038,56.375038,56.00,56.25,3450400,5.867316
1995-03-16,55.875038,56.50,55.75,56.25,2683200,5.867316
1995-03-15,55.875038,56.124962,55.75,55.75,5095200,5.815162
1995-03-14,55.124962,55.875038,55.00,55.75,2358400,5.815162
1995-03-13,55.124962,55.25,54.875038,54.875038,1066400,5.723897
1995-03-10,53.875038,55.25,53.75,55.00,3008000,5.736931
1995-03-09,53.75,53.875038,53.375038,53.624962,1843200,5.593504
1995-03-08,53.25,54.00,53.25,53.75,1236000,5.606546
1995-03-07,54.375038,54.375038,53.124962,53.124962,1998400,5.54135
1995-03-06,54.124962,54.25,53.375038,54.25,2869600,5.6587
1995-03-03,54.75,56.00,54.124962,54.25,6685600,5.6587
1995-03-02,54.25,54.875038,54.00,54.75,5762400,5.710854
1995-03-01,53.50,54.25,53.50,54.00,4171200,5.632623
1995-02-28,53.25,53.75,53.25,53.75,2226400,5.606546
1995-02-27,53.375038,53.50,53.25,53.25,2020000,5.554392
1995-02-24,53.124962,53.75,53.124962,53.50,4259200,5.580469
1995-02-23,53.00,53.375038,52.875038,53.124962,2115200,5.54135
1995-02-22,52.00,53.624962,51.875038,53.124962,5111200,5.54135
1995-02-21,51.875038,52.25,51.875038,52.00,2200800,5.424008
1995-02-17,51.875038,52.124962,51.875038,51.875038,2535200,5.410973
1995-02-16,51.50,52.00,51.375038,52.00,2082400,5.424008
1995-02-15,51.875038,52.00,51.00,51.75,3581600,5.397931
1995-02-14,53.25,53.50,52.25,52.375038,2372800,5.463127
1995-02-13,53.124962,53.124962,53.00,53.124962,1512000,5.54135
1995-02-10,53.00,53.375038,52.875038,53.124962,2976800,5.54135
1995-02-09,52.875038,53.124962,52.875038,53.00,3015200,5.528315
1995-02-08,52.50,53.124962,52.375038,53.00,6484800,5.528315
1995-02-07,51.875038,52.75,51.875038,52.50,5977600,5.476161
1995-02-06,50.75,51.875038,50.75,51.75,4976800,5.397931
1995-02-03,49.875038,50.75,49.624962,50.50,5562400,5.267546
1995-02-02,49.124962,49.25,48.875038,49.25,926400,5.137161
1995-02-01,49.624962,49.624962,49.00,49.00,1806400,5.111084
1995-01-31,49.50,49.75,49.124962,49.50,1262400,5.163238
1995-01-30,49.50,49.75,49.375038,49.375038,1164000,5.150203
1995-01-27,49.124962,49.624962,49.00,49.50,1152000,5.163238
1995-01-26,49.00,49.00,48.375038,48.875038,978400,5.09805
1995-01-25,48.00,49.25,48.00,49.124962,3328800,5.124119
1995-01-24,48.75,48.875038,48.25,48.25,1487200,5.032853
1995-01-23,48.875038,48.875038,48.25,48.75,2220800,5.085007
1995-01-20,50.25,50.25,49.75,49.75,1841600,5.117342
1995-01-19,50.75,50.875038,50.25,50.375038,2862400,5.181634
1995-01-18,50.50,50.875038,50.25,50.875038,1532000,5.233065
1995-01-17,50.25,50.50,50.124962,50.50,1333600,5.194488
1995-01-16,49.75,50.50,49.75,50.50,3895200,5.194488
1995-01-13,50.00,50.375038,49.624962,49.75,5905600,5.117342
1995-01-12,48.375038,49.875038,48.25,49.75,3744000,5.117342
1995-01-11,48.25,48.50,47.875038,48.25,2412800,4.963051
1995-01-10,47.624962,48.50,47.50,48.25,2014400,4.963051
1995-01-09,47.124962,47.50,47.00,47.375038,1217600,4.873051
1995-01-06,46.875038,47.25,46.75,47.25,656000,4.860189
1995-01-05,47.25,47.375038,46.875038,46.875038,995200,4.82162
1995-01-04,47.124962,47.50,46.875038,47.25,1413600,4.860189
1995-01-03,47.25,47.25,46.875038,47.25,1978400,4.860189
1994-12-30,47.25,47.50,47.00,47.124962,1036000,4.847328
1994-12-29,47.00,47.375038,46.875038,47.25,1276800,4.860189
1994-12-28,47.375038,47.375038,46.875038,47.00,1162400,4.834474
1994-12-27,47.124962,47.375038,47.00,47.375038,842400,4.873051
1994-12-23,46.875038,47.25,46.875038,47.25,1177600,4.860189
1994-12-22,46.50,47.124962,46.375038,47.00,3575200,4.834474
1994-12-21,46.50,47.875038,46.50,46.75,3953600,4.808759
1994-12-20,45.75,46.875038,45.50,46.50,1317600,4.783044
1994-12-19,45.50,46.00,45.50,45.75,1426400,4.705898
1994-12-16,46.00,46.00,45.624962,45.624962,2826400,4.693036
1994-12-15,45.75,46.25,45.624962,45.75,1256800,4.705898
1994-12-14,45.25,45.875038,45.124962,45.624962,1835200,4.693036
1994-12-13,45.375038,45.624962,45.375038,45.375038,1664800,4.667329
1994-12-12,45.124962,45.375038,44.75,45.25,2258400,4.654467
1994-12-09,44.75,45.25,44.624962,45.00,1241600,4.628752
1994-12-08,44.75,45.00,44.75,44.75,1692800,4.603037
1994-12-07,44.50,45.124962,44.50,44.875038,1822400,4.615898
1994-12-06,44.875038,45.00,44.50,44.624962,1237600,4.590175
1994-12-05,45.00,45.25,44.875038,45.00,901600,4.628752
1994-12-02,44.75,44.875038,44.50,44.875038,1318400,4.615898
1994-12-01,44.50,44.75,44.50,44.75,1246400,4.603037
1994-11-30,44.124962,45.00,44.124962,44.75,2709600,4.603037
1994-11-29,44.124962,44.25,43.875038,44.124962,1217600,4.538744
1994-11-28,43.75,44.00,43.50,43.75,1084800,4.500175
1994-11-25,43.375038,43.75,43.25,43.50,961600,4.47446
1994-11-23,42.875038,43.624962,42.25,43.25,2454400,4.448745
1994-11-22,43.875038,44.25,43.124962,43.25,2829600,4.448745
1994-11-21,45.875038,46.00,44.00,44.25,1714400,4.551606
1994-11-18,45.624962,45.75,45.375038,45.624962,2500000,4.693036
1994-11-17,45.375038,45.875038,45.375038,45.624962,4108800,4.693036
1994-11-16,46.875038,46.875038,45.624962,45.624962,2272800,4.693036
1994-11-15,47.25,47.50,46.75,46.875038,2774400,4.82162
1994-11-14,46.875038,47.00,46.75,47.00,981600,4.834474
1994-11-11,46.875038,47.00,46.75,46.875038,795200,4.82162
1994-11-10,47.124962,47.375038,46.875038,46.875038,996000,4.82162
1994-11-09,47.25,47.875038,46.875038,47.00,1849600,4.834474
1994-11-08,46.875038,47.25,46.75,47.00,1056000,4.834474
1994-11-07,46.875038,47.00,46.75,46.875038,1805600,4.82162
1994-11-04,47.375038,47.50,46.875038,46.875038,1569600,4.82162
1994-11-03,46.875038,47.375038,46.875038,47.25,959200,4.860189
1994-11-02,46.375038,47.375038,46.375038,46.75,4431200,4.808759
1994-11-01,46.00,46.875038,45.75,46.50,5493600,4.783044
1994-10-31,46.25,46.25,45.75,46.124962,4337600,4.744467
1994-10-28,44.624962,46.50,44.00,46.50,15270400,4.783044
1994-10-27,44.875038,45.375038,44.75,45.25,1764800,4.654467
1994-10-26,45.124962,45.124962,44.75,45.124962,1084000,4.641606
1994-10-25,44.875038,45.375038,44.75,45.25,1011200,4.654467
1994-10-24,45.75,45.75,45.00,45.25,1116000,4.654467
1994-10-21,46.25,46.50,46.00,46.375038,1477600,4.699216
1994-10-20,47.75,47.75,46.25,46.25,1217600,4.686545
1994-10-19,47.875038,48.124962,47.375038,47.875038,1530400,4.851212
1994-10-18,47.624962,48.124962,47.50,47.75,2318400,4.838542
1994-10-17,46.624962,47.875038,46.50,47.875038,2868800,4.851212
1994-10-14,47.00,47.00,46.25,46.50,1022400,4.711878
1994-10-13,47.50,47.50,46.875038,46.875038,1107200,4.749881
1994-10-12,47.875038,48.00,47.124962,47.124962,807200,4.775206
1994-10-11,48.00,48.375038,47.75,48.00,2889600,4.863874
1994-10-10,47.124962,47.75,47.124962,47.75,1686400,4.838542
1994-10-07,47.124962,47.50,47.00,47.00,2204800,4.762543
1994-10-06,46.25,46.875038,46.25,46.75,1961600,4.737211
1994-10-05,46.124962,46.50,46.00,46.25,1821600,4.686545
1994-10-04,46.50,46.75,46.124962,46.25,1528800,4.686545
1994-10-03,46.25,46.375038,45.75,46.375038,3185600,4.699216
1994-09-30,46.875038,47.50,46.375038,46.375038,3707200,4.699216
1994-09-29,46.375038,47.25,45.624962,47.00,5118400,4.762543
1994-09-28,46.375038,46.75,46.25,46.375038,4909600,4.699216
1994-09-27,46.50,46.875038,46.375038,46.375038,1753600,4.699216
1994-09-26,45.50,46.375038,45.50,46.25,5420000,4.686545
1994-09-23,45.375038,45.875038,45.25,45.375038,2325600,4.597885
1994-09-22,45.50,45.50,44.624962,45.124962,3561600,4.572545
1994-09-21,46.375038,46.375038,44.875038,45.375038,2857600,4.597885
1994-09-20,48.00,48.00,46.00,46.00,4740000,4.661213
1994-09-19,48.75,49.124962,48.124962,48.124962,2547200,4.876537
1994-09-16,48.375038,48.875038,48.25,48.624962,4001600,4.927202
1994-09-15,48.375038,48.75,48.375038,48.624962,1272000,4.927202
1994-09-14,48.375038,48.50,48.124962,48.375038,1839200,4.901877
1994-09-13,48.375038,48.624962,48.124962,48.375038,10539200,4.901877
1994-09-12,48.124962,48.50,47.75,48.124962,5976000,4.876537
1994-09-09,48.624962,48.624962,48.124962,48.124962,3337600,4.876537
1994-09-08,49.25,49.375038,48.875038,48.875038,3171200,4.952542
1994-09-07,49.375038,49.75,49.124962,49.124962,2262400,4.977867
1994-09-06,50.25,50.25,49.00,49.25,2056800,4.990538
1994-09-02,50.00,50.375038,49.624962,49.75,897600,5.041203
1994-09-01,49.25,50.124962,49.00,50.124962,2053600,5.079198
1994-08-31,50.25,50.25,49.124962,49.375038,2188000,5.003208
1994-08-30,50.624962,50.624962,50.00,50.25,928800,5.091868
1994-08-29,51.75,51.875038,50.375038,50.50,2956000,5.117201
1994-08-26,50.875038,52.50,50.875038,51.50,1788800,5.218532
1994-08-25,51.00,51.00,50.50,51.00,1052800,5.167866
1994-08-24,50.50,51.00,50.25,51.00,1435200,5.167866
1994-08-23,49.875038,50.375038,49.75,50.124962,1128800,5.079198
1994-08-22,49.75,49.75,49.375038,49.624962,646400,5.028533
1994-08-19,51.00,51.00,49.624962,49.624962,1236000,5.028533
1994-08-18,50.624962,51.124962,50.624962,50.875038,2300000,5.155204
1994-08-17,50.50,50.75,50.50,50.624962,1732800,5.129863
1994-08-16,49.875038,50.50,49.624962,50.25,1944000,5.091868
1994-08-15,49.375038,49.875038,49.375038,49.624962,1186400,5.028533
1994-08-12,49.124962,49.624962,49.124962,49.50,1485600,5.01587
1994-08-11,49.875038,50.00,48.875038,49.00,2332000,4.965205
1994-08-10,50.00,50.00,49.375038,49.875038,941600,5.053873
1994-08-09,50.50,50.50,49.624962,50.00,1358400,5.066536
1994-08-08,50.25,50.624962,50.124962,50.375038,1232000,5.104539
1994-08-05,49.75,50.00,49.375038,50.00,2647200,5.066536
1994-08-04,50.75,50.875038,50.00,50.00,4244800,5.066536
1994-08-03,50.75,51.00,50.124962,50.624962,5143200,5.129863
1994-08-02,51.00,51.00,49.75,50.75,5952000,5.142534
1994-08-01,51.624962,52.124962,50.50,51.124962,4472000,5.180529
1994-07-29,55.75,55.75,51.50,51.75,14260800,5.243864
1994-07-28,56.124962,56.50,55.75,55.875038,1342400,5.661857
1994-07-27,56.25,56.25,55.50,56.124962,554400,5.687182
1994-07-26,56.50,56.50,56.25,56.25,1035200,5.699853
1994-07-25,56.50,56.624962,56.25,56.375038,694400,5.712523
1994-07-22,56.25,57.25,56.25,57.00,1640000,5.705932
1994-07-21,56.00,56.375038,55.624962,56.124962,1148000,5.618338
1994-07-20,56.25,56.25,55.875038,56.00,961600,5.605828
1994-07-19,57.25,57.25,56.00,56.124962,1121600,5.618338
1994-07-18,57.624962,57.624962,56.875038,57.00,464000,5.705932
1994-07-15,57.00,58.00,57.00,57.50,2197600,5.755985
1994-07-14,55.25,57.00,55.25,57.00,2862400,5.705932
1994-07-13,53.624962,55.25,53.624962,55.25,1678400,5.53075
1994-07-12,54.875038,54.875038,53.375038,53.50,1816800,5.355568
1994-07-11,56.00,56.00,55.124962,55.124962,483200,5.518234
1994-07-08,55.875038,55.875038,55.375038,55.75,482400,5.580802
1994-07-07,55.50,55.875038,55.50,55.875038,1456000,5.593319
1994-07-06,55.624962,55.624962,55.375038,55.624962,1938400,5.568286
1994-07-05,55.875038,55.875038,55.50,55.624962,633600,5.568286
1994-07-01,55.875038,55.875038,55.50,55.875038,1126400,5.593319
1994-06-30,56.25,56.25,55.624962,55.875038,1280800,5.593319
1994-06-29,56.25,56.50,56.00,56.124962,1246400,5.618338
1994-06-28,56.875038,56.875038,55.50,56.124962,2525600,5.618338
1994-06-27,57.00,57.00,56.00,56.875038,1532800,5.693423
1994-06-24,57.00,57.25,56.375038,56.75,1772000,5.680906
1994-06-23,56.375038,57.875038,56.375038,57.124962,1948000,5.718442
1994-06-22,56.375038,56.75,55.875038,56.624962,2076000,5.66839
1994-06-21,56.75,56.75,56.00,56.00,3257600,5.605828
1994-06-20,57.50,57.50,56.875038,57.00,2840800,5.705932
1994-06-17,57.25,58.25,57.124962,57.50,3180800,5.755985
1994-06-16,56.124962,57.00,56.124962,56.75,1060000,5.680906
1994-06-15,55.75,56.375038,55.75,56.25,2715200,5.630854
1994-06-14,55.375038,55.75,55.124962,55.50,2402400,5.555776
1994-06-13,56.00,56.124962,55.375038,55.624962,1489600,5.568286
1994-06-10,56.25,56.50,56.00,56.25,788000,5.630854
1994-06-09,56.75,56.875038,56.375038,56.50,1619200,5.65588
1994-06-08,57.624962,57.75,56.50,56.875038,1473600,5.693423
1994-06-07,57.624962,58.124962,57.375038,57.624962,2257600,5.768494
1994-06-06,57.375038,58.00,57.375038,57.875038,2660800,5.793527
1994-06-03,56.75,58.124962,56.75,57.624962,2390400,5.768494
1994-06-02,56.00,57.00,56.00,56.75,1944800,5.680906
1994-06-01,53.875038,56.00,53.875038,56.00,2077600,5.605828
1994-05-31,53.875038,54.375038,53.624962,54.124962,1188000,5.418129
1994-05-27,54.124962,54.375038,53.75,53.875038,1044000,5.393111
1994-05-26,54.25,54.75,54.124962,54.375038,1431200,5.443163
1994-05-25,54.624962,54.624962,54.124962,54.624962,1364800,5.468181
1994-05-24,54.50,55.00,54.50,54.624962,1032000,5.468181
1994-05-23,55.25,55.25,54.124962,54.25,820000,5.430646
1994-05-20,55.50,55.75,55.124962,55.124962,1336800,5.518234
1994-05-19,56.00,56.00,55.25,55.375038,1240000,5.543267
1994-05-18,54.50,55.624962,54.375038,55.624962,1320000,5.568286
1994-05-17,53.75,54.624962,53.75,54.624962,2293600,5.468181
1994-05-16,53.75,54.124962,53.50,53.75,1611200,5.380594
1994-05-13,53.624962,53.75,53.375038,53.50,2602400,5.355568
1994-05-12,53.25,53.75,53.25,53.75,1356800,5.380594
1994-05-11,54.00,54.124962,53.25,53.25,2763200,5.330542
1994-05-10,53.25,54.124962,53.124962,54.124962,3809600,5.418129
1994-05-09,53.00,53.375038,52.875038,53.124962,1557600,5.318025
1994-05-06,53.375038,53.50,53.00,53.25,1695200,5.330542
1994-05-05,53.124962,54.25,53.124962,53.875038,4562400,5.393111
1994-05-04,53.25,53.25,52.25,52.875038,1539200,5.293007
1994-05-03,52.875038,53.50,52.50,53.50,2064000,5.355568
1994-05-02,52.00,52.25,51.624962,52.124962,3216000,5.217921
1994-04-29,52.25,52.25,51.50,52.00,2046400,5.205412
1994-04-28,53.124962,53.25,51.375038,51.375038,3071200,5.142851
1994-04-26,52.875038,53.50,52.624962,53.50,2225600,5.355568
1994-04-25,52.624962,53.124962,52.624962,52.875038,1893600,5.293007
1994-04-22,52.75,53.25,52.624962,53.25,2236000,5.26147
1994-04-21,52.00,52.624962,51.875038,52.50,1146400,5.187365
1994-04-20,51.875038,52.75,51.75,51.875038,2197600,5.125615
1994-04-19,51.75,52.124962,51.00,51.75,2320000,5.11326
1994-04-18,51.875038,52.124962,51.25,51.624962,2976000,5.100905
1994-04-15,50.875038,52.50,50.875038,51.75,3324800,5.11326
1994-04-14,50.50,51.375038,49.75,50.875038,5744800,5.026808
1994-04-13,51.50,51.50,50.124962,50.75,4596000,5.014453
1994-04-12,53.124962,53.124962,51.75,51.75,3152800,5.11326
1994-04-11,52.124962,53.25,52.00,53.124962,2816800,5.249116
1994-04-08,53.25,53.25,52.124962,52.124962,3860000,5.150309
1994-04-07,52.375038,53.124962,51.75,53.00,4378400,5.236769
1994-04-06,52.25,52.25,51.25,52.124962,2127200,5.150309
1994-04-05,50.25,52.375038,50.25,52.00,4787200,5.137962
1994-04-04,52.875038,52.875038,50.00,50.00,11000000,4.940348
1994-03-31,53.50,53.875038,51.50,53.124962,2208800,5.249116
1994-03-30,54.00,54.375038,52.875038,53.75,1844800,5.310874
1994-03-29,55.00,55.00,54.25,54.375038,1051200,5.372632
1994-03-28,55.50,55.75,54.75,54.875038,2381600,5.422035
1994-03-25,56.00,56.124962,55.00,55.00,1664800,5.434383
1994-03-24,56.375038,56.624962,55.00,55.25,2380000,5.459084
1994-03-23,57.124962,57.25,56.50,56.50,1673600,5.582593
1994-03-22,57.375038,57.375038,56.875038,57.00,830400,5.631996
1994-03-21,57.124962,57.375038,56.75,57.375038,1097600,5.669053
1994-03-18,57.50,57.624962,56.875038,57.50,3404000,5.6814
1994-03-17,57.00,57.624962,57.00,57.50,2440800,5.6814
1994-03-16,56.75,57.375038,56.75,57.25,1736000,5.656698
1994-03-15,57.00,57.624962,56.624962,56.75,2829600,5.607295
1994-03-14,57.50,57.50,56.50,56.624962,1379200,5.59494
1994-03-11,57.75,57.875038,56.50,57.375038,2839200,5.669053
1994-03-10,58.875038,58.875038,57.375038,57.624962,2860000,5.693747
1994-03-09,58.00,59.124962,57.624962,58.624962,1600800,5.792554
1994-03-08,58.875038,58.875038,58.00,58.00,1720800,5.730803
1994-03-07,58.75,59.624962,58.624962,58.75,1554400,5.804909
1994-03-04,59.124962,59.50,58.75,58.75,2623200,5.804909
1994-03-03,59.624962,59.624962,59.124962,59.124962,3108800,5.841957
1994-03-02,60.25,60.375038,59.50,59.50,3502400,5.879014
1994-03-01,60.375038,60.75,60.124962,60.50,3031200,5.977821
1994-02-28,62.25,62.375038,59.875038,60.00,4284000,5.928417
1994-02-25,62.25,62.50,62.00,62.124962,2305600,6.138378
1994-02-24,63.25,63.25,62.00,62.00,4099200,6.126031
1994-02-23,63.624962,63.624962,63.00,63.25,3406400,6.24954
1994-02-22,63.25,63.875038,63.25,63.624962,2210400,6.286589
1994-02-18,63.875038,64.375038,63.124962,63.624962,1752000,6.286589
1994-02-17,65.25,65.50,63.624962,63.875038,2849600,6.311298
1994-02-16,65.50,65.75,64.875038,65.25,3528000,6.447154
1994-02-15,64.875038,65.75,64.624962,65.75,5045600,6.496557
1994-02-14,62.624962,64.50,62.25,64.375038,3709600,6.360701
1994-02-11,61.75,62.75,61.75,62.75,1975200,6.200136
1994-02-10,62.875038,62.875038,61.875038,62.25,1773600,6.150733
1994-02-09,61.75,63.50,61.375038,63.00,2074400,6.224838
1994-02-08,60.875038,62.25,60.75,61.75,2348800,6.101329
1994-02-07,60.624962,61.25,60.624962,60.875038,2309600,6.014877
1994-02-04,61.75,61.875038,61.124962,61.124962,1105600,6.039571
1994-02-03,63.00,63.00,61.75,62.00,1416800,6.126031
1994-02-02,62.50,63.50,62.375038,63.25,2728000,6.24954
1994-02-01,63.00,63.00,62.50,62.50,3092800,6.175435
1994-01-31,61.25,64.25,61.124962,63.375038,8608000,6.261895
1994-01-28,58.124962,59.875038,57.624962,59.875038,2834400,5.91607
1994-01-27,58.124962,58.124962,57.75,58.124962,1330400,5.74315
1994-01-26,58.00,58.50,57.75,58.00,3600800,5.730803
1994-01-25,58.124962,58.124962,57.75,58.00,3616800,5.730803
1994-01-24,58.624962,58.875038,58.00,58.124962,1957600,5.74315
1994-01-21,59.624962,59.875038,59.00,59.375038,3530400,5.79849
1994-01-20,58.50,59.375038,58.124962,59.375038,2355200,5.79849
1994-01-19,57.375038,58.25,57.25,58.25,2229600,5.68862
1994-01-18,57.50,57.75,57.124962,57.25,3074400,5.590961
1994-01-17,56.875038,57.50,56.00,57.375038,2987200,5.603173
1994-01-14,56.00,57.375038,55.875038,56.875038,2335200,5.554343
1994-01-13,56.375038,56.375038,55.25,55.50,1673600,5.420059
1994-01-12,56.375038,56.50,55.875038,56.124962,2173600,5.481092
1994-01-11,55.00,56.124962,54.00,55.875038,5388000,5.456684
1994-01-10,56.375038,56.50,55.25,55.75,5293600,5.444473
1994-01-07,55.75,56.875038,55.75,56.25,5896800,5.493303
1994-01-06,58.375038,58.375038,56.50,56.50,4657600,5.517717
1994-01-05,59.50,59.50,58.624962,58.624962,1287200,5.725239
1994-01-04,59.25,59.624962,59.00,59.375038,1574400,5.79849
1994-01-03,60.124962,60.25,59.25,59.25,722400,5.786279
1993-12-31,60.50,61.00,60.25,60.375038,986400,5.896149
1993-12-30,60.50,60.50,60.124962,60.25,312000,5.883938
1993-12-29,60.25,60.75,59.875038,60.75,1170400,5.932767
1993-12-28,59.375038,60.375038,59.375038,60.25,1154400,5.883938
1993-12-27,58.624962,59.124962,58.375038,58.875038,1041600,5.749661
1993-12-23,58.75,59.124962,58.624962,58.624962,985600,5.725239
1993-12-22,59.75,59.875038,58.875038,59.25,1507200,5.786279
1993-12-21,60.25,60.25,59.375038,59.50,779200,5.810694
1993-12-20,59.875038,60.624962,59.75,60.50,1023200,5.908352
1993-12-17,59.124962,60.00,59.124962,59.875038,1771200,5.847319
1993-12-16,59.624962,59.75,59.25,59.25,506400,5.786279
1993-12-15,60.375038,60.624962,59.375038,59.375038,1228800,5.79849
1993-12-14,60.624962,61.00,60.124962,60.624962,1024000,5.920556
1993-12-13,61.124962,61.25,60.50,60.624962,828800,5.920556
1993-12-10,62.25,62.25,61.00,61.25,2376000,5.981596
1993-12-09,62.124962,62.50,62.00,62.124962,828000,6.067044
1993-12-08,62.25,62.25,61.875038,62.124962,2042400,6.067044
1993-12-07,61.50,61.75,61.25,61.75,908800,6.030426
1993-12-06,61.375038,61.875038,61.25,61.624962,1150400,6.018215
1993-12-03,61.25,61.375038,61.00,61.25,648800,5.981596
1993-12-02,61.124962,61.375038,60.875038,61.124962,780000,5.969385
1993-12-01,61.375038,61.50,60.875038,61.00,778400,5.957182
1993-11-30,61.00,61.75,60.875038,61.124962,1339200,5.969385
1993-11-29,61.124962,61.624962,60.875038,60.875038,855200,5.944978
1993-11-26,60.624962,60.875038,60.624962,60.875038,180000,5.944978
1993-11-24,60.50,60.875038,60.25,60.25,835200,5.883938
1993-11-23,59.50,60.375038,59.25,60.25,556000,5.883938
1993-11-22,59.25,59.25,58.75,59.25,1508000,5.786279
1993-11-19,58.875038,59.25,58.50,59.124962,1536800,5.774068
1993-11-18,60.124962,60.124962,58.375038,58.875038,1235200,5.749661
1993-11-17,61.124962,61.124962,59.624962,59.75,1205600,5.835108
1993-11-16,60.375038,60.875038,60.25,60.875038,719200,5.944978
1993-11-15,60.00,60.25,59.375038,60.00,1672000,5.859523
1993-11-12,59.50,60.375038,59.50,59.75,1868800,5.835108
1993-11-11,61.75,61.75,59.75,59.875038,1158400,5.847319
1993-11-10,62.00,62.124962,61.375038,62.00,1194400,6.05484
1993-11-09,63.124962,63.124962,61.124962,62.00,2335200,6.05484
1993-11-08,61.00,62.75,60.75,62.75,984000,6.128084
1993-11-05,60.50,60.875038,59.50,60.75,1696800,5.932767
1993-11-04,60.50,61.75,60.25,60.375038,2158400,5.896149
1993-11-03,63.75,63.75,60.375038,61.00,3620000,5.957182
1993-11-02,65.00,65.124962,63.50,63.50,2609600,6.201328
1993-11-01,65.75,66.25,65.25,65.875038,2212000,6.433272
1993-10-29,63.75,66.124962,63.75,65.75,4119200,6.421061
1993-10-28,63.25,63.25,62.75,62.875038,1240800,6.140296
1993-10-27,62.75,63.624962,62.75,63.50,827200,6.201328
1993-10-26,63.00,63.00,62.75,62.75,840800,6.128084
1993-10-25,62.375038,63.00,62.375038,62.75,1040000,6.128084
1993-10-22,63.124962,63.75,63.124962,63.25,1506400,6.109529
1993-10-21,63.124962,63.50,63.00,63.124962,1413600,6.097452
1993-10-20,64.00,64.00,63.25,63.375038,1589600,6.121607
1993-10-19,64.124962,64.25,63.75,63.875038,1642400,6.169904
1993-10-18,63.624962,64.375038,63.624962,64.375038,1260000,6.218201
1993-10-15,64.00,64.124962,63.375038,63.50,4840800,6.133678
1993-10-14,62.50,64.124962,61.875038,64.00,3139200,6.181974
1993-10-13,61.875038,62.25,61.375038,61.375038,1204800,5.928421
1993-10-12,61.375038,62.124962,61.375038,62.124962,2363200,6.000858
1993-10-11,61.624962,61.624962,61.00,61.25,1220800,5.916343
1993-10-08,61.875038,62.375038,61.25,61.50,4138400,5.940491
1993-10-07,61.375038,61.50,60.875038,61.375038,903200,5.928421
1993-10-06,61.25,61.75,61.00,61.375038,2433600,5.928421
1993-10-05,59.875038,61.75,59.875038,61.624962,4026400,5.952562
1993-10-04,59.875038,60.25,59.375038,59.875038,1904000,5.783531
1993-10-01,59.75,60.375038,59.50,59.624962,2953600,5.759375
1993-09-30,59.75,60.75,59.624962,60.00,3018400,5.795601
1993-09-29,59.124962,59.75,59.124962,59.75,1846400,5.771453
1993-09-28,59.624962,59.624962,59.124962,59.124962,1027200,5.711078
1993-09-27,59.375038,59.875038,59.375038,59.75,2128800,5.771453
1993-09-24,57.875038,59.75,57.75,59.25,2870400,5.723156
1993-09-23,58.00,58.00,57.375038,57.75,2387200,5.578266
1993-09-22,57.875038,58.375038,57.624962,57.75,2564000,5.578266
1993-09-21,58.124962,58.375038,57.25,57.375038,1992800,5.542047
1993-09-20,59.00,59.124962,58.25,58.375038,1515200,5.638641
1993-09-17,58.624962,59.00,58.624962,58.875038,2691200,5.686937
1993-09-16,59.25,59.25,58.75,59.124962,1963200,5.711078
1993-09-15,59.25,59.624962,59.124962,59.25,1047200,5.723156
1993-09-14,58.75,59.375038,58.624962,59.25,2020800,5.723156
1993-09-13,58.75,59.25,58.75,58.875038,1287200,5.686937
1993-09-10,59.375038,59.75,59.25,59.624962,1382400,5.759375
1993-09-09,59.25,59.624962,59.25,59.624962,996800,5.759375
1993-09-08,59.875038,59.875038,59.124962,59.624962,2859200,5.759375
1993-09-07,59.875038,60.00,59.75,59.875038,1400000,5.783531
1993-09-03,59.375038,59.875038,59.25,59.624962,1050400,5.759375
1993-09-02,59.624962,59.875038,59.25,59.375038,1196000,5.735234
1993-09-01,59.375038,59.75,59.124962,59.624962,1770400,5.759375
1993-08-31,59.124962,59.624962,59.00,59.624962,788000,5.759375
1993-08-30,59.124962,59.375038,59.00,59.124962,1471200,5.711078
1993-08-27,59.375038,59.375038,58.75,59.124962,1748000,5.711078
1993-08-26,59.375038,59.75,58.875038,59.624962,2302400,5.759375
1993-08-25,58.75,59.375038,58.50,59.00,2002400,5.699008
1993-08-24,57.875038,58.75,57.624962,58.75,1789600,5.674859
1993-08-23,58.624962,58.624962,57.875038,58.00,964000,5.602414
1993-08-20,58.124962,58.50,57.624962,58.50,2064000,5.650711
1993-08-19,58.124962,58.375038,57.875038,58.124962,1116800,5.614485
1993-08-18,58.875038,59.00,58.124962,58.375038,1967200,5.638641
1993-08-17,60.00,60.00,58.875038,59.00,1140800,5.699008
1993-08-16,59.50,60.50,59.50,59.75,3187200,5.771453
1993-08-13,59.375038,59.624962,59.375038,59.375038,1240800,5.735234
1993-08-12,58.75,59.50,58.75,59.50,1824800,5.747304
1993-08-11,58.624962,59.124962,58.124962,58.624962,3144000,5.662781
1993-08-10,58.624962,59.375038,58.25,59.25,1520000,5.723156
1993-08-09,58.50,58.875038,58.375038,58.50,978400,5.650711
1993-08-06,58.25,58.50,57.875038,58.25,1455200,5.626563
1993-08-05,58.624962,58.624962,57.75,58.25,1605600,5.626563
1993-08-04,59.25,59.25,58.50,58.50,2140000,5.650711
1993-08-03,58.875038,59.75,58.624962,59.375038,2622400,5.735234
1993-08-02,58.624962,59.25,58.624962,58.875038,1137600,5.686937
1993-07-30,59.875038,60.00,58.00,58.375038,1999200,5.638641
1993-07-29,58.624962,60.00,58.50,60.00,4812000,5.795601
1993-07-28,57.75,58.00,57.375038,57.75,930400,5.578266
1993-07-27,58.50,58.50,57.624962,57.75,1328800,5.578266
1993-07-26,59.124962,59.375038,57.875038,57.875038,1315200,5.590344
1993-07-23,57.75,59.375038,57.50,59.00,1984000,5.632358
1993-07-22,57.50,57.75,57.124962,57.124962,1270400,5.45336
1993-07-21,58.375038,58.375038,57.50,57.50,1020000,5.489163
1993-07-20,58.25,58.624962,57.75,58.375038,1434400,5.572697
1993-07-19,56.875038,58.75,56.875038,58.624962,2380800,5.596556
1993-07-16,57.50,57.50,56.50,56.875038,2193600,5.429502
1993-07-15,57.624962,57.75,57.50,57.50,2044000,5.489163
1993-07-14,56.50,57.624962,56.50,57.375038,2547200,5.477233
1993-07-13,56.50,57.00,56.50,56.75,2151200,5.417565
1993-07-12,56.00,56.875038,55.875038,56.375038,1269600,5.38177
1993-07-09,56.25,56.25,55.75,55.875038,1460800,5.334038
1993-07-08,54.75,56.124962,54.75,56.00,2271200,5.345967
1993-07-07,54.25,54.875038,54.25,54.75,2668800,5.226638
1993-07-06,54.75,54.875038,54.25,54.25,1370400,5.178906
1993-07-02,54.875038,55.00,54.75,54.75,940000,5.226638
1993-07-01,55.75,55.75,55.124962,55.124962,1733600,5.262433
1993-06-30,55.624962,56.00,55.25,55.375038,3445600,5.286306
1993-06-29,54.875038,55.75,54.875038,55.75,3879200,5.322101
1993-06-28,54.50,55.00,54.375038,54.875038,1676000,5.238574
1993-06-25,54.875038,54.875038,54.124962,54.50,1764800,5.202772
1993-06-24,54.375038,55.124962,54.375038,55.00,1837600,5.250504
1993-06-23,55.00,55.00,54.375038,54.375038,1065600,5.190842
1993-06-22,55.25,55.50,54.624962,54.75,2089600,5.226638
1993-06-21,54.75,55.25,54.75,55.25,1874400,5.274369
1993-06-18,55.00,55.00,54.75,54.75,2220000,5.226638
1993-06-17,55.00,55.124962,54.50,54.75,1979200,5.226638
1993-06-16,54.75,55.124962,54.50,54.75,1347200,5.226638
1993-06-15,54.25,55.50,54.25,54.875038,5291200,5.238574
1993-06-14,54.00,54.375038,54.00,54.25,1689600,5.178906
1993-06-11,53.375038,54.00,53.25,53.75,1376800,5.131174
1993-06-10,53.25,53.375038,53.124962,53.124962,1495200,5.071505
1993-06-09,52.624962,53.50,52.50,53.375038,928800,5.095379
1993-06-08,52.75,52.75,52.25,52.50,2512800,5.011844
1993-06-07,53.624962,53.624962,52.875038,53.00,2107200,5.059576
1993-06-04,54.624962,54.624962,53.50,53.50,1216800,5.107308
1993-06-03,55.75,55.75,54.875038,54.875038,1982400,5.238574
1993-06-02,54.875038,55.875038,54.50,55.75,3240800,5.322101
1993-06-01,53.375038,54.875038,53.124962,54.75,3000800,5.226638
1993-05-28,53.75,53.75,53.00,53.375038,764000,5.095379
1993-05-27,54.00,54.124962,53.624962,54.00,1208000,5.15504
1993-05-26,53.00,54.375038,52.875038,54.25,2218400,5.178906
1993-05-25,53.25,53.25,52.875038,53.00,1700000,5.059576
1993-05-24,53.00,53.75,53.00,53.25,1380800,5.083442
1993-05-21,53.124962,53.375038,52.875038,53.124962,2469600,5.071505
1993-05-20,54.75,54.75,53.00,53.00,1569600,5.059576
1993-05-19,53.00,54.875038,52.875038,54.75,2437600,5.226638
1993-05-18,53.50,53.624962,53.00,53.00,1788800,5.059576
1993-05-17,53.624962,53.875038,53.375038,53.75,1188000,5.131174
1993-05-14,53.124962,53.375038,53.00,53.375038,1275200,5.095379
1993-05-13,53.375038,53.624962,52.50,53.375038,3069600,5.095379
1993-05-12,53.875038,53.875038,53.25,53.375038,1439200,5.095379
1993-05-11,53.50,54.124962,53.25,54.00,1300800,5.15504
1993-05-10,53.124962,53.75,53.124962,53.50,1940800,5.107308
1993-05-07,52.375038,53.124962,52.25,52.875038,1954400,5.047647
1993-05-06,53.00,53.124962,52.50,52.50,1804800,5.011844
1993-05-05,53.00,53.375038,53.00,53.00,1261600,5.059576
1993-05-04,53.00,53.375038,53.00,53.00,1935200,5.059576
1993-05-03,53.00,53.00,52.25,52.624962,2207200,5.023774
1993-04-30,52.00,52.875038,51.875038,52.875038,3711200,5.047647
1993-04-29,49.25,49.75,49.00,49.75,1101600,4.749319
1993-04-28,49.875038,49.875038,49.00,49.50,1106400,4.725453
1993-04-27,49.875038,50.25,49.375038,50.124962,2445600,4.785114
1993-04-26,51.25,51.50,50.00,50.124962,3633600,4.785114
1993-04-23,52.00,52.00,51.624962,52.00,1628000,4.898242
1993-04-22,52.00,52.124962,51.75,52.00,2347200,4.898242
1993-04-21,51.875038,52.00,51.624962,52.00,4024800,4.898242
1993-04-20,51.875038,51.875038,51.375038,51.624962,1952800,4.862915
1993-04-19,51.375038,51.875038,51.124962,51.875038,868000,4.886471
1993-04-16,51.624962,51.624962,50.624962,51.00,4784800,4.804045
1993-04-15,50.875038,51.875038,50.75,51.75,2480000,4.874693
1993-04-14,50.25,51.00,50.00,50.75,1231200,4.780496
1993-04-13,50.624962,50.624962,50.00,50.375038,2308800,4.745176
1993-04-12,50.50,51.00,50.375038,50.624962,1164000,4.768718
1993-04-08,50.50,50.50,49.624962,50.25,2491200,4.733398
1993-04-07,49.75,50.624962,49.624962,50.375038,2252800,4.745176
1993-04-06,49.00,49.875038,49.00,49.875038,2776000,4.698077
1993-04-05,48.624962,49.25,48.375038,49.00,2828000,4.615651
1993-04-02,49.00,49.00,48.50,48.624962,3500800,4.580324
1993-04-01,47.624962,49.25,47.25,49.124962,3490400,4.627422
1993-03-31,47.00,47.375038,46.75,47.375038,2091200,4.462585
1993-03-30,46.75,47.00,46.124962,46.50,1749600,4.380159
1993-03-29,46.624962,47.25,46.50,46.875038,2509600,4.415486
1993-03-26,47.124962,47.375038,46.50,46.624962,798400,4.39193
1993-03-25,46.75,47.624962,46.50,47.124962,1949600,4.439029
1993-03-24,46.50,47.00,46.50,46.624962,1840800,4.39193
1993-03-23,47.25,47.50,46.25,46.624962,1753600,4.39193
1993-03-22,48.375038,48.375038,47.124962,47.50,845600,4.474356
1993-03-19,48.875038,48.875038,48.25,48.375038,2108000,4.556782
1993-03-18,48.25,48.624962,48.00,48.50,655200,4.568553
1993-03-17,47.875038,48.375038,47.624962,48.00,895200,4.521454
1993-03-16,47.624962,48.124962,47.624962,48.00,1168800,4.521454
1993-03-15,47.375038,47.375038,47.00,47.00,969600,4.427257
1993-03-12,48.75,48.75,47.624962,47.624962,947200,4.486127
1993-03-11,48.375038,49.124962,48.375038,48.75,856800,4.592102
1993-03-10,48.875038,49.124962,48.00,48.624962,1671200,4.580324
1993-03-09,49.25,49.50,49.124962,49.124962,1193600,4.627422
1993-03-08,48.25,49.25,48.124962,49.25,1706400,4.639201
1993-03-05,48.75,48.75,47.75,48.124962,1869600,4.533225
1993-03-04,48.624962,48.624962,47.875038,48.624962,1696000,4.580324
1993-03-03,48.50,49.00,48.375038,48.624962,1174400,4.580324
1993-03-02,47.875038,48.25,47.375038,48.25,1408000,4.545004
1993-03-01,49.124962,49.25,47.875038,47.875038,1154400,4.509683
1993-02-26,48.624962,49.25,48.624962,49.00,2024800,4.615651
1993-02-25,47.25,48.624962,47.25,48.624962,1518400,4.580324
1993-02-24,45.25,47.875038,45.25,47.624962,3423200,4.486127
1993-02-23,43.75,45.25,43.375038,45.25,4164000,4.262413
1993-02-22,45.624962,45.75,44.00,44.00,3790400,4.144667
1993-02-19,46.50,46.50,45.50,45.875038,2336000,4.321289
1993-02-18,47.50,47.875038,46.25,46.25,3900800,4.35661
1993-02-17,48.124962,48.124962,47.00,47.25,3300000,4.450807
1993-02-16,48.00,48.50,45.124962,48.124962,6894400,4.533225
1993-02-12,49.50,50.00,48.75,48.875038,3943200,4.60388
1993-02-11,51.50,51.50,50.50,50.624962,5516800,4.768718
1993-02-10,52.75,52.75,51.75,51.75,3615200,4.874693
1993-02-09,52.25,52.75,52.00,52.50,2693600,4.945341
1993-02-08,52.25,53.00,51.875038,52.50,3086400,4.945341
1993-02-05,52.75,53.00,52.375038,52.375038,3970400,4.93357
1993-02-04,51.75,53.75,51.624962,53.00,5716000,4.992439
1993-02-03,50.75,51.50,50.00,51.124962,11418400,4.815816
1993-02-02,52.124962,52.375038,51.25,52.124962,1518400,4.910013
1993-02-01,50.50,52.375038,50.375038,52.25,1953600,4.921792
1993-01-29,50.25,50.624962,50.25,50.50,710400,4.756947
1993-01-28,50.00,50.50,49.875038,50.375038,1172000,4.745176
1993-01-27,49.875038,50.124962,49.624962,49.875038,955200,4.698077
1993-01-26,49.624962,50.00,49.50,50.00,2926400,4.709848
1993-01-25,49.375038,50.25,49.124962,49.875038,880000,4.698077
1993-01-22,49.624962,50.124962,49.50,50.124962,2503200,4.656624
1993-01-21,50.00,50.00,48.875038,49.375038,2117600,4.586955
1993-01-20,50.00,50.124962,49.50,49.875038,1703200,4.633406
1993-01-19,50.00,50.75,50.00,50.00,2780800,4.645015
1993-01-18,48.75,50.25,48.624962,50.25,3753600,4.66824
1993-01-15,48.124962,49.00,47.875038,48.875038,3051200,4.540505
1993-01-14,47.375038,48.00,47.124962,47.875038,2801600,4.447605
1993-01-13,47.124962,47.50,46.624962,47.124962,4417600,4.377923
1993-01-12,47.375038,47.50,47.00,47.124962,4158400,4.377923
1993-01-11,46.75,47.624962,46.624962,47.50,2924800,4.412764
1993-01-08,46.875038,46.875038,46.375038,46.75,1408000,4.343089
1993-01-07,47.25,47.50,46.624962,46.875038,1867200,4.354705
1993-01-06,46.875038,47.25,46.875038,47.00,1652000,4.366314
1993-01-05,46.375038,46.624962,45.875038,46.624962,1528800,4.331473
1993-01-04,46.624962,46.875038,46.50,46.624962,1448800,4.331473
1992-12-31,46.50,47.00,46.25,46.50,923200,4.319864
1992-12-30,46.50,46.75,46.375038,46.50,720000,4.319864
1992-12-29,46.25,47.124962,46.25,46.50,1781600,4.319864
1992-12-28,46.00,46.25,45.875038,46.25,905600,4.296638
1992-12-24,46.00,46.124962,45.875038,46.124962,750400,4.285022
1992-12-23,46.25,46.624962,45.875038,46.00,1267200,4.273413
1992-12-22,46.75,46.75,46.124962,46.375038,1842400,4.308255
1992-12-21,46.624962,46.875038,46.50,46.75,1648000,4.343089
1992-12-18,46.75,46.875038,46.375038,46.624962,2204800,4.331473
1992-12-17,46.50,47.00,46.50,46.624962,1602400,4.331473
1992-12-16,47.25,47.50,46.875038,47.00,1304000,4.366314
1992-12-15,47.75,48.124962,47.75,47.75,2830400,4.435989
1992-12-14,47.375038,47.75,46.875038,47.624962,3144800,4.424373
1992-12-11,47.875038,47.875038,47.25,47.624962,1511200,4.424373
1992-12-10,48.25,48.375038,47.375038,48.124962,3259200,4.470823
1992-12-09,48.375038,48.875038,48.25,48.624962,2430400,4.517273
1992-12-08,48.124962,48.375038,48.00,48.375038,2485600,4.494055
1992-12-07,47.875038,48.25,47.624962,48.124962,2120000,4.470823
1992-12-04,47.25,48.25,47.00,47.75,3609600,4.435989
1992-12-03,47.00,47.50,46.75,47.124962,2104000,4.377923
1992-12-02,46.00,47.124962,45.875038,46.875038,2774400,4.354705
1992-12-01,45.875038,46.124962,45.75,46.00,2496800,4.273413
1992-11-30,44.375038,45.875038,44.25,45.624962,3233600,4.238572
1992-11-27,44.25,44.375038,44.00,44.25,735200,4.110838
1992-11-25,43.25,44.25,43.124962,44.00,4164000,4.087613
1992-11-24,43.00,43.25,42.875038,42.875038,1604800,3.983104
1992-11-23,42.75,43.00,42.624962,43.00,802400,3.994713
1992-11-20,43.25,43.25,42.75,43.00,899200,3.994713
1992-11-19,43.624962,43.624962,42.875038,43.00,897600,3.994713
1992-11-18,43.624962,43.75,43.375038,43.375038,1077600,4.029554
1992-11-17,43.124962,43.75,43.00,43.624962,1895200,4.052772
1992-11-16,42.75,43.375038,42.624962,43.25,1211200,4.017938
1992-11-13,43.124962,43.25,42.75,42.875038,856000,3.983104
1992-11-12,42.875038,43.375038,42.624962,43.25,1195200,4.017938
1992-11-11,42.624962,42.875038,42.50,42.875038,1012000,3.983104
1992-11-10,43.00,43.124962,42.624962,42.75,1895200,3.971487
1992-11-09,42.25,42.875038,42.00,42.624962,768800,3.959871
1992-11-06,42.124962,42.375038,41.875038,42.124962,716800,3.913421
1992-11-05,42.25,42.50,41.75,42.25,2878400,3.925037
1992-11-04,42.124962,42.375038,42.00,42.25,1076800,3.925037
1992-11-03,42.875038,42.875038,42.00,42.00,1507200,3.901812
1992-11-02,42.00,42.624962,41.75,42.624962,2094400,3.959871
1992-10-30,42.624962,42.75,42.124962,42.124962,15562400,3.913421
1992-10-29,42.00,42.124962,41.50,42.124962,1267200,3.913421
1992-10-28,41.875038,42.375038,41.75,42.00,716000,3.901812
1992-10-27,42.25,42.50,41.75,41.75,667200,3.878587
1992-10-26,41.124962,42.50,40.875038,42.50,2152800,3.948262
1992-10-23,42.50,42.50,41.875038,42.50,708000,3.884161
1992-10-22,42.25,42.375038,41.375038,42.375038,2002400,3.872741
1992-10-21,42.124962,42.50,41.875038,42.50,954400,3.884161
1992-10-20,42.00,42.25,42.00,42.124962,1288000,3.849886
1992-10-19,41.75,42.375038,41.75,42.00,1428800,3.838465
1992-10-16,42.124962,42.25,41.624962,42.00,771200,3.838465
1992-10-15,42.124962,42.624962,42.124962,42.50,621600,3.884161
1992-10-14,42.375038,42.75,42.124962,42.50,821600,3.884161
1992-10-13,42.624962,43.00,41.875038,42.124962,1336800,3.849886
1992-10-12,41.875038,42.50,41.875038,42.50,476800,3.884161
1992-10-09,42.00,42.00,41.50,41.624962,1103200,3.80419
1992-10-08,41.624962,42.124962,41.25,42.00,2566400,3.838465
1992-10-07,42.00,42.50,41.375038,41.624962,1601600,3.80419
1992-10-06,42.25,42.50,41.875038,41.875038,852000,3.827045
1992-10-05,40.875038,42.50,40.25,42.375038,3652000,3.872741
1992-10-02,42.00,42.124962,41.25,41.375038,1329600,3.781349
1992-10-01,40.875038,42.624962,40.50,42.124962,3977600,3.849886
1992-09-30,41.124962,41.124962,40.624962,40.875038,1213600,3.735653
1992-09-29,40.875038,41.124962,40.75,41.00,1196800,3.747073
1992-09-28,40.75,41.124962,40.624962,41.124962,940800,3.758494
1992-09-25,40.875038,41.124962,40.124962,40.875038,4056000,3.735653
1992-09-24,39.50,41.375038,39.375038,40.875038,5224800,3.735653
1992-09-23,40.00,40.00,39.375038,39.375038,1687200,3.598564
1992-09-22,39.624962,40.25,39.25,40.00,2756800,3.655681
1992-09-21,38.75,40.00,38.624962,39.875038,3078400,3.64426
1992-09-18,38.00,39.124962,38.00,39.00,2884800,3.564289
1992-09-17,38.75,38.875038,38.00,38.00,1540000,3.472897
1992-09-16,38.50,39.25,38.25,38.75,1199200,3.541441
1992-09-15,39.375038,39.375038,38.25,38.375038,1176800,3.507172
1992-09-14,39.124962,39.50,38.875038,39.124962,1389600,3.57571
1992-09-11,38.624962,39.124962,38.50,39.124962,1002400,3.57571
1992-09-10,38.75,38.875038,38.25,38.624962,1012800,3.530013
1992-09-09,38.375038,38.75,38.375038,38.75,1442400,3.541441
1992-09-08,39.00,39.124962,38.124962,38.124962,1033600,3.484317
1992-09-04,39.124962,39.25,38.875038,39.124962,485600,3.57571
1992-09-03,39.624962,39.75,38.75,39.25,1832800,3.587137
1992-09-02,38.624962,39.624962,38.624962,39.50,3900800,3.609985
1992-09-01,38.50,38.624962,38.25,38.624962,1576800,3.530013
1992-08-31,38.875038,39.00,38.50,38.624962,1244000,3.530013
1992-08-28,38.75,39.00,38.624962,38.875038,2342400,3.552868
1992-08-27,39.624962,39.75,39.00,39.00,3092800,3.564289
1992-08-26,38.624962,39.375038,38.50,39.00,1927200,3.564289
1992-08-25,38.75,39.00,38.624962,38.624962,2180000,3.530013
1992-08-24,39.00,39.124962,38.624962,39.00,3336000,3.564289
1992-08-21,41.00,41.124962,39.75,40.00,2153600,3.655681
1992-08-20,40.50,41.124962,40.50,40.75,3553600,3.724225
1992-08-19,42.875038,42.875038,40.00,40.375038,6368000,3.689957
1992-08-18,43.00,43.124962,42.375038,43.124962,2312000,3.941278
1992-08-17,42.875038,44.124962,42.875038,44.00,3252800,4.021249
1992-08-14,42.624962,42.875038,42.375038,42.624962,1855200,3.895582
1992-08-13,42.375038,42.624962,42.124962,42.50,1033600,3.884161
1992-08-12,42.50,42.50,42.25,42.50,2252800,3.884161
1992-08-11,42.624962,42.624962,42.124962,42.375038,1204800,3.872741
1992-08-10,42.875038,42.875038,42.50,42.624962,1024000,3.895582
1992-08-07,42.75,43.00,42.624962,42.75,1308000,3.907009
1992-08-06,42.875038,43.00,42.875038,42.875038,607200,3.918437
1992-08-05,42.50,43.00,42.50,43.00,800000,3.929857
1992-08-04,42.875038,42.875038,42.624962,42.75,1076800,3.907009
1992-08-03,42.75,43.375038,42.50,42.875038,1727200,3.918437
1992-07-31,44.375038,44.375038,43.00,43.375038,10496000,3.964133
1992-07-30,44.124962,44.624962,44.00,44.624962,2024000,4.078366
1992-07-29,43.124962,44.124962,43.124962,44.124962,2836800,4.03267
1992-07-28,42.375038,43.50,42.25,42.875038,2152800,3.918437
1992-07-27,42.124962,42.75,42.124962,42.375038,845600,3.872741
1992-07-24,43.375038,43.624962,43.124962,43.25,808000,3.889645
1992-07-23,43.124962,43.50,42.875038,43.50,1648000,3.912128
1992-07-22,43.124962,43.375038,42.875038,43.124962,1174400,3.8784
1992-07-21,43.375038,43.375038,42.875038,43.124962,1272000,3.8784
1992-07-20,42.50,43.124962,42.375038,43.124962,1224800,3.8784
1992-07-17,42.75,42.75,42.375038,42.75,1174400,3.844678
1992-07-16,42.624962,42.75,42.25,42.624962,1257600,3.833433
1992-07-15,42.75,42.75,42.00,42.624962,1200800,3.833433
1992-07-14,42.875038,42.875038,42.624962,42.875038,1741600,3.855923
1992-07-13,43.00,43.624962,42.75,42.875038,2100800,3.855923
1992-07-10,42.50,43.25,42.50,43.00,2400800,3.867161
1992-07-09,42.50,42.75,42.375038,42.50,1789600,3.822194
1992-07-08,42.00,42.50,41.75,42.50,1672000,3.822194
1992-07-07,43.375038,43.375038,42.124962,42.25,1895200,3.799711
1992-07-06,43.375038,43.375038,42.624962,43.375038,3180000,3.90089
1992-07-02,43.375038,43.875038,42.875038,43.375038,2902400,3.90089
1992-07-01,41.50,42.75,41.375038,42.624962,1692000,3.833433
1992-06-30,41.624962,41.75,41.00,41.375038,1710400,3.721022
1992-06-29,41.25,41.375038,40.50,41.375038,1284800,3.721022
1992-06-26,42.124962,42.25,41.624962,41.75,670400,3.754744
1992-06-25,41.875038,42.75,41.875038,42.124962,1866400,3.788466
1992-06-24,41.00,42.00,41.00,41.75,1562400,3.754744
1992-06-23,40.375038,41.25,40.375038,41.00,1944800,3.687293
1992-06-22,40.25,40.50,40.00,40.375038,1284000,3.631088
1992-06-19,40.375038,40.50,40.124962,40.25,1341600,3.619843
1992-06-18,41.00,41.00,40.25,40.375038,2112800,3.631088
1992-06-17,40.50,41.25,40.375038,40.875038,1357600,3.676055
1992-06-16,40.75,41.124962,40.624962,41.00,508000,3.687293
1992-06-15,40.75,41.124962,40.50,40.875038,1230400,3.676055
1992-06-12,40.875038,41.00,40.375038,40.50,2432800,3.642326
1992-06-11,40.875038,41.124962,40.624962,40.75,1087200,3.66481
1992-06-10,41.00,41.375038,40.75,40.875038,1628000,3.676055
1992-06-09,41.624962,42.375038,41.124962,41.25,4184800,3.709777
1992-06-08,40.375038,41.25,40.375038,40.875038,1189600,3.676055
1992-06-05,40.375038,40.375038,40.124962,40.124962,1502400,3.608598
1992-06-04,40.875038,41.25,40.124962,40.375038,1478400,3.631088
1992-06-03,40.50,41.124962,40.50,40.875038,1424800,3.676055
1992-06-02,41.00,41.00,40.50,40.624962,767200,3.653565
1992-06-01,41.875038,41.875038,40.624962,41.00,1616800,3.687293
1992-05-29,42.624962,42.875038,41.75,42.124962,2570400,3.788466
1992-05-28,42.00,42.875038,41.875038,42.875038,1357600,3.855923
1992-05-27,40.75,42.25,40.624962,41.75,1500800,3.754744
1992-05-26,40.624962,40.75,40.00,40.50,1492000,3.642326
1992-05-22,41.00,41.00,40.50,40.624962,892000,3.653565
1992-05-21,41.50,41.50,40.75,40.75,849600,3.66481
1992-05-20,41.624962,41.75,41.25,41.50,1219200,3.73226
1992-05-19,40.75,41.75,40.624962,41.50,1895200,3.73226
1992-05-18,40.875038,41.00,40.25,40.50,1641600,3.642326
1992-05-15,39.25,41.25,38.375038,40.624962,2659200,3.653565
1992-05-14,40.00,40.124962,39.25,39.375038,1720000,3.541154
1992-05-13,41.50,41.50,39.875038,40.00,3312800,3.597359
1992-05-12,41.25,41.375038,41.124962,41.25,108800,3.709777
1992-05-11,41.375038,41.624962,41.25,41.375038,1485600,3.721022
1992-05-08,41.50,41.624962,41.25,41.375038,1159200,3.721022
1992-05-07,41.375038,41.875038,41.124962,41.75,1276000,3.754744
1992-05-06,41.75,41.875038,41.124962,41.25,3045600,3.709777
1992-05-05,41.375038,42.124962,41.375038,41.75,2264800,3.754744
1992-05-04,41.75,42.50,41.75,42.00,2850400,3.777227
1992-05-01,42.624962,42.624962,41.124962,41.624962,1243200,3.743499
1992-04-30,43.00,43.00,42.375038,42.624962,1760000,3.833433
1992-04-29,42.00,43.124962,42.00,42.875038,1772800,3.855923
1992-04-28,41.50,41.875038,41.124962,41.875038,2088800,3.765989
1992-04-27,42.25,42.25,41.375038,41.50,2389600,3.73226
1992-04-24,44.00,44.00,42.50,42.50,2603200,3.822194
1992-04-23,43.75,43.875038,43.375038,43.875038,1704800,3.945857
1992-04-22,43.75,44.124962,43.50,43.875038,1728000,3.945857
1992-04-21,43.00,43.875038,42.624962,43.375038,2960000,3.90089
1992-04-20,42.75,43.25,42.50,43.124962,2086400,3.8784
1992-04-16,43.25,43.25,42.50,43.25,1489600,3.82759
1992-04-15,43.624962,43.75,43.00,43.375038,2205600,3.838656
1992-04-14,44.00,44.25,43.50,43.50,1621600,3.849715
1992-04-13,44.50,44.50,43.75,44.00,2352000,3.893965
1992-04-10,42.50,43.75,42.50,43.50,1292800,3.849715
1992-04-09,41.875038,42.25,41.50,42.25,2429600,3.739091
1992-04-08,42.624962,42.624962,41.624962,41.75,2497600,3.694841
1992-04-07,43.25,43.25,42.875038,42.875038,1598400,3.794406
1992-04-06,42.75,43.375038,42.75,43.25,1533600,3.82759
1992-04-03,43.25,43.375038,42.50,42.75,2104800,3.783341
1992-04-02,43.124962,43.50,43.124962,43.375038,2410400,3.838656
1992-04-01,43.00,43.50,42.75,43.25,1709600,3.82759
1992-03-31,42.00,43.124962,42.00,43.124962,1960000,3.816524
1992-03-30,41.624962,42.124962,41.50,42.124962,1260000,3.728025
1992-03-27,43.00,43.00,41.50,41.875038,1576000,3.705907
1992-03-26,43.50,43.50,42.75,43.00,1468000,3.805465
1992-03-25,43.124962,43.50,43.124962,43.25,1650400,3.82759
1992-03-24,43.50,43.624962,43.124962,43.124962,1252800,3.816524
1992-03-23,43.75,43.875038,43.25,43.375038,1201600,3.838656
1992-03-20,44.50,44.624962,43.50,43.75,8798400,3.87184
1992-03-19,44.124962,44.624962,44.00,44.624962,2446400,3.949273
1992-03-18,44.00,44.124962,43.624962,44.00,1696800,3.893965
1992-03-17,43.875038,44.124962,43.75,43.875038,1948800,3.821841
1992-03-16,44.124962,44.25,43.75,43.75,1255200,3.810949
1992-03-13,44.124962,44.375038,44.00,44.25,1740800,3.854503
1992-03-12,44.00,44.00,43.624962,43.875038,970400,3.821841
1992-03-11,44.50,44.875038,43.75,44.00,2508000,3.832726
1992-03-10,43.50,45.00,43.375038,44.75,1373600,3.898057
1992-03-09,43.50,43.50,43.124962,43.25,1020800,3.767396
1992-03-06,43.50,44.00,43.50,43.624962,1017600,3.800058
1992-03-05,44.124962,44.25,43.50,43.50,1340000,3.789172
1992-03-04,45.25,45.375038,44.25,44.25,1354400,3.854503
1992-03-03,44.875038,45.375038,44.50,45.124962,1629600,3.930719
1992-03-02,45.75,45.75,44.875038,44.875038,1592800,3.908948
1992-02-28,45.875038,46.00,45.624962,45.624962,1494400,3.974272
1992-02-27,45.50,46.00,45.50,45.75,944000,3.985164
1992-02-26,45.25,45.875038,45.25,45.624962,1476000,3.974272
1992-02-25,45.124962,45.50,45.00,45.124962,3213600,3.930719
1992-02-24,44.75,45.124962,44.624962,45.00,2341600,3.919834
1992-02-21,45.25,45.375038,44.375038,44.75,3203200,3.898057
1992-02-20,46.00,46.124962,45.124962,45.25,3127200,3.94161
1992-02-19,47.00,47.00,45.75,45.875038,2224800,3.996056
1992-02-18,46.00,47.00,45.875038,46.50,2524000,4.050495
1992-02-14,46.00,46.50,45.25,46.124962,1788800,4.017826
1992-02-13,46.25,46.375038,45.75,46.124962,4277600,4.017826
1992-02-12,45.00,46.375038,44.75,46.25,4733600,4.028718
1992-02-11,43.124962,43.75,43.00,43.75,1069600,3.810949
1992-02-10,43.00,43.375038,42.75,43.124962,1081600,3.756504
1992-02-07,41.00,43.00,41.00,43.00,1784800,3.745619
1992-02-06,41.75,41.75,40.875038,41.124962,2615200,3.582289
1992-02-05,42.624962,42.624962,41.375038,41.50,2580800,3.614958
1992-02-04,43.624962,43.624962,42.25,42.50,2140800,3.702065
1992-02-03,41.875038,44.00,41.875038,43.50,3109600,3.789172
1992-01-31,43.00,43.00,39.00,41.50,5725600,3.614958
1992-01-30,45.00,45.124962,43.875038,44.00,1372000,3.832726
1992-01-29,45.25,45.50,45.00,45.124962,2383200,3.930719
1992-01-28,45.375038,45.75,45.375038,45.50,3471200,3.963387
1992-01-27,45.25,45.50,45.124962,45.375038,2102400,3.952502
1992-01-24,45.124962,45.75,45.00,45.25,1828800,3.881506
1992-01-23,45.00,45.375038,44.875038,45.25,1642400,3.881506
1992-01-22,44.25,45.25,44.124962,45.25,1581600,3.881506
1992-01-21,44.25,44.50,44.124962,44.25,1496800,3.795727
1992-01-20,44.50,44.624962,44.25,44.375038,1312800,3.806453
1992-01-17,44.50,44.624962,44.124962,44.624962,1239200,3.827891
1992-01-16,44.75,44.875038,44.124962,44.375038,1441600,3.806453
1992-01-15,45.375038,45.375038,44.624962,44.75,2157600,3.838617
1992-01-14,44.375038,45.375038,44.124962,45.25,1916800,3.881506
1992-01-13,43.875038,44.375038,43.875038,44.375038,2367200,3.806453
1992-01-10,44.124962,44.25,43.624962,43.875038,1859200,3.763563
1992-01-09,43.375038,44.50,43.375038,44.00,4316000,3.774282
1992-01-08,43.00,43.50,42.875038,43.25,2360800,3.709948
1992-01-07,42.75,43.375038,42.75,43.00,2164000,3.688503
1992-01-06,43.00,43.624962,42.75,43.00,3131200,3.688503
1992-01-03,43.124962,43.50,42.624962,43.00,2920000,3.688503
1992-01-02,43.624962,43.75,42.624962,43.25,2429600,3.709948
1991-12-31,43.75,44.124962,43.25,44.00,3634400,3.774282
1991-12-30,42.75,44.124962,42.624962,44.124962,8636000,3.785002
1991-12-27,40.875038,42.00,40.75,42.00,3812000,3.602724
1991-12-26,39.50,41.00,39.25,41.00,3484800,3.516945
1991-12-24,40.00,40.124962,39.25,39.50,4716000,3.388276
1991-12-23,39.375038,39.75,39.375038,39.75,2870400,3.409721
1991-12-20,39.00,39.50,38.50,39.25,2984000,3.366831
1991-12-19,37.25,39.00,37.25,37.875038,2616800,3.248888
1991-12-18,37.00,37.25,36.50,37.25,3454400,3.195273
1991-12-17,37.375038,37.624962,37.00,37.124962,2071200,3.184547
1991-12-16,38.624962,38.75,37.375038,37.375038,2580000,3.205999
1991-12-13,39.00,39.124962,38.375038,38.50,1447200,3.302497
1991-12-12,38.875038,39.124962,38.75,38.75,992000,3.323942
1991-12-11,38.624962,38.75,38.25,38.75,2067200,3.323942
1991-12-10,38.75,38.875038,38.50,38.624962,864000,3.313216
1991-12-09,39.124962,39.25,38.624962,38.624962,1391200,3.313216
1991-12-06,39.00,39.375038,38.875038,39.00,2252800,3.345387
1991-12-05,39.124962,39.50,39.124962,39.25,1111200,3.366831
1991-12-04,39.25,39.50,39.124962,39.25,1116800,3.366831
1991-12-03,39.00,39.25,38.624962,39.124962,1505600,3.356106
1991-12-02,37.375038,39.00,37.25,38.75,1491200,3.323942
1991-11-29,37.375038,37.624962,37.25,37.50,747200,3.216718
1991-11-27,37.75,37.875038,37.50,37.624962,1945600,3.227437
1991-11-26,37.124962,38.00,36.75,37.875038,2372000,3.248888
1991-11-25,37.124962,37.25,36.75,37.25,1872800,3.195273
1991-11-22,37.624962,37.75,36.624962,37.00,2748800,3.173828
1991-11-21,37.624962,38.124962,37.50,37.875038,1600800,3.248888
1991-11-20,37.75,38.124962,37.624962,37.75,3928800,3.238163
1991-11-19,38.00,38.124962,37.00,37.75,3545600,3.238163
1991-11-18,38.50,38.75,37.624962,38.25,5206400,3.281052
1991-11-15,39.00,39.124962,38.124962,38.50,8967200,3.302497
1991-11-14,41.375038,41.75,41.25,41.50,2980800,3.559835
1991-11-13,41.25,41.624962,41.25,41.375038,3923200,3.549115
1991-11-12,41.124962,41.624962,41.00,41.25,3567200,3.53839
1991-11-11,40.25,41.124962,40.25,41.124962,2124800,3.527664
1991-11-08,42.00,42.124962,40.124962,40.375038,4140000,3.463336
1991-11-07,39.50,41.75,39.50,41.624962,3071200,3.570554
1991-11-06,38.75,39.375038,38.75,39.375038,1841600,3.377557
1991-11-05,39.00,39.124962,38.50,38.50,2183200,3.302497
1991-11-04,39.00,39.00,38.25,38.875038,1584000,3.334668
1991-11-01,39.375038,39.375038,38.875038,39.124962,2652800,3.356106
1991-10-31,39.375038,39.624962,39.00,39.624962,2278400,3.398995
1991-10-30,37.624962,39.624962,37.624962,39.624962,3855200,3.398995
1991-10-29,38.50,38.624962,37.624962,37.624962,2727200,3.227437
1991-10-28,38.00,38.624962,37.875038,38.50,3982400,3.302497
1991-10-25,37.124962,38.25,37.124962,37.75,10499200,3.238163
1991-10-24,37.25,37.375038,36.624962,37.00,1511200,3.173828
1991-10-23,37.124962,37.25,36.875038,37.25,2034400,3.195273
1991-10-22,36.75,37.124962,36.50,36.624962,2888000,3.141658
1991-10-21,37.50,37.50,36.624962,36.75,2329600,3.152384
1991-10-18,37.375038,38.624962,37.25,38.375038,4101600,3.23259
1991-10-17,36.124962,37.25,36.124962,37.00,5991200,3.116762
1991-10-16,35.624962,36.25,35.50,36.25,2868000,3.053584
1991-10-15,34.624962,35.50,34.50,35.375038,3706400,2.97988
1991-10-14,34.624962,34.875038,33.875038,34.624962,1234400,2.916696
1991-10-11,34.00,34.375038,33.75,34.375038,1665600,2.895643
1991-10-10,34.50,34.50,33.25,33.75,4265600,2.842992
1991-10-09,34.50,34.75,34.375038,34.50,1481600,2.90617
1991-10-08,34.375038,34.624962,34.25,34.624962,1745600,2.916696
1991-10-07,34.375038,34.50,34.124962,34.375038,2672800,2.895643
1991-10-04,34.50,34.50,34.124962,34.50,2605600,2.90617
1991-10-03,34.50,34.50,33.875038,34.375038,3446400,2.895643
1991-10-02,34.00,34.875038,34.00,34.375038,2320000,2.895643
1991-10-01,34.124962,34.25,33.875038,34.00,3201600,2.864051
1991-09-30,33.50,34.124962,33.25,33.875038,4559200,2.853525
1991-09-27,33.624962,33.75,33.25,33.375038,6615200,2.811406
1991-09-26,33.50,33.75,33.25,33.50,2334400,2.821933
1991-09-25,33.50,33.75,33.375038,33.50,2411200,2.821933
1991-09-24,33.875038,33.875038,33.375038,33.624962,3176800,2.832459
1991-09-23,33.875038,34.00,33.25,33.624962,2657600,2.832459
1991-09-20,34.00,34.00,33.25,33.875038,5260000,2.853525
1991-09-19,34.00,34.124962,33.875038,34.00,3560000,2.864051
1991-09-18,33.624962,34.00,33.00,34.00,3422400,2.864051
1991-09-17,32.124962,33.624962,32.00,33.624962,6396800,2.832459
1991-09-16,32.25,32.375038,31.87504,32.124962,6997600,2.706104
1991-09-13,34.124962,34.124962,32.25,32.25,5263200,2.716637
1991-09-12,34.00,34.124962,33.375038,33.75,3244000,2.842992
1991-09-11,34.50,34.50,33.124962,34.00,2914400,2.864051
1991-09-10,34.75,34.75,34.124962,34.50,1973600,2.90617
1991-09-09,34.50,34.624962,34.375038,34.624962,2270400,2.916696
1991-09-06,34.25,34.624962,34.00,34.375038,5569600,2.895643
1991-09-05,34.50,34.624962,33.75,34.00,3988000,2.864051
1991-09-04,34.875038,35.124962,34.50,34.50,2348000,2.90617
1991-09-03,35.624962,35.624962,34.875038,35.124962,2438400,2.958814
1991-08-30,35.00,35.75,34.875038,35.75,1294400,3.011466
1991-08-29,35.00,35.124962,34.75,35.00,2706400,2.948288
1991-08-28,35.25,35.25,34.25,34.75,5141600,2.927229
1991-08-27,36.25,36.25,34.875038,34.875038,4354400,2.937762
1991-08-26,36.375038,36.50,36.00,36.25,1050400,3.053584
1991-08-23,35.50,36.75,35.50,36.624962,3030400,3.08517
1991-08-22,36.75,36.75,35.624962,35.75,3000800,3.011466
1991-08-21,38.25,38.50,36.75,36.75,4225600,3.095702
1991-08-20,37.875038,38.50,37.75,38.00,1983200,3.200998
1991-08-19,36.75,37.624962,36.375038,37.375038,2856000,3.148354
1991-08-16,37.75,37.875038,36.624962,37.624962,2578400,3.169406
1991-08-15,37.875038,38.25,37.25,37.75,2622400,3.179939
1991-08-14,38.00,38.25,37.75,37.875038,3610400,3.190472
1991-08-13,36.624962,37.875038,36.50,37.75,2772800,3.179939
1991-08-12,36.124962,36.50,36.124962,36.50,1404800,3.074643
1991-08-09,36.50,36.624962,36.124962,36.124962,1888000,3.043051
1991-08-08,36.25,37.00,36.124962,36.375038,3642400,3.064117
1991-08-07,36.50,36.50,36.124962,36.25,6539200,3.053584
1991-08-06,37.25,37.25,36.124962,36.375038,4907200,3.064117
1991-08-05,38.00,38.00,37.25,37.25,1809600,3.137821
1991-08-02,38.124962,38.375038,37.75,38.124962,2791200,3.211525
1991-08-01,37.124962,37.875038,37.124962,37.75,2974400,3.179939
1991-07-31,36.25,37.124962,36.25,37.00,2901600,3.116762
1991-07-30,35.75,36.25,35.624962,36.25,4046400,3.053584
1991-07-29,36.375038,36.50,34.875038,35.50,5702400,2.990406
1991-07-26,37.25,37.25,36.375038,36.50,4140800,3.074643
1991-07-25,36.75,38.00,36.25,37.25,3356800,3.137821
1991-07-24,39.124962,39.124962,36.624962,36.875038,457600,3.106235
1991-07-23,39.375038,39.50,38.75,39.124962,3351200,3.295762
1991-07-22,40.75,40.875038,39.00,39.25,4827200,3.306294
1991-07-19,42.00,42.124962,41.75,41.75,2200800,3.458763
1991-07-18,42.25,42.25,41.75,42.00,1760800,3.479474
1991-07-17,42.875038,43.00,42.124962,42.124962,1463200,3.489827
1991-07-16,42.50,43.00,42.25,43.00,1140000,3.562319
1991-07-15,42.124962,42.375038,41.75,41.875038,1383200,3.469122
1991-07-12,41.875038,42.50,41.75,42.375038,1185600,3.510544
1991-07-11,41.875038,42.00,41.75,42.00,736000,3.479474
1991-07-10,41.875038,42.375038,41.624962,41.75,1057600,3.458763
1991-07-09,41.25,41.75,41.124962,41.624962,1658400,3.448404
1991-07-08,40.75,41.00,40.124962,41.00,1817600,3.39663
1991-07-05,41.124962,41.375038,41.00,41.00,467200,3.39663
1991-07-03,42.00,42.00,41.124962,41.124962,696000,3.406982
1991-07-02,42.124962,42.375038,42.00,42.124962,1419200,3.489827
1991-07-01,41.375038,42.624962,41.375038,42.124962,1880800,3.489827
1991-06-28,41.50,41.624962,40.875038,41.375038,856800,3.427699
1991-06-27,40.875038,41.624962,40.75,41.624962,1221600,3.448404
1991-06-26,40.375038,41.00,40.25,40.75,2017600,3.375918
1991-06-25,41.25,41.375038,40.25,40.375038,1601600,3.344855
1991-06-24,41.375038,41.375038,40.875038,41.00,1144000,3.39663
1991-06-21,40.875038,41.375038,40.875038,41.124962,2265600,3.406982
1991-06-20,40.624962,40.75,40.50,40.75,1138400,3.375918
1991-06-19,40.50,40.624962,40.375038,40.50,1705600,3.355207
1991-06-18,40.50,40.624962,40.25,40.624962,2779200,3.36556
1991-06-17,40.75,40.75,40.25,40.375038,1773600,3.344855
1991-06-14,40.75,40.75,40.50,40.75,2013600,3.375918
1991-06-13,40.624962,40.75,40.375038,40.75,2663200,3.375918
1991-06-12,41.124962,41.25,40.624962,40.75,1736000,3.375918
1991-06-11,41.00,41.624962,41.00,41.25,1592800,3.417341
1991-06-10,41.624962,41.624962,40.875038,41.00,1705600,3.39663
1991-06-07,42.375038,42.50,41.124962,41.50,2823200,3.438052
1991-06-06,42.624962,42.75,42.124962,42.624962,2761600,3.531249
1991-06-05,41.75,42.375038,41.75,42.124962,2344000,3.489827
1991-06-04,41.50,41.624962,41.25,41.375038,1550400,3.427699
1991-06-03,41.624962,41.75,40.875038,41.624962,2924800,3.448404
1991-05-31,41.75,41.875038,41.25,41.50,1867200,3.438052
1991-05-30,41.375038,41.875038,41.124962,41.75,1831200,3.458763
1991-05-29,40.624962,41.124962,40.624962,41.00,2201600,3.39663
1991-05-28,40.75,41.00,40.124962,40.50,4952000,3.355207
1991-05-24,39.00,40.75,38.875038,40.75,3519200,3.375918
1991-05-23,39.75,39.75,38.875038,39.124962,1433600,3.241293
1991-05-22,39.25,40.00,39.25,39.50,2866400,3.272363
1991-05-21,40.124962,40.25,39.00,39.124962,4564000,3.241293
1991-05-20,40.124962,40.375038,40.00,40.124962,892000,3.324137
1991-05-17,40.25,40.50,40.00,40.25,1690400,3.334496
1991-05-16,41.00,41.00,40.25,40.25,2584000,3.334496
1991-05-15,41.00,41.375038,40.124962,40.624962,2993600,3.36556
1991-05-14,42.00,42.124962,41.00,41.124962,2056000,3.406982
1991-05-13,43.124962,43.124962,42.124962,42.25,2155200,3.500185
1991-05-10,43.25,43.375038,42.875038,43.00,1929600,3.562319
1991-05-09,42.875038,43.124962,42.624962,43.124962,1948000,3.572671
1991-05-08,43.00,43.00,42.624962,42.624962,1288000,3.531249
1991-05-07,43.25,43.375038,42.875038,42.875038,1434400,3.551966
1991-05-06,43.25,43.50,43.00,43.00,1648800,3.562319
1991-05-03,43.375038,43.50,43.00,43.124962,1697600,3.572671
1991-05-02,44.124962,44.375038,43.25,43.624962,1492800,3.614093
1991-05-01,43.124962,43.75,42.875038,43.75,1625600,3.624452
1991-04-30,41.624962,43.50,41.624962,42.875038,3030400,3.551966
1991-04-29,43.875038,43.875038,41.624962,41.624962,3184800,3.448404
1991-04-26,45.25,45.25,43.75,44.00,2248000,3.645163
1991-04-25,46.875038,46.875038,45.375038,45.75,1309600,3.790141
1991-04-24,47.50,47.50,46.75,46.75,2914400,3.872986
1991-04-23,47.624962,47.75,46.75,47.25,1488800,3.914408
1991-04-22,48.00,48.00,47.00,47.50,1468000,3.93512
1991-04-19,48.50,48.50,48.00,48.25,3463200,3.94009
1991-04-18,49.00,49.00,48.00,48.50,2623200,3.960505
1991-04-17,47.75,49.124962,47.50,49.00,4403200,4.001335
1991-04-16,47.00,47.624962,46.624962,47.624962,2102400,3.88905
1991-04-15,47.00,47.375038,46.75,46.875038,1435200,3.827811
1991-04-12,47.00,47.25,46.624962,47.00,1771200,3.838016
1991-04-11,45.75,46.75,45.75,46.624962,1821600,3.80739
1991-04-10,46.00,46.25,45.624962,45.624962,1445600,3.72573
1991-04-09,47.00,47.00,45.875038,45.875038,1836000,3.746151
1991-04-08,47.25,47.25,46.75,47.00,1346400,3.838016
1991-04-05,48.25,48.50,47.375038,47.375038,2022400,3.868641
1991-04-04,47.50,48.375038,47.124962,48.124962,2516000,3.92988
1991-04-03,46.75,47.75,46.50,47.50,3917600,3.878846
1991-04-02,46.25,46.50,46.00,46.375038,1385600,3.786981
1991-04-01,46.75,46.875038,46.00,46.25,2630400,3.776771
1991-03-28,47.00,47.375038,46.75,47.00,1225600,3.838016
1991-03-27,46.75,47.50,46.75,46.875038,2637600,3.827811
1991-03-26,44.875038,46.50,44.75,46.50,3540800,3.797186
1991-03-25,44.75,45.00,44.624962,44.875038,953600,3.664491
1991-03-22,43.875038,44.50,43.75,44.50,582400,3.633866
1991-03-21,44.124962,44.124962,43.75,43.75,984000,3.572621
1991-03-20,44.00,44.25,43.75,43.875038,1610400,3.582831
1991-03-19,44.875038,44.875038,44.00,44.124962,2052800,3.60324
1991-03-18,45.00,45.25,44.875038,45.00,911200,3.674696
1991-03-15,44.875038,45.00,44.75,45.00,2312000,3.674696
1991-03-14,45.25,45.50,44.75,44.75,2796800,3.654281
1991-03-13,44.875038,45.124962,44.875038,45.00,878400,3.674696
1991-03-12,45.124962,45.25,44.875038,45.00,1920000,3.674696
1991-03-11,45.50,45.50,45.124962,45.124962,870400,3.6849
1991-03-08,45.75,45.875038,45.375038,45.50,1603200,3.715526
1991-03-07,46.124962,46.124962,45.624962,45.624962,1260000,3.72573
1991-03-06,46.50,46.624962,45.75,45.875038,2101600,3.746151
1991-03-05,45.00,46.25,44.75,45.75,2333600,3.735941
1991-03-04,45.124962,45.25,44.875038,45.00,637600,3.674696
1991-03-01,45.25,45.25,44.75,45.124962,1196800,3.6849
1991-02-28,45.124962,45.25,44.875038,45.124962,2009600,3.6849
1991-02-27,44.624962,45.50,44.50,44.75,1648800,3.654281
1991-02-26,45.124962,45.25,44.375038,44.50,1638400,3.633866
1991-02-25,46.124962,46.375038,45.50,45.624962,1032800,3.72573
1991-02-22,45.875038,46.75,45.25,45.375038,2184000,3.705321
1991-02-21,47.124962,47.50,45.75,45.75,1702400,3.735941
1991-02-20,47.875038,47.875038,47.25,47.375038,2207200,3.868641
1991-02-19,48.50,48.50,47.624962,48.00,1845600,3.919675
1991-02-15,47.75,48.875038,47.50,48.75,2097600,3.98092
1991-02-14,47.50,48.50,47.124962,47.50,3772800,3.878846
1991-02-13,44.50,47.00,44.50,46.875038,4182400,3.827811
1991-02-12,46.00,46.624962,45.25,45.25,3128000,3.695111
1991-02-11,45.50,47.00,45.50,46.50,4373600,3.797186
1991-02-08,45.75,45.875038,45.375038,45.375038,2368000,3.705321
1991-02-07,46.75,47.50,45.375038,45.75,3964000,3.735941
1991-02-06,45.50,46.50,45.25,46.25,4788000,3.776771
1991-02-05,45.00,45.75,45.00,45.50,2995200,3.715526
1991-02-04,43.624962,45.124962,43.50,45.124962,2233600,3.6849
1991-02-01,42.00,44.124962,41.75,43.875038,3262400,3.582831
1991-01-31,39.75,42.375038,39.624962,42.25,3512800,3.450131
1991-01-30,38.75,39.75,38.75,39.75,2342400,3.245981
1991-01-29,39.124962,39.25,38.75,38.875038,1992800,3.174532
1991-01-28,39.124962,39.50,39.00,39.124962,1256800,3.194941
1991-01-25,39.25,39.75,39.124962,39.375038,1998400,3.215362
1991-01-24,39.00,39.25,38.875038,38.875038,2610400,3.174532
1991-01-23,38.25,39.624962,38.25,39.25,3278400,3.205151
1991-01-22,37.624962,38.375038,37.50,38.375038,1982400,3.133702
1991-01-21,37.75,37.75,37.25,37.624962,820000,3.072451
1991-01-18,36.50,38.124962,36.50,37.75,3763200,3.082661
1991-01-17,37.75,38.124962,36.875038,37.25,3917600,2.985486
1991-01-16,34.75,36.375038,34.624962,36.25,1226400,2.905339
1991-01-15,34.875038,35.124962,34.50,34.875038,950400,2.795139
1991-01-14,35.00,35.00,34.75,34.875038,1128800,2.795139
1991-01-11,35.00,35.375038,34.875038,35.375038,1304000,2.835213
1991-01-10,34.50,34.75,34.25,34.75,1156800,2.785118
1991-01-09,34.50,36.124962,34.124962,34.124962,1721600,2.735023
1991-01-08,34.50,34.624962,33.875038,34.124962,1716000,2.735023
1991-01-07,35.50,35.75,34.25,34.25,2148000,2.745044
1991-01-04,36.875038,36.875038,36.375038,36.50,1675200,2.925375
1991-01-03,37.375038,37.624962,36.75,36.75,1270400,2.945412
1991-01-02,39.00,39.124962,37.624962,37.624962,2003200,3.015538
1990-12-31,39.00,39.25,38.75,39.00,1212000,3.125744
1990-12-28,40.25,40.25,39.124962,39.375038,1424000,3.155802
1990-12-27,40.75,40.75,40.25,40.50,1136000,3.245965
1990-12-26,40.50,40.624962,40.50,40.624962,1353600,3.25598
1990-12-24,40.624962,40.624962,40.375038,40.624962,869600,3.25598
1990-12-21,41.00,41.00,40.25,40.624962,3360800,3.25598
1990-12-20,38.624962,39.50,38.50,39.375038,1848800,3.155802
1990-12-19,39.00,39.124962,38.375038,38.624962,3734400,3.095685
1990-12-18,38.50,38.875038,38.375038,38.75,3026400,3.105707
1990-12-17,39.00,39.00,38.25,38.375038,2428000,3.075655
1990-12-14,39.25,39.50,38.50,39.00,3302400,3.125744
1990-12-13,39.25,39.624962,39.124962,39.50,1421600,3.165817
1990-12-12,39.00,39.25,38.50,39.25,1726400,3.14578
1990-12-11,39.375038,39.50,38.624962,39.00,2403200,3.125744
1990-12-10,38.75,39.50,38.375038,39.375038,2656000,3.155802
1990-12-07,39.624962,39.624962,38.375038,38.624962,2472000,3.095685
1990-12-06,39.375038,41.00,39.25,39.875038,5079200,3.195876
1990-12-05,37.75,39.124962,37.50,38.624962,3616800,3.095685
1990-12-04,38.25,38.25,37.624962,37.75,2480000,3.02556
1990-12-03,38.75,39.124962,38.25,38.25,2824800,3.065633
1990-11-30,38.75,38.875038,38.00,38.624962,4428000,3.095685
1990-11-29,40.00,40.00,38.875038,39.00,3475200,3.125744
1990-11-28,39.875038,40.50,39.75,40.124962,4599200,3.215906
1990-11-27,37.50,40.124962,37.50,39.875038,6677600,3.195876
1990-11-26,36.375038,37.875038,36.25,37.75,2676800,3.02556
1990-11-23,36.00,36.75,36.00,36.624962,1521600,2.935391
1990-11-21,36.75,36.875038,35.25,36.00,3467200,2.885302
1990-11-20,37.124962,37.375038,36.624962,36.75,4058400,2.945412
1990-11-19,36.50,37.25,36.50,37.124962,2260000,2.975464
1990-11-16,36.50,36.75,35.875038,36.50,4387200,2.925375
1990-11-15,37.25,37.75,37.00,37.00,3920000,2.965449
1990-11-14,36.875038,37.875038,36.875038,37.375038,5104000,2.995507
1990-11-13,37.00,37.50,36.875038,37.124962,5252000,2.975464
1990-11-12,35.124962,37.00,35.124962,37.00,5232000,2.965449
1990-11-09,34.124962,35.124962,33.875038,34.875038,3730400,2.795139
1990-11-08,33.25,34.375038,33.25,34.00,1815200,2.725007
1990-11-07,33.75,34.875038,33.25,33.25,4792800,2.664897
1990-11-06,33.75,34.875038,33.50,33.875038,4038400,2.714992
1990-11-05,32.25,33.875038,32.25,33.875038,3344000,2.714992
1990-11-02,30.00,32.75,30.00,32.75,5495200,2.624823
1990-11-01,29.62496,30.25,29.62496,30.12496,8969600,2.414433
1990-10-31,30.25,30.37504,29.00,29.50,6336800,2.364345
1990-10-30,30.00,30.37504,30.00,30.37504,5298400,2.434477
1990-10-29,30.62496,30.62496,29.87504,30.00,5412000,2.404418
1990-10-26,30.00,32.25,30.00,31.00,10097600,2.484565
1990-10-25,32.00,32.00,30.75,30.75,3613600,2.464529
1990-10-24,32.75,32.75,31.87504,32.124962,6064800,2.574728
1990-10-23,32.75,33.124962,32.50,32.75,2652800,2.624823
1990-10-22,32.375038,32.75,31.75,32.75,2979200,2.624823
1990-10-19,32.50,33.124962,32.375038,32.624962,6439200,2.5595
1990-10-18,31.12496,31.87504,31.00,31.75,4542400,2.490858
1990-10-17,31.25,31.25,31.00,31.00,2458400,2.432018
1990-10-16,31.12496,31.37504,30.87504,31.00,3549600,2.432018
1990-10-15,31.75,32.25,30.87504,31.12496,5436800,2.441822
1990-10-12,30.00,31.75,30.00,31.75,3206400,2.490858
1990-10-11,29.87504,30.37504,29.62496,30.00,6310400,2.353566
1990-10-10,30.25,30.87504,29.75,29.87504,5656800,2.343763
1990-10-09,31.75,31.75,30.37504,30.37504,5941600,2.382989
1990-10-08,33.875038,34.124962,30.62496,32.00,6039200,2.510471
1990-10-05,37.124962,37.875038,33.25,33.624962,9519200,2.637952
1990-10-04,36.75,37.624962,36.375038,37.375038,2037600,2.932154
1990-10-03,39.00,39.00,36.875038,37.25,1536000,2.922345
1990-10-02,39.25,39.875038,38.75,38.75,2064800,3.040023
1990-10-01,38.25,39.25,37.624962,39.25,1972800,3.079249
1990-09-28,35.624962,38.00,35.25,38.00,3332800,2.981184
1990-09-27,37.375038,37.624962,35.25,35.875038,6710400,2.814476
1990-09-26,38.75,38.875038,37.25,37.375038,2724800,2.932154
1990-09-25,39.50,39.624962,39.00,39.00,3992800,3.059636
1990-09-24,39.875038,39.875038,39.375038,39.50,1454400,3.098862
1990-09-21,41.124962,41.124962,39.875038,40.124962,3427200,3.147892
1990-09-20,41.50,41.50,40.50,40.875038,1883200,3.206737
1990-09-19,41.875038,41.875038,41.25,41.624962,2202400,3.26557
1990-09-18,41.875038,42.124962,41.75,41.875038,2090400,3.285189
1990-09-17,41.50,42.124962,41.00,42.124962,2404800,3.304796
1990-09-14,41.75,41.875038,41.624962,41.624962,2048000,3.26557
1990-09-13,42.50,42.50,41.75,41.875038,3119200,3.285189
1990-09-12,42.624962,42.624962,42.375038,42.50,3540800,3.334219
1990-09-11,43.124962,43.124962,42.50,42.50,1870400,3.334219
1990-09-10,43.50,43.50,42.875038,43.124962,2698400,3.383248
1990-09-07,43.00,43.375038,43.00,43.25,2232800,3.393058
1990-09-06,43.124962,43.124962,42.624962,42.75,1932000,3.353832
1990-09-05,43.25,43.50,42.875038,43.124962,1294400,3.383248
1990-09-04,43.25,43.25,43.00,43.25,846400,3.393058
1990-08-31,43.50,43.624962,43.124962,43.25,1112000,3.393058
1990-08-30,44.00,44.375038,43.50,43.624962,1374400,3.422475
1990-08-29,43.875038,44.00,43.75,44.00,1360000,3.451897
1990-08-28,44.00,44.124962,43.75,43.875038,1654400,3.442094
1990-08-27,44.00,44.124962,43.624962,44.124962,1330400,3.461701
1990-08-24,44.50,45.00,43.375038,43.50,1531200,3.412671
1990-08-23,45.00,45.124962,44.25,44.25,1658400,3.47151
1990-08-22,46.124962,46.375038,45.25,45.25,1699200,3.549962
1990-08-21,45.75,46.00,45.124962,45.875038,1176800,3.598998
1990-08-20,46.00,46.75,46.00,46.624962,1054400,3.657831
1990-08-17,46.00,46.00,45.50,46.00,1044800,3.608802
1990-08-16,48.25,48.25,46.25,46.375038,1308800,3.638224
1990-08-15,47.00,48.124962,46.624962,48.00,2092800,3.765706
1990-08-14,47.25,47.25,46.375038,46.875038,1232000,3.67745
1990-08-13,47.75,47.75,47.25,47.50,828000,3.72648
1990-08-10,48.624962,48.75,47.875038,48.00,1028800,3.765706
1990-08-09,48.75,48.875038,48.624962,48.75,895200,3.824545
1990-08-08,48.00,48.50,48.00,48.50,1617600,3.804932
1990-08-07,48.00,48.375038,47.375038,47.624962,1316000,3.736283
1990-08-06,46.00,47.75,46.00,47.50,1599200,3.72648
1990-08-03,49.75,49.75,48.50,49.00,1529600,3.844158
1990-08-02,49.624962,50.00,49.624962,49.624962,1301600,3.893188
1990-08-01,50.50,50.875038,49.75,49.875038,1919200,3.912807
1990-07-31,50.375038,51.00,50.375038,50.624962,1146400,3.97164
1990-07-30,50.375038,50.624962,49.75,50.624962,1004800,3.97164
1990-07-27,50.624962,50.875038,50.25,50.375038,1112000,3.952033
1990-07-26,49.75,50.124962,49.25,50.00,748800,3.92261
1990-07-25,50.00,50.00,49.624962,49.624962,779200,3.893188
1990-07-24,50.624962,50.624962,49.624962,49.875038,1801600,3.912807
1990-07-23,51.124962,51.25,49.75,50.375038,1755200,3.952033
1990-07-20,52.75,52.875038,52.00,52.124962,3307200,4.035186
1990-07-19,53.00,53.124962,52.75,52.875038,1328800,4.093252
1990-07-18,53.00,53.124962,52.624962,52.75,1843200,4.083573
1990-07-17,52.624962,53.00,52.25,53.00,872800,4.102926
1990-07-16,53.375038,53.375038,52.875038,52.875038,1425600,4.093252
1990-07-13,53.75,53.875038,53.25,53.375038,983200,4.131959
1990-07-12,53.00,53.375038,52.875038,53.25,1707200,4.12228
1990-07-11,52.875038,53.00,52.75,53.00,2564000,4.102926
1990-07-10,52.50,53.00,52.50,52.624962,2260800,4.073893
1990-07-09,52.25,52.75,52.124962,52.75,802400,4.083573
1990-07-06,51.375038,51.75,51.25,51.75,822400,4.006159
1990-07-05,52.25,52.25,51.375038,51.375038,1032800,3.977132
1990-07-03,52.75,52.75,52.00,52.124962,504000,4.035186
1990-07-02,52.25,52.75,52.124962,52.75,597600,4.083573
1990-06-29,51.875038,52.375038,51.75,52.25,741600,4.044866
1990-06-28,51.75,52.00,51.624962,51.75,514400,4.006159
1990-06-27,51.375038,51.875038,51.375038,51.875038,1158400,4.015839
1990-06-26,51.375038,52.00,51.375038,51.624962,1118400,3.996479
1990-06-25,52.25,52.25,51.124962,51.124962,513600,3.957772
1990-06-22,52.25,52.75,51.875038,52.50,1996000,4.064219
1990-06-21,52.75,52.875038,52.25,52.50,1341600,4.064219
1990-06-20,52.875038,52.875038,52.75,52.875038,1084000,4.093252
1990-06-19,52.75,52.875038,52.624962,52.875038,1136800,4.093252
1990-06-18,53.00,53.00,52.624962,52.624962,1464800,4.073893
1990-06-15,52.50,53.00,52.50,53.00,2513600,4.102926
1990-06-14,53.00,53.00,52.50,52.50,496000,4.064219
1990-06-13,53.124962,53.124962,52.875038,53.124962,580800,4.1126
1990-06-12,52.25,53.25,52.25,53.124962,1323200,4.1126
1990-06-11,52.00,52.75,51.875038,52.25,960000,4.044866
1990-06-08,53.00,53.00,51.875038,52.00,1484800,4.025512
1990-06-07,54.00,54.00,52.75,52.875038,636800,4.093252
1990-06-06,54.124962,54.124962,53.50,53.875038,812000,4.170666
1990-06-05,54.00,54.375038,53.875038,54.124962,1448800,4.190014
1990-06-04,53.00,54.00,52.875038,53.50,2604000,4.141633
1990-06-01,52.624962,53.25,52.25,53.124962,1745600,4.1126
1990-05-31,52.75,52.75,52.50,52.50,1178400,4.064219
1990-05-30,52.25,52.75,52.124962,52.75,2578400,4.083573
1990-05-29,51.875038,52.124962,51.75,52.124962,828000,4.035186
1990-05-25,52.624962,52.624962,51.75,51.875038,1267200,4.015839
1990-05-24,52.624962,53.00,52.624962,52.624962,1623200,4.073893
1990-05-23,52.00,52.875038,51.875038,52.624962,2039200,4.073893
1990-05-22,51.375038,51.875038,51.375038,51.75,1559200,4.006159
1990-05-21,50.875038,51.75,50.75,51.50,1242400,3.986806
1990-05-18,50.75,51.00,50.50,50.875038,708800,3.938425
1990-05-17,52.00,52.00,51.00,51.00,950400,3.948099
1990-05-16,51.50,51.624962,51.25,51.50,690400,3.986806
1990-05-15,51.875038,51.875038,51.50,51.50,2285600,3.986806
1990-05-14,51.75,52.50,51.50,52.124962,2296000,4.035186
1990-05-11,51.00,51.75,50.875038,51.75,5551200,4.006159
1990-05-10,50.124962,50.875038,50.124962,50.75,1597600,3.928745
1990-05-09,50.25,50.25,50.124962,50.25,1462400,3.890038
1990-05-08,50.25,50.25,50.124962,50.124962,1252800,3.880359
1990-05-07,49.25,50.25,49.25,50.124962,2855200,3.880359
1990-05-04,49.25,49.624962,49.00,49.25,1800800,3.812625
1990-05-03,48.50,49.00,48.375038,48.875038,3665600,3.783598
1990-05-02,47.624962,48.50,47.50,48.25,2364000,3.735211
1990-05-01,46.124962,47.624962,46.124962,47.624962,3079200,3.686825
1990-04-30,45.75,46.25,45.75,46.124962,1675200,3.570704
1990-04-27,45.624962,46.50,45.50,45.875038,2054400,3.551356
1990-04-26,45.75,45.75,45.25,45.375038,1607200,3.51265
1990-04-25,45.875038,46.00,45.50,45.50,869600,3.522323
1990-04-24,45.875038,46.00,45.624962,45.624962,1081600,3.531997
1990-04-23,46.124962,46.124962,45.624962,45.875038,1788000,3.551356
1990-04-20,48.25,48.375038,46.624962,46.875038,4014400,3.575355
1990-04-19,49.124962,49.25,48.25,48.375038,1048000,3.689766
1990-04-18,49.75,49.875038,49.00,49.124962,1216800,3.746966
1990-04-17,49.875038,49.875038,49.624962,49.875038,1124800,3.804177
1990-04-16,50.624962,50.75,49.875038,49.875038,1107200,3.804177
1990-04-12,50.375038,50.875038,50.375038,50.375038,666400,3.842314
1990-04-11,50.25,50.875038,50.124962,50.50,1379200,3.851846
1990-04-10,50.624962,50.624962,50.25,50.50,971200,3.851846
1990-04-09,50.124962,50.75,50.00,50.624962,544800,3.861377
1990-04-06,50.624962,50.75,49.624962,50.00,932000,3.813709
1990-04-05,50.75,51.00,50.375038,50.50,611200,3.851846
1990-04-04,51.00,51.00,50.50,50.50,1592800,3.851846
1990-04-03,49.75,50.875038,49.75,50.875038,954400,3.880451
1990-04-02,49.75,49.875038,49.624962,49.75,700000,3.79464
1990-03-30,50.00,50.25,49.875038,50.00,1006400,3.813709
1990-03-29,50.00,50.124962,49.875038,50.124962,548800,3.82324
1990-03-28,49.50,50.25,49.50,50.124962,2211200,3.82324
1990-03-27,48.875038,49.624962,48.75,49.624962,763200,3.785103
1990-03-26,48.75,49.375038,48.75,48.875038,1223200,3.727903
1990-03-23,48.50,48.75,48.375038,48.50,1208000,3.699297
1990-03-22,49.624962,49.875038,48.375038,48.375038,2269600,3.689766
1990-03-21,50.25,50.25,49.875038,49.875038,879200,3.804177
1990-03-20,50.25,50.375038,50.124962,50.25,1793600,3.832777
1990-03-19,50.50,50.50,50.00,50.25,590400,3.832777
1990-03-16,50.624962,50.624962,50.375038,50.624962,2005600,3.861377
1990-03-15,50.375038,50.375038,50.124962,50.124962,577600,3.82324
1990-03-14,50.124962,50.25,50.00,50.124962,1397600,3.82324
1990-03-13,50.00,50.375038,49.875038,50.00,705600,3.813709
1990-03-12,49.75,50.25,49.624962,50.25,685600,3.832777
1990-03-09,50.50,50.50,49.875038,50.00,716800,3.813709
1990-03-08,50.50,50.50,50.25,50.375038,737600,3.842314
1990-03-07,50.75,50.75,50.00,50.25,809600,3.832777
1990-03-06,50.00,50.50,49.75,50.50,838400,3.851846
1990-03-05,51.00,51.25,50.124962,50.124962,1262400,3.82324
1990-03-02,50.875038,51.124962,50.624962,51.00,1578400,3.889983
1990-03-01,49.75,51.00,49.75,51.00,1539200,3.889983
1990-02-28,50.50,50.624962,50.00,50.00,1659200,3.813709
1990-02-27,50.624962,50.75,50.25,50.50,1550400,3.851846
1990-02-26,50.25,50.375038,50.124962,50.375038,1616800,3.842314
1990-02-23,50.375038,50.75,50.00,50.124962,552800,3.82324
1990-02-22,50.875038,51.25,50.624962,50.624962,1825600,3.861377
1990-02-21,50.25,51.25,50.25,51.00,1136800,3.889983
1990-02-20,51.124962,51.25,50.50,50.75,1256000,3.870914
1990-02-16,50.50,51.375038,50.375038,51.25,2324800,3.909051
1990-02-15,49.375038,50.375038,49.25,50.00,3574400,3.813709
1990-02-14,49.50,49.875038,49.124962,49.375038,835200,3.76604
1990-02-13,49.375038,49.624962,48.624962,49.124962,2265600,3.746966
1990-02-12,49.375038,49.75,49.25,49.375038,958400,3.76604
1990-02-09,50.375038,50.375038,49.50,49.50,850400,3.775571
1990-02-08,50.375038,51.50,50.00,50.25,1409600,3.832777
1990-02-07,49.50,50.375038,49.25,50.25,2444000,3.832777
1990-02-06,49.75,50.00,49.624962,49.624962,1453600,3.785103
1990-02-05,50.00,50.25,49.875038,49.875038,560000,3.804177
1990-02-02,49.50,50.375038,49.375038,50.00,1893600,3.813709
1990-02-01,50.124962,50.124962,49.50,49.50,1436800,3.775571
1990-01-31,49.75,50.50,49.624962,50.00,2338400,3.813709
1990-01-30,49.375038,49.624962,49.124962,49.375038,1600000,3.76604
1990-01-29,49.50,49.875038,48.875038,49.25,1338400,3.756503
1990-01-26,50.00,50.00,49.00,49.25,1476000,3.756503
1990-01-25,50.124962,50.50,49.50,49.624962,2444000,3.785103
1990-01-24,48.875038,49.875038,48.50,49.624962,1191200,3.785103
1990-01-23,50.875038,50.875038,48.75,49.50,5587200,3.775571
1990-01-22,52.624962,52.75,50.624962,50.75,1296800,3.870914
1990-01-19,53.124962,53.624962,53.00,53.375038,1157600,4.018508
1990-01-18,53.00,53.375038,52.375038,53.375038,1186400,4.018508
1990-01-17,54.25,54.375038,53.00,53.00,1164800,3.990272
1990-01-16,54.75,54.75,53.875038,54.124962,2750400,4.074968
1990-01-15,54.875038,55.00,54.624962,54.75,1174400,4.122026
1990-01-12,55.875038,55.875038,54.875038,55.00,1395200,4.140848
1990-01-11,56.50,56.75,56.25,56.375038,1537600,4.244372
1990-01-10,58.124962,58.124962,56.375038,56.50,3392000,4.25378
1990-01-09,57.624962,58.375038,57.624962,58.00,2127200,4.366713
1990-01-08,57.375038,57.875038,57.25,57.75,1412800,4.34789
1990-01-05,57.75,58.00,57.25,57.50,1161600,4.329068
1990-01-04,57.75,58.00,57.50,57.875038,2593600,4.357304
1990-01-03,58.00,58.124962,57.75,57.75,2286400,4.34789
1990-01-02,56.25,58.00,56.00,58.00,2039200,4.366713
1989-12-29,56.375038,56.50,56.25,56.50,712800,4.25378
1989-12-28,56.624962,56.624962,56.124962,56.375038,1129600,4.244372
1989-12-27,56.75,56.875038,56.375038,56.50,1177600,4.25378
1989-12-26,56.25,56.75,56.124962,56.624962,989600,4.263188
1989-12-22,55.875038,56.124962,55.75,56.124962,1014400,4.225544
1989-12-21,56.25,56.50,55.50,55.75,2293600,4.197314
1989-12-20,56.375038,56.50,55.875038,56.124962,2450400,4.225544
1989-12-19,55.624962,56.375038,55.624962,56.25,1908000,4.234958
1989-12-18,58.00,58.375038,55.375038,55.75,5188000,4.197314
1989-12-15,59.624962,59.624962,58.00,58.124962,3659200,4.376121
1989-12-14,59.75,59.875038,59.50,59.624962,1744800,4.489053
1989-12-13,60.25,60.375038,59.375038,59.50,1859200,4.479645
1989-12-12,60.624962,60.624962,60.375038,60.50,564000,4.554933
1989-12-11,60.875038,61.00,60.124962,60.50,859200,4.554933
1989-12-08,61.624962,61.624962,60.875038,60.875038,1213600,4.583169
1989-12-07,61.875038,61.875038,61.50,61.50,1858400,4.630221
1989-12-06,61.75,61.875038,61.624962,61.75,2147200,4.649043
1989-12-05,61.875038,62.00,61.624962,61.624962,2813600,4.639629
1989-12-04,61.50,61.75,61.25,61.624962,1860000,4.639629
1989-12-01,61.25,61.624962,61.124962,61.50,5570400,4.630221
1989-11-30,61.25,61.375038,61.00,61.375038,771200,4.620813
1989-11-29,60.875038,61.25,60.624962,61.25,1233600,4.611399
1989-11-28,61.00,61.124962,60.875038,60.875038,1848000,4.583169
1989-11-27,60.75,61.375038,60.624962,60.75,2186400,4.573755
1989-11-24,60.25,61.124962,60.25,61.00,2602400,4.592577
1989-11-22,60.375038,60.624962,60.25,60.50,816000,4.554933
1989-11-21,60.875038,60.875038,60.50,60.624962,1608800,4.564341
1989-11-20,60.50,60.75,60.375038,60.50,1292800,4.554933
1989-11-17,59.875038,60.75,59.875038,60.50,2568800,4.554933
1989-11-16,59.624962,60.124962,59.50,60.124962,933600,4.526697
1989-11-15,59.624962,59.75,58.75,59.624962,929600,4.489053
1989-11-14,59.75,59.875038,59.25,59.375038,808800,4.470237
1989-11-13,60.00,60.00,59.375038,59.624962,1382400,4.489053
1989-11-10,59.50,60.124962,59.50,59.875038,2709600,4.507881
1989-11-09,60.25,60.25,59.25,59.50,1088800,4.479645
1989-11-08,60.00,60.375038,59.875038,60.00,2692000,4.517289
1989-11-07,59.75,60.00,59.375038,59.875038,1189600,4.507881
1989-11-06,60.875038,60.875038,59.25,59.75,652800,4.498467
1989-11-03,61.375038,61.624962,61.25,61.25,2960000,4.611399
1989-11-02,60.75,61.50,60.75,61.375038,1979200,4.620813
1989-11-01,60.50,61.00,60.124962,61.00,1528000,4.592577
1989-10-31,60.00,60.875038,60.00,60.624962,1252000,4.564341
1989-10-30,60.00,60.25,59.624962,59.875038,919200,4.507881
1989-10-27,61.00,61.124962,59.624962,60.00,1893600,4.517289
1989-10-26,61.124962,62.50,60.124962,60.50,3823200,4.554933
1989-10-25,59.875038,61.25,59.75,61.124962,2892000,4.601985
1989-10-24,58.875038,60.375038,58.624962,59.75,5400800,4.498467
1989-10-23,59.75,59.875038,58.75,58.75,2354400,4.423179
1989-10-20,59.624962,60.624962,59.50,60.375038,5230400,4.493576
1989-10-19,59.25,60.00,58.25,59.624962,4506400,4.437749
1989-10-18,56.124962,59.50,56.124962,59.50,3619200,4.428449
1989-10-17,57.375038,57.375038,56.50,57.124962,1785600,4.25168
1989-10-16,57.00,57.875038,56.50,57.25,4147200,4.260986
1989-10-13,59.25,59.375038,56.00,56.00,3036800,4.167952
1989-10-12,59.75,59.75,59.124962,59.25,2055200,4.409842
1989-10-11,59.624962,59.875038,59.375038,59.875038,1251200,4.456362
1989-10-10,59.624962,59.624962,59.375038,59.624962,852800,4.437749
1989-10-09,58.375038,59.75,58.375038,59.50,1216000,4.428449
1989-10-06,59.00,59.624962,59.00,59.50,1838400,4.428449
1989-10-05,58.75,59.00,58.624962,59.00,2172800,4.391235
1989-10-04,59.00,59.00,58.624962,58.875038,1944000,4.381934
1989-10-03,58.25,58.875038,58.25,58.875038,1562400,4.381934
1989-10-02,58.00,58.124962,57.75,58.124962,1532000,4.326108
1989-09-29,57.124962,58.25,55.50,58.00,2410400,4.316807
1989-09-28,56.375038,56.875038,56.375038,56.875038,3349600,4.233079
1989-09-27,56.25,56.50,56.00,56.25,2167200,4.186559
1989-09-26,55.875038,56.75,55.75,56.25,1656800,4.186559
1989-09-25,56.124962,56.124962,55.624962,55.875038,1289600,4.158651
1989-09-22,56.375038,56.375038,56.00,56.124962,3166400,4.177252
1989-09-21,56.624962,56.75,56.375038,56.375038,1544800,4.195865
1989-09-20,56.50,56.875038,56.50,56.75,858400,4.223772
1989-09-19,56.75,56.875038,56.50,56.50,1594400,4.205166
1989-09-18,56.624962,56.624962,56.375038,56.50,1156800,4.205166
1989-09-15,56.375038,56.624962,56.00,56.624962,3110400,4.214466
1989-09-14,56.624962,56.624962,56.00,56.375038,1085600,4.195865
1989-09-13,57.00,57.00,56.50,56.50,1107200,4.205166
1989-09-12,56.624962,56.75,56.50,56.75,767200,4.223772
1989-09-11,57.00,57.00,56.50,56.75,892000,4.223772
1989-09-08,57.75,57.75,56.75,56.75,1368800,4.223772
1989-09-07,58.00,58.00,57.50,57.50,984000,4.279593
1989-09-06,57.875038,57.875038,57.50,57.624962,979200,4.288894
1989-09-05,58.25,58.25,57.75,57.875038,1126400,4.307506
1989-09-01,57.75,58.25,57.75,58.25,1394400,4.335414
1989-08-31,57.50,58.375038,57.50,58.00,1174400,4.316807
1989-08-30,58.124962,58.124962,57.50,57.50,1831200,4.279593
1989-08-29,58.124962,58.25,57.875038,58.00,710400,4.316807
1989-08-28,58.25,58.375038,57.50,58.25,1521600,4.335414
1989-08-25,58.75,58.75,58.124962,58.25,747200,4.335414
1989-08-24,58.00,58.75,58.00,58.75,2197600,4.372628
1989-08-23,57.25,58.00,57.124962,57.75,1354400,4.2982
1989-08-22,57.75,57.75,56.875038,56.875038,1288000,4.233079
1989-08-21,58.875038,58.875038,57.75,57.875038,1686400,4.307506
1989-08-18,58.75,58.875038,58.375038,58.75,1013600,4.372628
1989-08-17,59.00,59.124962,58.25,58.875038,1213600,4.381934
1989-08-16,58.75,59.124962,58.624962,59.124962,995200,4.400535
1989-08-15,58.375038,59.00,58.375038,58.50,999200,4.354021
1989-08-14,58.75,59.124962,58.25,58.375038,799200,4.34472
1989-08-11,59.75,59.875038,58.75,59.124962,1871200,4.400535
1989-08-10,59.75,59.75,58.50,59.375038,1972800,4.419148
1989-08-09,60.00,60.00,59.624962,59.624962,5799200,4.437749
1989-08-08,59.875038,60.124962,59.75,60.00,3345600,4.465663
1989-08-07,59.875038,59.875038,59.124962,59.875038,2707200,4.456362
1989-08-04,59.50,59.75,59.124962,59.75,1797600,4.447056
1989-08-03,58.75,59.624962,58.624962,59.375038,3421600,4.419148
1989-08-02,58.50,58.624962,58.124962,58.624962,2352000,4.363322
1989-08-01,59.75,59.75,58.124962,58.50,2376000,4.354021
1989-07-31,59.50,59.624962,59.124962,59.624962,1338400,4.437749
1989-07-28,58.50,59.25,58.50,59.00,2318400,4.391235
1989-07-27,57.00,58.624962,57.00,58.50,2144800,4.354021
1989-07-26,56.50,57.00,56.375038,57.00,2269600,4.242379
1989-07-25,57.00,57.25,56.624962,56.75,1216000,4.223772
1989-07-24,57.00,57.375038,56.75,57.00,1096800,4.242379
1989-07-21,58.25,58.50,57.50,57.75,1546400,4.246845
1989-07-20,58.75,58.75,58.00,58.00,1129600,4.26523
1989-07-19,58.375038,58.50,57.75,58.50,2284800,4.301999
1989-07-18,58.25,58.25,57.50,58.25,1947200,4.283614
1989-07-17,58.25,58.25,57.875038,58.124962,636000,4.274419
1989-07-14,57.375038,58.25,56.624962,58.25,1533600,4.283614
1989-07-13,58.375038,58.375038,57.375038,57.375038,1239200,4.219271
1989-07-12,58.875038,58.875038,58.124962,58.25,1539200,4.283614
1989-07-11,58.624962,58.875038,58.375038,58.624962,1190400,4.311189
1989-07-10,58.25,58.50,57.875038,58.375038,2588000,4.29281
1989-07-07,57.00,58.25,56.75,58.25,2823200,4.283614
1989-07-06,56.75,57.00,56.624962,57.00,1846400,4.191691
1989-07-05,55.25,56.50,55.124962,56.50,1256000,4.154922
1989-07-03,55.124962,55.375038,55.124962,55.25,953600,4.062999
1989-06-30,55.00,55.375038,54.375038,55.375038,2466400,4.072194
1989-06-29,55.75,55.875038,55.00,55.00,1010400,4.044614
1989-06-28,56.375038,56.375038,55.375038,55.624962,2467200,4.090573
1989-06-27,55.624962,56.375038,55.624962,56.25,1993600,4.136538
1989-06-26,56.124962,56.124962,55.375038,55.624962,1205600,4.090573
1989-06-23,56.00,56.124962,55.75,56.124962,603200,4.127342
1989-06-22,55.375038,55.875038,55.25,55.875038,1580000,4.108963
1989-06-21,55.50,55.50,55.124962,55.50,1273600,4.081384
1989-06-20,55.00,55.375038,54.875038,55.25,1060000,4.062999
1989-06-19,54.50,54.875038,54.375038,54.75,1022400,4.02623
1989-06-16,54.375038,54.50,53.875038,54.25,3175200,3.989461
1989-06-15,54.624962,54.875038,54.375038,54.375038,1792800,3.998656
1989-06-14,55.50,55.624962,54.75,54.75,718400,4.02623
1989-06-13,55.624962,55.75,55.50,55.50,578400,4.081384
1989-06-12,55.875038,55.875038,54.75,55.75,1585600,4.099768
1989-06-09,55.875038,56.25,55.50,55.624962,1856800,4.090573
1989-06-08,55.875038,56.124962,55.75,56.124962,523200,4.127342
1989-06-07,55.375038,56.00,55.375038,55.875038,1365600,4.108963
1989-06-06,55.50,55.50,55.00,55.375038,1340000,4.072194
1989-06-05,55.50,55.75,55.124962,55.25,1110400,4.062999
1989-06-02,55.00,55.50,54.875038,55.25,5697600,4.062999
1989-06-01,54.375038,54.875038,54.375038,54.75,1459200,4.02623
1989-05-31,54.00,54.50,54.00,54.25,2215200,3.989461
1989-05-30,54.00,54.124962,53.75,54.00,1779200,3.971076
1989-05-26,53.375038,53.75,53.25,53.75,1052800,3.952691
1989-05-25,52.75,53.50,52.624962,53.50,1275200,3.934307
1989-05-24,53.00,53.124962,52.124962,52.624962,921600,3.869958
1989-05-23,53.50,53.624962,52.875038,52.875038,757600,3.888348
1989-05-22,54.00,54.124962,53.50,53.624962,854400,3.943496
1989-05-19,53.00,54.124962,53.00,53.875038,1734400,3.961887
1989-05-18,53.50,53.50,53.00,53.00,669600,3.897538
1989-05-17,53.124962,53.50,52.875038,53.50,1329600,3.934307
1989-05-16,52.875038,53.124962,52.75,53.00,1289600,3.897538
1989-05-15,53.00,53.25,52.624962,53.00,1172800,3.897538
1989-05-12,52.25,53.00,52.25,53.00,1280000,3.897538
1989-05-11,51.50,52.00,51.375038,51.875038,1191200,3.81481
1989-05-10,51.875038,51.875038,51.50,51.50,589600,3.78723
1989-05-09,52.00,52.00,51.50,51.50,1102400,3.78723
1989-05-08,52.00,52.124962,51.875038,52.00,1838400,3.823999
1989-05-05,52.25,52.375038,52.124962,52.375038,1798400,3.851579
1989-05-04,52.50,52.75,52.25,52.25,1038400,3.842384
1989-05-03,52.50,52.875038,52.25,52.375038,1692000,3.851579
1989-05-02,52.75,52.875038,52.624962,52.75,1806400,3.879153
1989-05-01,52.375038,52.624962,52.25,52.624962,1587200,3.869958
1989-04-28,52.75,53.25,52.124962,52.25,1395200,3.842384
1989-04-27,52.624962,52.624962,52.124962,52.375038,1648800,3.851579
1989-04-26,53.00,53.00,52.50,52.50,1075200,3.860768
1989-04-25,52.875038,53.00,52.75,52.75,1933600,3.879153
1989-04-24,53.00,53.75,52.75,52.75,745600,3.879153
1989-04-21,53.75,53.875038,53.624962,53.75,1785600,3.90195
1989-04-20,54.25,54.375038,53.25,53.624962,2516800,3.892873
1989-04-19,54.624962,54.624962,54.124962,54.25,1564800,3.938247
1989-04-18,54.375038,54.875038,54.375038,54.624962,1767200,3.965467
1989-04-17,54.00,54.25,53.75,54.124962,859200,3.92917
1989-04-14,53.25,54.00,53.25,54.00,1221600,3.920099
1989-04-13,53.375038,53.50,53.124962,53.25,1375200,3.865653
1989-04-12,53.375038,53.50,53.25,53.375038,995200,3.87473
1989-04-11,52.875038,53.375038,52.75,53.25,1163200,3.865653
1989-04-10,52.375038,52.875038,52.375038,52.75,1936000,3.829356
1989-04-07,51.25,52.375038,51.25,52.375038,1508800,3.802135
1989-04-06,51.124962,51.50,51.00,51.124962,1248800,3.711387
1989-04-05,50.875038,51.375038,50.875038,51.25,1513600,3.720464
1989-04-04,51.00,51.00,50.50,50.875038,1841600,3.693244
1989-04-03,50.375038,51.124962,50.375038,50.875038,2215200,3.693244
1989-03-31,50.00,50.25,50.00,50.25,948000,3.64787
1989-03-30,50.00,50.25,49.875038,50.124962,2086400,3.638792
1989-03-29,50.124962,50.375038,50.00,50.124962,1189600,3.638792
1989-03-28,50.00,50.25,49.875038,50.25,1196000,3.64787
1989-03-27,49.624962,49.875038,49.50,49.875038,1180000,3.620649
1989-03-23,50.124962,50.25,49.75,49.75,2041600,3.611572
1989-03-22,49.875038,50.25,49.75,50.124962,1518400,3.638792
1989-03-21,50.50,50.75,49.875038,50.124962,1384000,3.638792
1989-03-20,49.875038,50.00,49.75,50.00,1376800,3.629721
1989-03-17,49.624962,50.00,49.50,49.75,2544800,3.611572
1989-03-16,50.25,50.624962,50.00,50.124962,1067200,3.638792
1989-03-15,49.75,50.25,49.75,50.124962,1722400,3.638792
1989-03-14,49.875038,50.124962,49.75,49.75,2339200,3.611572
1989-03-13,49.75,50.00,49.624962,49.875038,774400,3.620649
1989-03-10,49.875038,49.875038,49.375038,49.75,756800,3.611572
1989-03-09,49.875038,50.124962,49.875038,50.124962,1096800,3.638792
1989-03-08,50.00,50.375038,49.875038,50.00,974400,3.629721
1989-03-07,50.25,50.25,49.875038,50.00,972800,3.629721
1989-03-06,49.25,50.375038,49.124962,50.375038,1810400,3.656947
1989-03-03,49.75,49.75,49.00,49.00,1440800,3.557127
1989-03-02,49.25,50.00,49.25,49.75,1252800,3.611572
1989-03-01,49.75,49.875038,49.00,49.50,1271200,3.593424
1989-02-28,49.624962,49.75,49.375038,49.624962,1660800,3.602495
1989-02-27,49.25,49.624962,49.124962,49.624962,766400,3.602495
1989-02-24,50.25,50.25,49.00,49.00,1135200,3.557127
1989-02-23,49.50,50.25,49.50,50.124962,540800,3.638792
1989-02-22,50.375038,50.375038,49.375038,49.624962,2766400,3.602495
1989-02-21,50.75,50.875038,50.124962,50.25,1045600,3.64787
1989-02-17,50.75,50.875038,50.50,50.875038,1013600,3.693244
1989-02-16,50.50,50.624962,50.25,50.50,1300800,3.666018
1989-02-15,49.75,50.375038,49.75,50.375038,1461600,3.656947
1989-02-14,49.875038,50.00,49.75,49.75,2391200,3.611572
1989-02-13,49.75,50.00,49.50,50.00,2173600,3.629721
1989-02-10,50.00,50.375038,49.875038,50.00,866400,3.629721
1989-02-09,50.50,50.875038,50.25,50.25,1230400,3.64787
1989-02-08,51.25,51.375038,50.75,50.875038,1740000,3.693244
1989-02-07,50.25,52.25,50.124962,51.00,2053600,3.702315
1989-02-06,50.375038,50.375038,49.75,50.25,1740000,3.64787
1989-02-03,49.624962,50.75,49.624962,50.75,1866400,3.684167
1989-02-02,49.00,49.875038,48.50,49.75,2666400,3.611572
1989-02-01,49.624962,49.75,48.875038,49.25,1296800,3.575275
1989-01-31,49.50,49.875038,49.50,49.50,864000,3.593424
1989-01-30,49.50,49.875038,49.25,49.75,3008800,3.611572
1989-01-27,48.75,50.00,48.75,49.50,2455200,3.593424
1989-01-26,48.124962,48.75,48.00,48.50,1638400,3.520829
1989-01-25,48.25,48.25,48.00,48.25,1510400,3.502681
1989-01-24,47.75,48.375038,47.75,48.25,1532000,3.502681
1989-01-23,47.624962,48.00,47.624962,47.75,568000,3.466384
1989-01-20,48.50,48.50,48.25,48.375038,1270400,3.461667
1989-01-19,48.75,48.75,48.25,48.50,1408000,3.47061
1989-01-18,48.375038,48.75,48.25,48.624962,1733600,3.479552
1989-01-17,48.375038,48.375038,48.25,48.25,1156800,3.45272
1989-01-16,48.375038,48.624962,48.25,48.375038,614400,3.461667
1989-01-13,48.50,48.624962,48.25,48.50,648800,3.47061
1989-01-12,48.875038,48.875038,48.25,48.75,696800,3.488499
1989-01-11,47.875038,48.75,47.875038,48.75,1058400,3.488499
1989-01-10,47.75,47.75,46.75,47.75,3011200,3.41694
1989-01-09,47.75,47.75,47.124962,47.50,7202400,3.399051
1989-01-06,48.00,48.875038,47.75,48.624962,2552800,3.479552
1989-01-05,47.75,48.25,47.50,48.00,2332000,3.43483
1989-01-04,47.124962,47.875038,47.00,47.75,1291200,3.41694
1989-01-03,47.375038,47.375038,46.624962,46.875038,1600000,3.354329
1988-12-30,47.375038,47.75,47.25,47.25,1060000,3.381161
1988-12-29,47.124962,47.50,47.124962,47.25,942400,3.381161
1988-12-28,47.00,47.124962,46.875038,47.00,765600,3.363271
1988-12-27,47.75,47.875038,47.00,47.00,1263200,3.363271
1988-12-23,48.00,48.25,47.75,48.00,820000,3.43483
1988-12-22,46.875038,47.75,46.75,47.50,2112800,3.399051
1988-12-21,47.00,47.25,46.50,46.75,1118400,3.345381
1988-12-20,47.00,47.25,46.875038,46.875038,2017600,3.354329
1988-12-19,46.25,46.624962,46.124962,46.624962,2347200,3.336434
1988-12-16,46.624962,46.624962,46.00,46.375038,2150400,3.318549
1988-12-15,46.624962,46.75,46.50,46.50,1354400,3.327492
1988-12-14,47.25,47.375038,46.50,46.624962,901600,3.336434
1988-12-13,47.50,47.624962,47.00,47.25,1084800,3.381161
1988-12-12,47.624962,47.875038,47.50,47.50,1570400,3.399051
1988-12-09,47.875038,48.00,47.50,47.624962,1364800,3.407993
1988-12-08,48.75,48.875038,48.00,48.00,895200,3.43483
1988-12-07,48.50,49.00,48.50,48.875038,1179200,3.497447
1988-12-06,47.75,48.75,47.624962,48.375038,775200,3.461667
1988-12-05,47.75,48.25,47.624962,48.00,2030400,3.43483
1988-12-02,47.00,47.50,46.624962,47.50,1010400,3.399051
1988-12-01,48.00,48.00,47.124962,47.375038,1462400,3.390108
1988-11-30,46.875038,48.25,46.875038,48.00,2044000,3.43483
1988-11-29,47.00,47.00,46.50,46.875038,862400,3.354329
1988-11-28,47.75,47.875038,46.75,46.875038,1054400,3.354329
1988-11-25,48.00,48.124962,47.50,47.875038,990400,3.425888
1988-11-23,47.75,48.25,47.75,48.25,1750400,3.45272
1988-11-22,47.624962,48.00,47.50,47.875038,1336800,3.425888
1988-11-21,47.75,48.00,47.50,47.624962,1490400,3.407993
1988-11-18,47.50,48.00,47.50,48.00,984000,3.43483
1988-11-17,47.50,47.75,47.25,47.75,780000,3.41694
1988-11-16,47.624962,47.624962,47.25,47.375038,1097600,3.390108
1988-11-15,47.50,47.75,47.375038,47.50,728800,3.399051
1988-11-14,47.50,47.75,47.124962,47.375038,1405600,3.390108
1988-11-11,47.875038,47.875038,47.00,47.124962,1520000,3.372213
1988-11-10,48.00,48.25,47.875038,47.875038,873600,3.425888
1988-11-09,48.00,48.25,47.624962,48.00,1504800,3.43483
1988-11-08,48.75,48.875038,48.00,48.00,1922400,3.43483
1988-11-07,48.25,48.875038,48.25,48.50,1928800,3.47061
1988-11-04,49.75,49.875038,49.124962,49.375038,5469600,3.533226
1988-11-03,50.00,50.124962,49.875038,50.00,2641600,3.577948
1988-11-02,50.00,50.124962,49.75,50.00,2143200,3.577948
1988-11-01,50.50,50.50,50.00,50.00,1413600,3.577948
1988-10-31,49.75,50.375038,49.624962,50.375038,1560000,3.604785
1988-10-28,50.50,50.50,49.875038,50.00,2499200,3.577948
1988-10-27,50.624962,50.624962,49.50,50.375038,1772800,3.604785
1988-10-26,51.00,51.00,50.50,50.75,792000,3.631617
1988-10-25,50.75,51.00,50.624962,50.875038,664000,3.640565
1988-10-24,50.50,51.00,50.375038,50.624962,1259200,3.62267
1988-10-21,51.50,51.75,51.124962,51.25,2207200,3.618021
1988-10-20,51.124962,51.75,50.875038,51.75,908000,3.653319
1988-10-19,51.50,51.624962,50.50,50.875038,800000,3.59155
1988-10-18,51.124962,51.375038,50.75,51.375038,1028000,3.626848
1988-10-17,51.00,51.50,51.00,51.124962,1254400,3.609194
1988-10-14,51.124962,51.375038,51.124962,51.124962,1042400,3.609194
1988-10-13,50.75,51.25,50.75,51.00,957600,3.600372
1988-10-12,51.624962,51.624962,50.75,51.00,1325600,3.600372
1988-10-11,51.50,51.875038,51.50,51.875038,1104800,3.662146
1988-10-10,52.00,52.00,51.375038,51.75,2472800,3.653319
1988-10-07,51.00,52.25,50.75,52.124962,2540800,3.679789
1988-10-06,51.00,51.124962,50.875038,50.875038,472800,3.59155
1988-10-05,50.875038,51.25,50.624962,51.124962,2179200,3.609194
1988-10-04,51.25,51.50,50.75,51.00,720800,3.600372
1988-10-03,50.875038,51.50,50.375038,51.50,1319200,3.63567
1988-09-30,51.50,51.875038,50.75,50.75,4422400,3.582723
1988-09-29,51.00,51.875038,50.875038,51.375038,1140800,3.626848
1988-09-28,50.875038,51.00,50.75,50.875038,672000,3.59155
1988-09-27,51.124962,51.25,50.75,51.00,1316800,3.600372
1988-09-26,51.25,51.25,50.75,51.25,1724800,3.618021
1988-09-23,51.50,51.50,50.75,51.25,2196000,3.618021
1988-09-22,52.00,52.25,51.124962,51.50,927200,3.63567
1988-09-21,52.00,52.50,51.624962,52.25,1961600,3.688617
1988-09-20,51.50,52.00,51.50,51.75,1368000,3.653319
1988-09-19,51.50,51.875038,51.375038,51.624962,1950400,3.644492
1988-09-16,50.624962,51.75,50.624962,51.50,4491200,3.63567
1988-09-15,50.25,51.124962,50.124962,50.75,4948800,3.582723
1988-09-14,51.75,51.75,49.875038,50.25,5416800,3.547426
1988-09-13,51.875038,52.124962,51.124962,52.00,2637600,3.670968
1988-09-12,51.375038,52.25,51.25,52.00,4850400,3.670968
1988-09-09,50.50,51.124962,50.00,51.00,2218400,3.600372
1988-09-08,49.50,50.875038,49.50,50.50,5416800,3.565074
1988-09-07,49.00,49.75,49.00,49.624962,4269600,3.503301
1988-09-06,48.00,48.875038,47.875038,48.75,4152000,3.441532
1988-09-02,47.124962,48.00,47.124962,48.00,1865600,3.388586
1988-09-01,47.00,47.124962,46.50,46.875038,1868000,3.309168
1988-08-31,47.75,48.00,47.375038,47.375038,1188000,3.344466
1988-08-30,47.875038,48.25,47.75,47.875038,897600,3.379764
1988-08-29,47.624962,48.25,47.624962,48.00,831200,3.388586
1988-08-26,47.75,47.875038,47.375038,47.375038,476800,3.344466
1988-08-25,47.25,47.875038,47.00,47.75,1140000,3.370937
1988-08-24,47.50,47.875038,47.375038,47.875038,902400,3.379764
1988-08-23,47.624962,47.624962,46.624962,47.375038,1267200,3.344466
1988-08-22,48.50,48.50,47.375038,47.50,1928000,3.353288
1988-08-19,48.624962,48.75,48.124962,48.624962,1018400,3.432705
1988-08-18,48.124962,48.75,48.124962,48.375038,2044000,3.415062
1988-08-17,47.875038,48.25,47.624962,48.124962,1296000,3.397407
1988-08-16,46.50,48.25,46.50,48.00,2689600,3.388586
1988-08-15,47.50,47.50,46.875038,46.875038,1719200,3.309168
1988-08-12,47.124962,47.624962,47.00,47.50,1300000,3.353288
1988-08-11,46.50,47.00,46.50,47.00,1337600,3.31799
1988-08-10,46.75,46.875038,46.25,46.624962,1605600,3.291514
1988-08-09,48.00,48.00,47.00,47.124962,1400800,3.326812
1988-08-08,47.50,48.00,47.50,47.75,1187200,3.370937
1988-08-05,48.00,48.124962,47.375038,47.75,2670400,3.370937
1988-08-04,47.624962,48.50,47.624962,48.25,2944000,3.406234
1988-08-03,46.75,47.875038,46.75,47.624962,3332000,3.36211
1988-08-02,47.25,47.25,46.875038,47.00,2824000,3.31799
1988-08-01,45.00,46.75,45.00,46.50,1692000,3.282692
1988-07-29,44.75,45.50,43.00,45.50,3209600,3.212097
1988-07-28,44.124962,44.875038,43.875038,44.624962,2040800,3.150323
1988-07-27,44.25,44.50,44.124962,44.124962,1294400,3.115025
1988-07-26,43.875038,44.50,43.875038,44.124962,1383200,3.115025
1988-07-25,43.50,44.50,43.50,44.124962,1154400,3.115025
1988-07-22,44.375038,44.50,44.00,44.25,28032800,3.075142
1988-07-21,44.75,44.75,44.25,44.375038,829600,3.083831
1988-07-20,44.75,44.875038,44.25,44.75,1012800,3.109889
1988-07-19,45.00,45.25,44.50,44.75,55536800,3.109889
1988-07-18,45.00,45.124962,44.75,45.00,1109600,3.127263
1988-07-15,44.875038,45.25,44.75,45.124962,1648000,3.135947
1988-07-14,44.875038,45.124962,44.624962,44.875038,940000,3.118578
1988-07-13,44.25,44.875038,44.124962,44.875038,1686400,3.118578
1988-07-12,44.624962,44.624962,44.124962,44.124962,1607200,3.066452
1988-07-11,44.25,44.75,44.25,44.50,2452000,3.092515
1988-07-08,44.375038,44.75,44.375038,44.50,1168000,3.092515
1988-07-07,45.375038,45.375038,44.375038,44.50,5934400,3.092515
1988-07-06,46.25,46.25,45.25,45.50,3541600,3.16201
1988-07-05,45.00,46.25,45.00,46.25,1778400,3.214131
1988-07-01,45.25,45.50,45.124962,45.25,819200,3.144636
1988-06-30,44.75,45.25,44.75,45.124962,1233600,3.135947
1988-06-29,45.00,45.25,44.75,44.75,902400,3.109889
1988-06-28,44.50,45.50,44.50,45.124962,3520800,3.135947
1988-06-27,45.50,45.624962,44.50,44.50,1077600,3.092515
1988-06-24,45.75,46.00,45.375038,45.50,1551200,3.16201
1988-06-23,45.50,45.75,45.25,45.624962,1314400,3.170694
1988-06-22,45.375038,45.75,45.375038,45.50,2436800,3.16201
1988-06-21,45.25,45.25,44.875038,45.124962,1509600,3.135947
1988-06-20,45.25,45.375038,45.00,45.00,1532800,3.127263
1988-06-17,45.375038,45.50,45.124962,45.375038,3110400,3.153326
1988-06-16,45.25,45.375038,45.00,45.124962,2517600,3.135947
1988-06-15,44.875038,45.25,44.875038,45.25,1899200,3.144636
1988-06-14,44.624962,45.50,44.624962,45.00,2284000,3.127263
1988-06-13,44.75,45.00,44.624962,44.75,868800,3.109889
1988-06-10,45.00,45.25,44.75,45.00,1311200,3.127263
1988-06-09,45.124962,45.25,44.875038,45.00,1780800,3.127263
1988-06-08,44.75,45.124962,44.50,45.00,2256000,3.127263
1988-06-07,44.50,44.624962,44.124962,44.375038,2785600,3.083831
1988-06-06,44.25,44.50,44.124962,44.50,1341600,3.092515
1988-06-03,44.124962,44.375038,44.00,44.375038,1932800,3.083831
1988-06-02,44.375038,44.624962,44.25,44.375038,1612800,3.083831
1988-06-01,44.124962,45.50,44.124962,44.50,3798400,3.092515
1988-05-31,42.25,44.00,42.25,43.875038,2709600,3.049084
1988-05-27,42.124962,42.375038,42.00,42.25,987200,2.936152
1988-05-26,42.00,42.25,41.75,42.124962,2706400,2.927463
1988-05-25,42.00,42.375038,42.00,42.124962,2339200,2.927463
1988-05-24,40.75,41.875038,40.75,41.75,1633600,2.901405
1988-05-23,40.875038,41.00,40.50,40.75,1152800,2.83191
1988-05-20,40.50,40.875038,40.375038,40.875038,1074400,2.8406
1988-05-19,40.00,40.375038,39.75,40.375038,4780800,2.805852
1988-05-18,40.00,40.375038,39.875038,40.124962,2638400,2.788473
1988-05-17,40.875038,41.00,40.00,40.00,3301600,2.779789
1988-05-16,40.50,40.875038,40.50,40.75,3852800,2.83191
1988-05-13,40.375038,41.00,40.375038,40.624962,2420800,2.823221
1988-05-12,39.875038,40.624962,39.75,40.124962,5674400,2.788473
1988-05-11,40.124962,40.25,39.50,39.75,3617600,2.762415
1988-05-10,40.25,40.50,40.25,40.25,4147200,2.797163
1988-05-09,40.50,40.875038,40.375038,40.50,2720800,2.814536
1988-05-06,41.124962,41.50,40.624962,40.624962,3498400,2.823221
1988-05-05,41.00,41.375038,40.624962,41.375038,2261600,2.875347
1988-05-04,41.25,41.75,41.124962,41.50,2709600,2.884031
1988-05-03,41.375038,42.124962,41.25,41.375038,3024000,2.875347
1988-05-02,41.624962,44.50,41.00,41.624962,3342400,2.892715
1988-04-29,43.25,43.25,41.75,42.00,3683200,2.918778
1988-04-28,42.875038,43.375038,42.75,43.124962,1178400,2.996957
1988-04-27,43.25,43.50,42.624962,42.75,1240800,2.970899
1988-04-26,42.375038,43.875038,42.375038,43.375038,3478400,3.014336
1988-04-25,42.375038,42.875038,42.375038,42.624962,2016000,2.96221
1988-04-22,42.50,42.875038,42.50,42.75,1688800,2.922948
1988-04-21,42.50,43.375038,42.375038,42.624962,2546400,2.914399
1988-04-20,42.375038,43.00,42.375038,42.50,1692800,2.905855
1988-04-19,42.875038,43.00,42.375038,42.375038,2072800,2.897311
1988-04-18,42.624962,42.875038,42.50,42.624962,865600,2.914399
1988-04-15,43.624962,43.624962,42.50,42.50,4466400,2.905855
1988-04-14,45.00,45.124962,43.25,43.375038,2287200,2.965684
1988-04-13,45.00,45.50,45.00,45.375038,1685600,3.10243
1988-04-12,44.624962,45.50,44.624962,45.25,2197600,3.093881
1988-04-11,44.375038,44.50,44.00,44.50,1253600,3.042601
1988-04-08,43.75,44.25,43.75,44.25,2372000,3.025508
1988-04-07,44.375038,44.50,43.50,43.624962,4277600,2.982772
1988-04-06,44.875038,44.875038,44.25,44.375038,3095200,3.034057
1988-04-05,44.124962,44.875038,44.124962,44.875038,2344800,3.068243
1988-04-04,43.875038,44.25,43.375038,43.50,1804000,2.974228
1988-03-31,43.00,44.00,42.624962,43.875038,1684000,2.99987
1988-03-30,43.75,44.00,42.875038,42.875038,2126400,2.931497
1988-03-29,43.75,44.00,43.124962,43.50,3450400,2.974228
1988-03-28,43.875038,43.875038,43.25,43.25,2119200,2.957135
1988-03-25,44.00,44.624962,43.875038,44.00,1659200,3.008414
1988-03-24,44.50,44.624962,44.00,44.124962,2783200,3.016958
1988-03-23,44.50,45.00,44.25,44.75,3108800,3.059694
1988-03-22,45.25,45.50,45.00,45.00,1787200,3.076787
1988-03-21,45.375038,45.375038,45.00,45.25,1369600,3.093881
1988-03-18,46.00,46.00,45.25,45.375038,3895200,3.10243
1988-03-17,46.375038,46.375038,45.624962,45.75,1201600,3.128067
1988-03-16,46.25,46.375038,46.00,46.25,1641600,3.162254
1988-03-15,46.375038,46.375038,46.124962,46.25,1540800,3.162254
1988-03-14,46.50,46.624962,46.124962,46.25,968000,3.162254
1988-03-11,46.875038,46.875038,45.75,46.624962,1514400,3.187891
1988-03-10,47.25,47.25,46.50,46.75,1956000,3.19644
1988-03-09,47.75,48.00,47.00,47.25,1770400,3.230627
1988-03-08,47.624962,48.124962,47.375038,47.75,1028800,3.264813
1988-03-07,47.624962,47.75,47.25,47.75,827200,3.264813
1988-03-04,47.875038,47.875038,47.50,47.624962,1041600,3.256264
1988-03-03,47.875038,48.00,47.624962,48.00,1106400,3.281907
1988-03-02,47.624962,48.00,47.624962,47.75,1362400,3.264813
1988-03-01,47.75,48.00,47.50,47.624962,2182400,3.256264
1988-02-29,46.75,47.624962,46.75,47.624962,1749600,3.256264
1988-02-26,46.375038,47.00,46.25,46.75,1763200,3.19644
1988-02-25,47.875038,48.124962,46.25,46.25,1923200,3.162254
1988-02-24,48.375038,48.375038,48.00,48.00,1617600,3.281907
1988-02-23,49.25,49.375038,48.375038,48.50,1360800,3.316093
1988-02-22,49.00,49.50,48.624962,49.375038,2420000,3.375922
1988-02-19,47.624962,48.875038,47.375038,48.624962,1320000,3.324637
1988-02-18,46.75,47.375038,46.375038,47.375038,1253600,3.239176
1988-02-17,47.25,47.75,46.624962,46.75,2020000,3.19644
1988-02-16,47.00,47.124962,46.375038,47.124962,1597600,3.222078
1988-02-12,46.75,47.50,46.75,47.00,2118400,3.213534
1988-02-11,47.375038,47.375038,46.875038,47.00,1282400,3.213534
1988-02-10,45.875038,47.375038,45.875038,47.375038,1356800,3.239176
1988-02-09,46.124962,46.375038,45.375038,45.50,1832000,3.110974
1988-02-08,47.00,47.00,46.50,46.624962,1391200,3.187891
1988-02-05,47.875038,48.124962,47.25,47.375038,1484800,3.239176
1988-02-04,48.624962,48.75,47.25,47.50,2152000,3.24772
1988-02-03,49.75,49.875038,48.75,48.875038,2112800,3.341736
1988-02-02,49.50,49.75,49.25,49.624962,1370400,3.39301
1988-02-01,49.375038,49.875038,49.25,49.624962,2992800,3.39301
1988-01-29,48.00,49.25,47.875038,49.25,2615200,3.367373
1988-01-28,47.25,47.75,47.124962,47.75,1648000,3.264813
1988-01-27,46.624962,47.25,46.50,47.124962,1341600,3.222078
1988-01-26,46.25,46.624962,45.875038,46.624962,3101600,3.187891
1988-01-25,45.25,46.75,45.25,46.124962,2157600,3.153705
1988-01-22,45.375038,45.50,44.75,45.00,1559200,3.076787
1988-01-21,45.50,45.50,44.75,45.00,1345600,3.076787
1988-01-20,45.875038,46.00,45.00,45.375038,1724000,3.10243
1988-01-19,46.25,46.75,45.875038,46.25,2208000,3.162254
1988-01-18,46.00,46.50,46.00,46.375038,1995200,3.170803
1988-01-15,46.375038,46.75,45.875038,46.00,2004000,3.14516
1988-01-14,45.75,46.00,45.624962,45.875038,1124800,3.136616
1988-01-13,44.00,46.375038,44.00,46.00,5107200,3.14516
1988-01-12,44.624962,45.624962,43.50,44.124962,2130400,3.016958
1988-01-11,44.50,44.50,43.624962,44.50,12456000,3.042601
1988-01-08,46.50,46.624962,43.875038,43.875038,3692800,2.99987
1988-01-07,47.124962,47.375038,46.50,47.25,44271200,3.183449
1988-01-06,46.00,47.25,45.875038,47.25,4808000,3.183449
1988-01-05,45.875038,46.50,45.75,45.875038,2562400,3.090812
1988-01-04,45.375038,46.624962,45.375038,46.124962,2920000,3.10765
1987-12-31,44.624962,45.75,44.50,45.25,1137600,3.0487
1987-12-30,44.375038,45.00,44.375038,44.624962,1785600,3.006588
1987-12-29,44.50,44.75,44.25,44.375038,1121600,2.98975
1987-12-28,44.875038,44.875038,44.124962,44.624962,1195200,3.006588
1987-12-24,45.375038,45.624962,44.75,44.875038,888800,3.023437
1987-12-23,44.75,45.50,44.75,45.50,2385600,3.065544
1987-12-22,45.25,45.624962,44.75,45.00,2509600,3.031856
1987-12-21,45.50,45.875038,45.00,45.50,1792800,3.065544
1987-12-18,45.25,45.50,44.75,45.375038,3195200,3.057124
1987-12-17,45.624962,45.875038,44.75,45.00,2226400,3.031856
1987-12-16,44.375038,45.624962,44.25,45.624962,1941600,3.073963
1987-12-15,45.25,45.75,44.25,44.50,3423200,2.998169
1987-12-14,44.00,45.124962,44.00,45.00,2245600,3.031856
1987-12-11,44.124962,44.875038,43.75,44.124962,1488000,2.972901
1987-12-10,44.25,44.875038,44.124962,44.124962,2073600,2.972901
1987-12-09,44.375038,44.875038,44.25,44.75,2208000,3.015013
1987-12-08,44.75,45.00,44.25,44.624962,1808800,3.006588
1987-12-07,44.624962,45.00,44.50,44.875038,2059200,3.023437
1987-12-04,44.00,45.00,43.875038,44.75,3352000,3.015013
1987-12-03,44.875038,45.124962,44.375038,44.375038,2164800,2.98975
1987-12-02,44.875038,45.375038,44.624962,44.624962,2604000,3.006588
1987-12-01,44.875038,45.375038,44.624962,44.875038,2027200,3.023437
1987-11-30,45.50,45.50,44.124962,44.50,2608000,2.998169
1987-11-27,46.25,46.75,45.75,45.75,1232800,3.082387
1987-11-25,48.00,48.25,46.124962,46.124962,1431200,3.10765
1987-11-24,48.00,48.75,48.00,48.124962,1614400,3.242399
1987-11-23,48.624962,49.124962,47.75,47.75,2028800,3.217137
1987-11-20,47.875038,49.25,47.75,49.00,1849600,3.301355
1987-11-19,49.00,50.25,48.25,48.75,2028000,3.284511
1987-11-18,48.875038,49.25,48.624962,49.25,2484800,3.318198
1987-11-17,49.375038,49.375038,48.25,48.75,2152800,3.284511
1987-11-16,50.00,50.375038,49.375038,49.50,3415200,3.335042
1987-11-13,50.25,51.00,50.124962,50.124962,6632000,3.377149
1987-11-12,51.124962,51.624962,49.75,50.00,2371200,3.368729
1987-11-11,50.50,50.875038,50.375038,50.50,1317600,3.402417
1987-11-10,49.00,49.875038,49.00,49.75,1626400,3.351886
1987-11-09,51.25,51.875038,50.624962,50.624962,1759200,3.410836
1987-11-06,51.50,53.50,51.50,52.124962,1566400,3.511898
1987-11-05,50.75,52.25,50.75,51.50,2228800,3.469791
1987-11-04,50.124962,50.875038,50.00,50.624962,1982400,3.410836
1987-11-03,50.00,51.00,49.25,50.875038,4906400,3.427685
1987-11-02,50.875038,51.375038,50.624962,51.124962,1342400,3.444523
1987-10-30,51.25,52.00,50.875038,51.124962,4256800,3.444523
1987-10-29,51.624962,52.00,50.50,50.75,4178400,3.41926
1987-10-28,51.25,52.875038,51.00,51.75,1444800,3.486635
1987-10-27,53.00,53.25,51.00,52.124962,2301600,3.511898
1987-10-26,51.25,52.50,50.124962,50.124962,1823200,3.377149
1987-10-23,51.00,53.624962,50.624962,52.50,2011200,3.537166
1987-10-22,48.00,52.00,48.00,51.00,7330400,3.436104
1987-10-21,50.75,52.00,50.624962,52.00,6697600,3.503479
1987-10-20,50.00,53.124962,46.00,48.124962,12168000,3.242399
1987-10-19,57.25,57.25,50.00,50.00,7666400,3.368729
1987-10-16,60.00,60.624962,58.50,59.00,11693600,3.975101
1987-10-15,60.25,60.50,59.875038,59.875038,5092000,4.034056
1987-10-14,61.00,61.25,60.375038,60.50,2827200,4.076163
1987-10-13,60.75,61.50,60.00,61.50,2813600,4.143537
1987-10-12,60.124962,60.75,60.00,60.50,1878400,4.076163
1987-10-09,60.25,60.624962,60.124962,60.375038,5552800,4.067743
1987-10-08,60.00,60.624962,59.75,60.00,8521600,4.042475
1987-10-07,60.624962,61.25,60.25,60.875038,25332000,4.054942
1987-10-06,61.50,61.50,60.875038,60.875038,6068800,4.054942
1987-10-05,60.375038,61.75,60.25,61.624962,7155200,4.104895
1987-10-02,60.25,60.50,60.00,60.25,5208000,4.013308
1987-10-01,60.875038,61.124962,59.75,60.375038,8096800,4.021637
1987-09-30,60.50,61.375038,60.375038,60.624962,6003200,4.038284
1987-09-29,60.124962,60.875038,60.124962,60.25,1816000,4.013308
1987-09-28,59.875038,60.375038,59.75,59.875038,1712000,3.988331
1987-09-25,59.624962,60.00,59.50,59.75,5095200,3.980002
1987-09-24,59.875038,60.25,59.624962,59.75,4710400,3.980002
1987-09-23,60.124962,60.624962,59.75,60.124962,3186400,4.004979
1987-09-22,59.25,60.25,59.00,59.75,1528800,3.980002
1987-09-21,59.875038,60.25,59.25,59.375038,2512000,3.955026
1987-09-18,59.375038,60.00,59.124962,59.50,5301600,3.96335
1987-09-17,59.375038,59.50,58.875038,59.124962,5280800,3.938368
1987-09-16,59.75,59.75,59.124962,59.375038,2060800,3.955026
1987-09-15,60.75,60.75,59.75,59.75,1066400,3.980002
1987-09-14,60.624962,60.875038,60.00,60.624962,2032000,4.038284
1987-09-11,60.25,61.00,60.124962,60.375038,5759200,4.021637
1987-09-10,60.875038,60.875038,60.25,60.25,5456800,4.013308
1987-09-09,60.00,60.75,60.00,60.375038,4175200,4.021637
1987-09-08,60.375038,60.375038,59.375038,60.124962,3720000,4.004979
1987-09-04,60.75,60.875038,60.50,60.50,1125600,4.029961
1987-09-03,60.375038,60.50,59.75,60.50,7720800,4.029961
1987-09-02,60.75,61.25,60.124962,60.375038,7910400,4.021637
1987-09-01,62.124962,62.624962,61.124962,61.50,2768000,4.096571
1987-08-31,61.25,62.00,61.25,62.00,2136000,4.129877
1987-08-28,62.375038,62.375038,61.375038,61.50,2552800,4.096571
1987-08-27,63.25,63.875038,62.25,62.50,2952000,4.163182
1987-08-26,64.00,64.124962,63.375038,63.375038,5554400,4.221469
1987-08-25,64.00,64.25,63.624962,64.00,5948000,4.263099
1987-08-24,64.00,64.124962,63.624962,63.75,2002400,4.246446
1987-08-21,63.50,64.00,63.375038,63.875038,2653600,4.254775
1987-08-20,62.375038,63.75,62.25,63.624962,5095200,4.238117
1987-08-19,61.624962,62.375038,61.50,62.25,2983200,4.14653
1987-08-18,61.624962,61.875038,61.25,61.624962,3728800,4.104895
1987-08-17,61.75,62.25,61.75,62.00,4636000,4.129877
1987-08-14,61.25,61.75,61.124962,61.124962,3876000,4.07159
1987-08-13,60.875038,62.25,60.875038,61.50,7548800,4.096571
1987-08-12,60.124962,61.00,60.124962,60.624962,7900000,4.038284
1987-08-11,59.875038,60.124962,59.624962,60.124962,4840000,4.004979
1987-08-10,58.124962,59.50,57.875038,59.50,6267200,3.96335
1987-08-07,58.50,58.75,57.75,58.124962,3475200,3.871757
1987-08-06,57.50,58.375038,57.124962,58.375038,4476000,3.888415
1987-08-05,57.624962,58.124962,57.50,57.50,2963200,3.830128
1987-08-04,57.375038,57.624962,56.875038,57.375038,1932000,3.821804
1987-08-03,57.375038,57.75,57.124962,57.25,1960800,3.813475
1987-07-31,58.00,58.124962,57.375038,57.50,3480000,3.830128
1987-07-30,58.25,58.375038,57.50,57.75,2782400,3.84678
1987-07-29,58.75,58.875038,58.124962,58.375038,2487200,3.888415
1987-07-28,58.624962,59.25,58.624962,59.00,3304800,3.930044
1987-07-27,58.00,58.624962,57.875038,58.624962,1330400,3.905062
1987-07-24,58.375038,58.50,58.00,58.00,894400,3.863433
1987-07-23,58.75,58.875038,58.25,58.375038,1318400,3.888415
1987-07-22,59.25,59.25,58.624962,58.875038,1207200,3.92172
1987-07-21,59.124962,59.624962,59.00,59.00,1431200,3.930044
1987-07-20,59.50,59.624962,59.25,59.25,1659200,3.946697
1987-07-17,59.75,59.75,59.375038,59.624962,1569600,3.971673
1987-07-16,59.624962,59.875038,59.50,59.624962,14800000,3.971673
1987-07-15,59.375038,60.00,59.375038,59.75,2942400,3.980002
1987-07-14,59.124962,59.75,59.00,59.75,2944800,3.980002
1987-07-13,58.624962,59.124962,58.624962,59.00,1290400,3.930044
1987-07-10,58.624962,58.75,58.25,58.624962,2007200,3.905062
1987-07-09,59.375038,59.624962,59.25,59.25,6831200,3.900735
1987-07-08,59.50,59.75,59.375038,59.375038,4834400,3.908967
1987-07-07,59.624962,60.124962,59.50,59.75,9600000,3.933653
1987-07-06,59.875038,60.00,58.875038,59.624962,6397600,3.925421
1987-07-02,59.75,59.875038,59.375038,59.624962,5811200,3.925421
1987-07-01,59.50,60.00,59.375038,60.00,3550400,3.950112
1987-06-30,59.875038,59.875038,59.375038,59.50,4354400,3.917194
1987-06-29,59.375038,59.75,59.375038,59.50,5162400,3.917194
1987-06-26,59.375038,59.624962,59.375038,59.375038,6445600,3.908967
1987-06-25,59.624962,60.124962,59.375038,59.375038,7264000,3.908967
1987-06-24,59.25,59.624962,59.25,59.624962,1459200,3.925421
1987-06-23,59.50,59.624962,59.124962,59.25,3384000,3.900735
1987-06-22,59.75,60.124962,59.624962,59.624962,6401600,3.925421
1987-06-19,60.75,60.75,59.00,59.624962,6255200,3.925421
1987-06-18,60.624962,60.875038,60.25,60.75,4138400,3.999488
1987-06-17,61.00,61.25,60.75,60.875038,1736800,4.00772
1987-06-16,60.875038,61.00,60.624962,60.875038,1772800,4.00772
1987-06-15,60.00,61.25,60.00,61.00,4636000,4.015947
1987-06-12,58.124962,59.50,58.124962,59.50,9440000,3.917194
1987-06-11,57.124962,57.75,57.124962,57.75,7107200,3.801982
1987-06-10,57.25,57.875038,56.50,57.00,6599200,3.752606
1987-06-09,57.375038,57.375038,56.75,57.00,2840800,3.752606
1987-06-08,57.00,57.50,56.875038,57.50,1463200,3.785524
1987-06-05,57.25,57.375038,57.00,57.25,3544800,3.769065
1987-06-04,57.624962,57.624962,57.25,57.624962,6092000,3.79375
1987-06-03,57.624962,58.124962,57.375038,57.624962,6683200,3.79375
1987-06-02,57.25,57.50,57.00,57.25,1338400,3.769065
1987-06-01,57.124962,57.50,57.124962,57.25,2931200,3.769065
1987-05-29,57.624962,57.75,57.124962,57.25,1015200,3.769065
1987-05-28,57.375038,57.624962,57.124962,57.50,2524000,3.785524
1987-05-27,57.75,58.00,57.25,57.50,3953600,3.785524
1987-05-26,57.50,58.124962,57.25,58.124962,3264000,3.826668
1987-05-22,56.875038,57.375038,56.75,57.00,5964800,3.752606
1987-05-21,56.50,57.00,56.375038,56.75,2068000,3.736147
1987-05-20,56.50,56.624962,56.124962,56.25,1580000,3.70323
1987-05-19,57.00,57.875038,56.375038,56.50,2652000,3.719688
1987-05-18,57.25,57.50,56.875038,57.00,3010400,3.752606
1987-05-15,57.375038,57.50,57.124962,57.124962,3876000,3.760833
1987-05-14,57.375038,58.00,57.375038,58.00,2852000,3.818441
1987-05-13,58.00,58.124962,57.375038,57.375038,2142400,3.777297
1987-05-12,58.124962,58.25,57.50,57.75,2243200,3.801982
1987-05-11,58.50,59.50,57.875038,58.124962,3763200,3.826668
1987-05-08,58.124962,58.25,57.50,57.875038,2349600,3.810214
1987-05-07,57.75,58.25,57.50,58.124962,2529600,3.826668
1987-05-06,57.75,58.875038,57.25,57.50,3301600,3.785524
1987-05-05,57.124962,58.124962,57.124962,58.00,4197600,3.818441
1987-05-04,57.124962,57.124962,56.00,56.875038,6270400,3.744379
1987-05-01,57.75,57.875038,57.00,57.124962,2855200,3.760833
1987-04-30,56.75,58.124962,56.75,57.75,2143200,3.801982
1987-04-29,56.25,56.875038,56.25,56.75,2872800,3.736147
1987-04-28,56.00,56.375038,55.75,56.00,4180800,3.686771
1987-04-27,56.624962,56.624962,55.624962,55.875038,6418400,3.678544
1987-04-24,56.875038,57.00,56.50,56.50,2300000,3.719688
1987-04-23,56.624962,57.25,56.624962,56.875038,3635200,3.744379
1987-04-22,58.00,58.375038,56.25,56.375038,4789600,3.711462
1987-04-21,57.75,58.375038,57.624962,58.25,5436000,3.8349
1987-04-20,58.875038,59.00,57.75,58.00,3802400,3.818441
1987-04-16,58.75,59.00,58.375038,58.624962,15680000,3.859586
1987-04-15,59.124962,59.50,58.50,58.624962,5948800,3.859586
1987-04-14,58.75,59.00,58.00,58.375038,4555200,3.843132
1987-04-13,60.00,60.00,58.75,58.875038,8320000,3.876049
1987-04-10,61.875038,62.00,61.25,61.875038,5805600,4.073555
1987-04-09,62.875038,63.00,62.124962,62.124962,5861600,4.044583
1987-04-08,63.00,63.50,62.75,63.00,7700000,4.101551
1987-04-07,64.25,64.25,63.00,63.00,10000000,4.101551
1987-04-06,63.25,64.50,62.50,64.375038,9120000,4.191072
1987-04-03,62.124962,63.00,62.00,63.00,3668000,4.101551
1987-04-02,62.00,62.375038,61.50,62.124962,3130400,4.044583
1987-04-01,61.50,62.124962,61.25,62.00,3824000,4.036447
1987-03-31,62.00,62.375038,61.75,61.875038,4780800,4.028312
1987-03-30,63.25,63.25,61.50,61.50,5568800,4.003895
1987-03-27,66.25,66.25,64.00,64.124962,4248000,4.174791
1987-03-26,66.50,66.75,66.124962,66.124962,2596800,4.304999
1987-03-25,66.75,66.75,66.00,66.375038,2962400,4.32128
1987-03-24,67.875038,67.875038,66.75,67.00,5435200,4.361967
1987-03-23,67.00,67.624962,66.624962,67.624962,4839200,4.402655
1987-03-20,67.00,67.25,66.75,67.00,2832000,4.361967
1987-03-19,66.624962,67.124962,66.624962,67.00,879200,4.361967
1987-03-18,67.00,67.375038,66.624962,66.875038,3500000,4.353832
1987-03-17,66.624962,67.124962,66.50,67.00,4111200,4.361967
1987-03-16,67.50,67.50,66.25,66.50,4160800,4.329415
1987-03-13,67.50,67.875038,67.25,67.50,1976800,4.394519
1987-03-12,67.00,67.624962,67.00,67.375038,2117600,4.386383
1987-03-11,67.124962,67.25,67.00,67.00,3382400,4.361967
1987-03-10,65.875038,66.875038,65.75,66.875038,4756800,4.353832
1987-03-09,67.00,67.00,66.124962,66.124962,4459200,4.304999
1987-03-06,67.50,67.50,67.124962,67.25,1932800,4.378243
1987-03-05,67.624962,67.875038,67.375038,67.50,3956000,4.394519
1987-03-04,66.25,67.875038,66.00,67.75,4596000,4.410795
1987-03-03,66.75,66.75,65.875038,66.00,5919200,4.296863
1987-03-02,67.25,67.25,66.624962,67.00,5374400,4.361967
1987-02-27,67.50,68.25,67.25,67.50,4300800,4.394519
1987-02-26,67.50,67.624962,66.624962,67.375038,3131200,4.386383
1987-02-25,66.00,67.50,65.875038,67.25,6302400,4.378243
1987-02-24,65.124962,65.875038,65.124962,65.624962,4783200,4.272447
1987-02-23,65.875038,66.00,64.375038,65.375038,5631200,4.256176
1987-02-20,66.25,66.75,65.75,66.375038,5681600,4.32128
1987-02-19,64.75,66.00,64.624962,66.00,5319200,4.296863
1987-02-18,63.75,64.75,63.624962,64.00,4927200,4.166655
1987-02-17,61.375038,63.624962,61.25,63.50,4040000,4.134103
1987-02-13,61.00,61.75,60.50,61.50,3344800,4.003895
1987-02-12,62.00,62.00,61.00,61.25,2545600,3.987619
1987-02-11,61.875038,62.00,61.50,61.875038,1510400,4.028312
1987-02-10,62.124962,62.124962,61.375038,61.75,1692800,4.020171
1987-02-09,62.50,62.50,61.875038,62.124962,1948800,4.044583
1987-02-06,62.25,62.875038,62.124962,62.624962,4496800,4.077135
1987-02-05,60.875038,61.875038,60.50,61.875038,4698400,4.028312
1987-02-04,59.25,60.75,58.75,60.50,2967200,3.938791
1987-02-03,59.624962,59.75,58.50,59.25,3881600,3.857411
1987-02-02,60.00,60.25,59.50,59.75,2419200,3.889963
1987-01-30,61.00,61.00,59.50,60.25,3184000,3.922515
1987-01-29,61.624962,61.624962,60.375038,61.00,3972800,3.971343
1987-01-28,61.624962,61.75,61.00,61.375038,1920000,3.99576
1987-01-27,61.25,61.875038,61.25,61.50,2820000,4.003895
1987-01-26,61.624962,61.624962,61.124962,61.375038,1289600,3.99576
1987-01-23,61.75,62.75,61.375038,61.375038,4233600,3.99576
1987-01-22,60.25,61.75,60.25,61.75,3020000,4.020171
1987-01-21,61.124962,61.375038,60.50,60.50,3056000,3.938791
1987-01-20,60.875038,61.624962,60.75,61.25,3204800,3.987619
1987-01-19,60.375038,61.00,59.75,60.75,2172800,3.955067
1987-01-16,60.624962,60.75,60.375038,60.624962,3288000,3.946927
1987-01-15,61.00,61.375038,60.50,60.75,2411200,3.955067
1987-01-14,60.50,61.124962,60.124962,60.875038,2468800,3.963208
1987-01-13,60.375038,60.75,60.124962,60.624962,2260800,3.946927
1987-01-12,60.25,60.75,60.25,60.50,2769600,3.938791
1987-01-09,60.375038,60.50,59.375038,60.375038,2330400,3.930656
1987-01-08,59.75,60.624962,59.25,60.25,22320000,3.879547
1987-01-07,59.75,59.875038,59.50,59.75,3107200,3.847351
1987-01-06,59.00,59.75,59.00,59.75,4674400,3.847351
1987-01-05,57.375038,59.124962,57.25,59.00,4701600,3.799058
1987-01-02,56.50,57.124962,56.50,57.124962,4757600,3.678323
1986-12-31,56.875038,57.00,56.25,56.375038,5864000,3.630035
1986-12-30,56.624962,56.75,56.50,56.50,1337600,3.638081
1986-12-29,57.124962,57.124962,56.624962,56.875038,888000,3.66223
1986-12-26,56.50,57.25,56.375038,57.25,2440000,3.686374
1986-12-24,56.25,56.624962,56.124962,56.375038,3519200,3.630035
1986-12-23,56.50,56.624962,55.375038,55.624962,5584000,3.581737
1986-12-22,55.624962,56.50,55.375038,56.50,2070400,3.638081
1986-12-19,55.75,57.00,55.25,55.75,6265600,3.589788
1986-12-18,55.875038,56.00,55.25,55.875038,5300000,3.597839
1986-12-17,57.25,57.375038,55.375038,55.875038,6043200,3.597839
1986-12-16,57.50,57.50,56.50,57.25,4962400,3.686374
1986-12-15,57.875038,57.875038,57.25,57.50,1956800,3.702472
1986-12-12,58.50,58.75,58.00,58.00,2754400,3.734667
1986-12-11,59.375038,59.375038,58.50,58.75,3172800,3.78296
1986-12-10,59.00,59.375038,58.875038,59.375038,4100800,3.823207
1986-12-09,59.375038,59.624962,59.00,59.25,3952800,3.815156
1986-12-08,58.875038,59.50,58.624962,59.25,1622400,3.815156
1986-12-05,59.00,59.25,58.75,59.00,1846400,3.799058
1986-12-04,60.00,60.00,58.875038,59.00,5024800,3.799058
1986-12-03,60.124962,60.50,59.624962,60.00,7500800,3.863449
1986-12-02,59.75,60.50,59.25,60.375038,7309600,3.887598
1986-12-01,57.75,59.75,57.375038,58.50,5784800,3.766863
1986-11-28,58.00,58.00,57.375038,57.75,1299200,3.71857
1986-11-26,57.124962,57.875038,57.124962,57.875038,4376800,3.726621
1986-11-25,57.25,57.50,56.875038,57.50,5025600,3.702472
1986-11-24,56.375038,57.124962,56.124962,57.124962,5569600,3.678323
1986-11-21,54.375038,56.25,54.25,56.124962,4023200,3.613932
1986-11-20,53.75,54.50,53.75,54.50,2820800,3.509299
1986-11-19,53.75,54.124962,53.25,53.75,2824000,3.461006
1986-11-18,54.50,54.875038,53.624962,53.75,7596800,3.461006
1986-11-17,54.124962,54.50,53.875038,54.375038,5718400,3.501253
1986-11-14,53.00,54.75,53.00,54.375038,3558400,3.501253
1986-11-13,54.624962,54.624962,53.25,53.25,3670400,3.428811
1986-11-12,55.624962,55.624962,54.00,54.00,4379200,3.477104
1986-11-11,55.00,55.50,54.875038,55.50,1975200,3.57369
1986-11-10,55.124962,55.124962,54.50,55.00,1693600,3.541495
1986-11-07,55.00,55.124962,54.875038,55.00,1936000,3.541495
1986-11-06,55.624962,55.624962,54.875038,55.124962,2316800,3.549541
1986-11-05,56.124962,56.124962,55.375038,55.75,2700000,3.589788
1986-11-04,56.124962,57.00,55.875038,56.25,2251200,3.621983
1986-11-03,55.75,56.375038,55.75,56.25,3553600,3.621983
1986-10-31,57.624962,57.875038,55.375038,55.75,5545600,3.589788
1986-10-30,57.375038,57.375038,56.50,57.00,2482400,3.670277
1986-10-29,56.75,56.75,56.375038,56.50,2370400,3.638081
1986-10-28,57.00,57.25,56.624962,56.875038,1914400,3.66223
1986-10-27,56.50,57.00,56.00,57.00,1002400,3.670277
1986-10-24,56.375038,56.875038,56.124962,56.624962,2100000,3.646127
1986-10-23,56.00,56.375038,55.50,56.25,1540800,3.621983
1986-10-22,55.375038,55.75,55.375038,55.50,1076800,3.57369
1986-10-21,56.00,56.124962,55.25,55.50,2188800,3.57369
1986-10-20,56.375038,56.624962,55.875038,56.00,885600,3.605886
1986-10-17,57.624962,57.75,56.875038,57.25,1456000,3.686374
1986-10-16,58.375038,58.50,57.25,57.75,1464000,3.71857
1986-10-15,57.124962,57.375038,57.00,57.375038,1500800,3.694426
1986-10-14,56.75,57.124962,56.50,57.00,1235200,3.670277
1986-10-13,56.50,56.624962,56.25,56.375038,591200,3.630035
1986-10-10,57.00,57.00,56.624962,56.75,770400,3.654179
1986-10-09,56.75,57.00,56.624962,56.875038,4962400,3.66223
1986-10-08,55.875038,56.75,55.875038,56.75,2772800,3.654179
1986-10-07,56.875038,57.00,55.75,56.375038,1600000,3.630035
1986-10-06,56.75,56.875038,56.50,56.875038,3872000,3.66223
1986-10-03,56.624962,57.50,56.50,56.624962,5114400,3.646127
1986-10-02,57.624962,57.875038,57.50,57.624962,25144000,3.668021
1986-10-01,57.75,58.124962,57.375038,57.624962,4065600,3.668021
1986-09-30,57.124962,57.875038,57.00,57.375038,2359200,3.652112
1986-09-29,57.50,57.75,56.624962,57.124962,3850400,3.636194
1986-09-26,58.25,58.375038,57.50,57.75,2668800,3.67598
1986-09-25,59.50,59.50,57.875038,58.25,3256800,3.707806
1986-09-24,58.375038,59.875038,58.00,59.50,6120000,3.787373
1986-09-23,57.875038,58.124962,57.50,58.00,4128000,3.691893
1986-09-22,56.75,57.875038,56.75,57.875038,2793600,3.683939
1986-09-19,56.50,57.25,56.124962,56.75,4729600,3.612326
1986-09-18,57.00,57.50,56.624962,56.624962,2542400,3.604367
1986-09-17,56.50,57.50,56.50,57.124962,2465600,3.636194
1986-09-16,56.75,56.75,55.75,56.50,3828800,3.596413
1986-09-15,57.25,57.375038,56.124962,56.875038,3736800,3.620285
1986-09-12,58.50,58.624962,56.875038,57.00,6752800,3.62824
1986-09-11,60.50,60.50,58.375038,58.624962,4256800,3.731674
1986-09-10,61.124962,61.124962,60.50,60.624962,2728800,3.858981
1986-09-09,60.25,61.25,60.25,61.00,2573600,3.882853
1986-09-08,60.50,60.75,59.75,60.25,3523200,3.835113
1986-09-05,61.25,61.375038,60.00,60.624962,4777600,3.858981
1986-09-04,62.624962,62.875038,61.624962,62.124962,3272800,3.954461
1986-09-03,62.375038,62.875038,62.00,62.875038,2735200,4.002205
1986-09-02,64.25,64.25,62.624962,62.624962,3350400,3.986287
1986-08-29,64.624962,65.124962,63.75,64.25,3268800,4.089726
1986-08-28,63.75,64.875038,63.624962,64.75,2224000,4.121553
1986-08-27,63.75,64.00,63.25,63.875038,3620800,4.065859
1986-08-26,61.875038,64.375038,61.875038,64.25,4140800,4.089726
1986-08-25,62.375038,62.375038,61.624962,61.875038,2363200,3.938552
1986-08-22,62.375038,62.375038,62.00,62.25,3228800,3.96242
1986-08-21,62.50,62.875038,61.875038,62.50,3911200,3.978333
1986-08-20,62.375038,62.375038,61.875038,62.25,2378400,3.96242
1986-08-19,61.875038,62.375038,61.624962,62.375038,2164800,3.970379
1986-08-18,62.124962,62.124962,61.124962,61.624962,2539200,3.922634
1986-08-15,62.624962,62.875038,61.875038,61.875038,1769600,3.938552
1986-08-14,63.375038,63.375038,62.875038,63.124962,1442400,4.018114
1986-08-13,62.624962,63.50,62.00,63.50,4051200,4.041986
1986-08-12,61.124962,63.00,61.124962,62.50,5216000,3.978333
1986-08-11,59.75,61.375038,59.75,61.124962,3088000,3.890807
1986-08-08,59.75,59.875038,59.124962,59.50,1137600,3.787373
1986-08-07,59.124962,59.75,58.875038,59.624962,1796800,3.795327
1986-08-06,58.375038,59.124962,58.25,59.124962,1721600,3.763501
1986-08-05,59.00,59.624962,58.25,58.25,2876000,3.707806
1986-08-04,59.00,59.124962,58.00,58.75,4044000,3.739633
1986-08-01,59.875038,60.00,59.375038,59.375038,1230400,3.779419
1986-07-31,59.75,60.00,58.875038,60.00,1921600,3.8192
1986-07-30,59.875038,60.375038,59.25,60.25,1772000,3.835113
1986-07-29,60.124962,60.375038,59.75,59.75,1140800,3.803286
1986-07-28,60.624962,61.50,60.25,60.375038,2001600,3.843072
1986-07-25,59.375038,60.624962,59.375038,60.50,3136800,3.851026
1986-07-24,60.50,60.50,59.124962,59.124962,1019200,3.763501
1986-07-23,58.75,60.50,58.25,60.50,3428000,3.851026
1986-07-22,58.875038,59.50,58.50,58.75,1004800,3.739633
1986-07-21,59.875038,59.875038,58.50,58.75,1944800,3.739633
1986-07-18,58.25,59.75,58.124962,59.624962,2577600,3.795327
1986-07-17,58.624962,59.124962,58.375038,58.375038,1094400,3.715765
1986-07-16,58.50,59.25,58.50,58.50,1260000,3.72372
1986-07-15,59.375038,59.624962,58.25,58.75,1767200,3.739633
1986-07-14,58.875038,59.624962,58.50,59.50,1662400,3.787373
1986-07-11,59.00,59.124962,58.50,58.875038,758400,3.747592
1986-07-10,59.124962,59.25,58.50,58.875038,2408000,3.747592
1986-07-09,59.00,59.25,58.50,59.00,2422400,3.755546
1986-07-08,59.50,59.50,58.50,58.875038,10720000,3.747592
1986-07-07,61.375038,61.375038,59.624962,59.875038,2394400,3.811245
1986-07-03,61.375038,62.50,61.124962,61.375038,4243200,3.906725
1986-07-02,61.50,62.50,61.375038,62.50,24088000,3.936321
1986-07-01,60.624962,61.375038,60.25,61.375038,12456000,3.86547
1986-06-30,61.50,61.624962,60.624962,60.624962,2197600,3.818229
1986-06-27,61.75,62.124962,61.00,61.50,2738400,3.87334
1986-06-26,61.624962,62.25,61.375038,61.624962,3092000,3.881211
1986-06-25,61.00,61.875038,60.875038,61.875038,13776000,3.896961
1986-06-24,59.75,60.875038,59.75,60.875038,2274400,3.83398
1986-06-23,60.25,60.375038,59.25,59.50,1423200,3.747378
1986-06-20,59.624962,60.00,59.50,60.00,2024000,3.778869
1986-06-19,58.875038,60.25,58.624962,59.624962,3416800,3.755248
1986-06-18,58.124962,59.375038,58.00,58.75,6458400,3.700142
1986-06-17,58.124962,58.375038,57.875038,58.124962,1228000,3.660777
1986-06-16,58.25,58.624962,57.50,58.25,1523200,3.668652
1986-06-13,57.875038,58.75,57.875038,58.124962,3162400,3.660777
1986-06-12,57.124962,57.375038,56.50,57.25,3922400,3.60567
1986-06-11,56.75,57.375038,56.00,57.00,12072000,3.589925
1986-06-10,57.50,57.875038,56.25,56.50,3476000,3.558435
1986-06-09,58.75,58.75,57.00,57.50,9112000,3.621416
1986-06-06,60.75,60.75,59.50,59.75,5126400,3.763123
1986-06-05,61.50,61.50,60.75,60.75,5093600,3.826104
1986-06-04,61.375038,61.50,60.875038,61.25,9520000,3.857595
1986-06-03,59.875038,60.00,59.00,59.875038,5108800,3.770998
1986-06-02,63.00,63.124962,60.25,60.75,2949600,3.826104
1986-05-30,63.624962,64.00,63.25,63.624962,1983200,4.007173
1986-05-29,64.624962,64.624962,63.75,64.25,2984000,4.046538
1986-05-28,64.75,65.124962,64.124962,64.50,7989600,4.062284
1986-05-27,63.624962,64.75,63.375038,64.75,2128800,4.078029
1986-05-23,63.50,63.75,63.00,63.375038,3406400,3.991432
1986-05-22,59.624962,63.50,59.624962,63.375038,5811200,3.991432
1986-05-21,58.875038,59.624962,58.875038,59.624962,3073600,3.755248
1986-05-20,57.50,58.624962,57.375038,58.624962,7448000,3.692267
1986-05-19,57.375038,57.75,57.25,57.75,854400,3.637161
1986-05-16,57.75,57.75,57.00,57.624962,1842400,3.629286
1986-05-15,59.00,59.00,57.75,57.875038,2127200,3.645036
1986-05-14,60.00,60.00,59.25,59.50,3657600,3.747378
1986-05-13,60.50,60.50,59.25,59.25,6961600,3.731633
1986-05-12,60.25,60.624962,59.124962,60.50,1188000,3.810359
1986-05-09,60.00,60.25,59.124962,60.00,2256000,3.778869
1986-05-08,60.25,60.75,60.00,60.00,1906400,3.778869
1986-05-07,60.25,60.375038,59.624962,60.375038,2025600,3.802489
1986-05-06,60.875038,61.124962,60.375038,60.50,1710400,3.810359
1986-05-05,59.75,60.875038,59.75,60.875038,3626400,3.83398
1986-05-02,59.875038,60.124962,59.624962,59.624962,2763200,3.755248
1986-05-01,60.50,60.50,59.00,60.00,4412800,3.778869
1986-04-30,61.375038,61.50,60.375038,60.624962,4600800,3.818229
1986-04-29,62.375038,62.375038,60.50,61.624962,2823200,3.881211
1986-04-28,62.25,62.50,61.50,62.375038,2086400,3.928451
1986-04-25,62.375038,62.875038,62.124962,62.375038,2666400,3.928451
1986-04-24,62.25,62.375038,61.624962,61.875038,2357600,3.896961
1986-04-23,62.624962,62.624962,61.375038,62.25,3285600,3.920576
1986-04-22,63.875038,63.875038,62.624962,63.00,1836000,3.967812
1986-04-21,63.624962,64.00,63.00,63.75,1409600,4.015048
1986-04-18,64.75,64.75,63.375038,63.50,1789600,3.999303
1986-04-17,63.624962,64.624962,63.50,64.624962,1412800,4.070154
1986-04-16,62.624962,63.50,62.624962,63.50,1718400,3.999303
1986-04-15,63.25,63.624962,62.00,62.124962,2290400,3.912701
1986-04-14,63.75,63.75,63.124962,63.50,2655200,3.999303
1986-04-11,64.624962,64.75,63.50,63.75,1351200,4.015048
1986-04-10,63.75,64.375038,63.624962,64.375038,2508800,4.054414
1986-04-09,63.875038,63.875038,63.375038,63.75,9200000,4.015048
1986-04-08,62.50,63.50,62.375038,63.00,3788800,3.967812
1986-04-07,63.00,63.00,61.75,62.375038,2116000,3.928451
1986-04-04,63.124962,64.50,63.00,63.124962,11224000,3.975682
1986-04-03,64.624962,65.124962,64.50,64.50,17912000,4.020716
1986-04-02,64.50,65.00,64.25,64.624962,2045600,4.028506
1986-04-01,65.00,65.25,63.75,64.624962,11184000,4.028506
1986-03-31,65.00,65.124962,64.50,64.875038,2546400,4.044095
1986-03-27,64.624962,66.25,64.50,65.124962,6659200,4.059674
1986-03-26,63.00,64.624962,62.875038,64.375038,3918400,4.012927
1986-03-25,63.375038,63.375038,62.624962,62.75,2274400,3.911627
1986-03-24,63.75,63.875038,61.50,63.75,3860800,3.973964
1986-03-21,65.25,65.75,63.375038,63.75,2659200,3.973964
1986-03-20,65.00,65.124962,64.25,65.124962,6242400,4.059674
1986-03-19,64.75,65.375038,64.624962,64.875038,1991200,4.044095
1986-03-18,64.50,64.624962,63.875038,64.50,2072000,4.020716
1986-03-17,65.624962,66.00,64.75,64.75,1370400,4.0363
1986-03-14,65.00,66.00,63.624962,66.00,1968000,4.114221
1986-03-13,62.75,64.75,62.75,64.50,8080000,4.020716
1986-03-12,63.375038,64.00,62.75,63.00,2536000,3.927211
1986-03-11,61.50,63.75,61.50,63.50,4053600,3.95838
1986-03-10,61.124962,61.25,60.875038,61.124962,1315200,3.810328
1986-03-07,61.00,61.375038,60.25,61.00,1612000,3.802538
1986-03-06,61.25,61.50,60.624962,61.124962,6861600,3.810328
1986-03-05,60.25,60.75,59.875038,60.50,2789600,3.77137
1986-03-04,61.875038,62.75,61.25,61.375038,3820800,3.825917
1986-03-03,61.75,61.875038,61.50,61.75,2111200,3.84929
1986-02-28,61.50,61.75,60.75,61.50,2216000,3.833706
1986-02-27,59.50,61.00,58.624962,61.00,7082400,3.802538
1986-02-26,59.50,60.00,59.124962,59.25,1471200,3.693449
1986-02-25,60.75,60.75,58.75,59.375038,3265600,3.701243
1986-02-24,61.50,61.75,60.624962,60.875038,3630400,3.794748
1986-02-21,60.375038,61.375038,60.124962,61.375038,2172800,3.825917
1986-02-20,60.375038,60.624962,59.50,60.124962,4813600,3.747991
1986-02-19,59.75,61.375038,59.75,60.624962,4772000,3.779159
1986-02-18,59.25,59.624962,59.124962,59.624962,3437600,3.716823
1986-02-14,58.50,59.375038,58.375038,59.00,3784800,3.677865
1986-02-13,58.375038,58.50,58.00,58.375038,2008000,3.638906
1986-02-12,58.75,59.124962,58.25,58.375038,3185600,3.638906
1986-02-11,57.875038,58.875038,57.75,58.624962,3443200,3.654486
1986-02-10,57.00,58.124962,56.875038,58.00,3074400,3.615528
1986-02-07,56.375038,57.00,55.75,56.75,2540800,3.537607
1986-02-06,56.75,57.00,56.25,57.00,1806400,3.553191
1986-02-05,56.50,57.124962,55.75,56.50,4392000,3.522023
1986-02-04,57.375038,57.50,55.624962,56.75,6128000,3.537607
1986-02-03,56.124962,57.375038,55.875038,56.875038,5402400,3.545401
1986-01-31,53.25,56.75,53.25,55.875038,7962400,3.483065
1986-01-30,56.875038,57.124962,56.00,56.00,2099200,3.490854
1986-01-29,57.00,57.50,56.375038,56.875038,3408800,3.545401
1986-01-28,54.875038,56.624962,54.875038,56.624962,4331200,3.529813
1986-01-27,54.00,55.124962,54.00,54.875038,2118400,3.420728
1986-01-24,53.50,54.00,53.50,53.75,1504000,3.350597
1986-01-23,53.124962,55.375038,53.00,53.124962,2048000,3.311634
1986-01-22,52.875038,53.124962,52.75,53.00,996000,3.303844
1986-01-21,53.375038,53.75,52.75,53.124962,2385600,3.311634
1986-01-20,53.50,53.50,52.75,53.124962,786400,3.311634
1986-01-17,53.50,53.624962,53.00,53.375038,3356000,3.327223
1986-01-16,53.50,53.624962,53.375038,53.50,6302400,3.335013
1986-01-15,52.875038,53.50,52.75,53.25,3232000,3.319429
1986-01-14,53.25,53.25,52.624962,52.875038,1655200,3.296055
1986-01-13,53.124962,53.375038,52.25,53.25,6758400,3.319429
1986-01-10,52.75,53.25,52.50,52.75,2628800,3.28826
1986-01-09,53.875038,54.124962,53.25,53.25,17104000,3.278286
1986-01-08,54.75,55.50,54.50,54.50,4660800,3.355241
1986-01-07,53.124962,54.624962,53.124962,54.624962,2992000,3.362935
1986-01-06,53.25,53.25,52.624962,53.25,5503200,3.278286
1986-01-03,53.00,53.375038,52.75,53.25,1354400,3.278286
1986-01-02,53.50,53.50,52.75,53.00,1500000,3.262895
1985-12-31,52.375038,53.50,52.375038,53.50,1300800,3.293677
1985-12-30,52.124962,52.624962,52.124962,52.50,694400,3.232113
1985-12-27,51.624962,52.375038,51.624962,52.25,2089600,3.216722
1985-12-26,51.624962,52.00,51.624962,51.75,3646400,3.18594
1985-12-24,52.00,52.124962,51.624962,51.624962,971200,3.178242
1985-12-23,52.50,52.50,51.50,52.25,1464800,3.216722
1985-12-20,52.875038,53.124962,52.00,52.50,2164800,3.232113
1985-12-19,52.375038,52.875038,52.375038,52.75,2574400,3.247504
1985-12-18,52.25,53.124962,52.00,52.624962,4759200,3.239806
1985-12-17,53.25,53.25,51.75,52.00,2229600,3.201331
1985-12-16,52.50,53.375038,52.25,53.124962,3028800,3.270588
1985-12-13,51.75,52.624962,51.75,52.375038,6257600,3.22442
1985-12-12,51.50,51.75,51.124962,51.50,6344000,3.170549
1985-12-11,51.00,51.75,50.624962,51.50,13120000,3.170549
1985-12-10,50.624962,51.124962,50.50,51.00,2138400,3.139767
1985-12-09,50.375038,50.624962,50.25,50.50,2698400,3.108985
1985-12-06,51.25,51.50,49.875038,49.875038,5762400,3.07051
1985-12-05,51.124962,51.624962,51.00,51.50,3956800,3.170549
1985-12-04,51.375038,51.50,50.375038,51.124962,5215200,3.14746
1985-12-03,51.875038,51.875038,50.875038,51.25,1724800,3.155158
1985-12-02,52.50,52.50,51.50,51.875038,1747200,3.193638
1985-11-29,52.375038,52.75,52.124962,52.50,1192000,3.232113
1985-11-27,51.75,52.50,51.50,52.375038,2361600,3.22442
1985-11-26,51.50,51.875038,51.50,51.875038,3949600,3.193638
1985-11-25,52.25,52.25,51.00,51.50,2036000,3.170549
1985-11-22,52.624962,52.875038,52.124962,52.25,866400,3.216722
1985-11-21,51.75,52.75,51.75,52.75,2133600,3.247504
1985-11-20,50.624962,51.624962,50.624962,51.624962,2988000,3.178242
1985-11-19,51.50,51.624962,50.375038,50.375038,5444800,3.101292
1985-11-18,51.624962,51.875038,50.50,51.124962,1897600,3.14746
1985-11-15,52.50,52.75,51.375038,51.75,2111200,3.18594
1985-11-14,51.875038,53.124962,51.75,53.00,3600000,3.262895
1985-11-13,52.00,52.375038,51.624962,52.124962,8144000,3.209024
1985-11-12,52.00,52.25,51.50,51.624962,7164800,3.178242
1985-11-11,51.50,52.00,51.375038,52.00,2648800,3.201331
1985-11-08,50.50,51.375038,49.875038,51.124962,3173600,3.14746
1985-11-07,51.25,51.375038,49.875038,50.50,2005600,3.108985
1985-11-06,51.75,51.75,50.875038,51.124962,2230400,3.14746
1985-11-05,50.375038,53.00,50.375038,51.124962,5068800,3.14746
1985-11-04,49.00,50.50,48.75,50.375038,2768000,3.101292
1985-11-01,48.50,49.00,48.124962,49.00,1615200,3.016639
1985-10-31,49.00,49.50,48.50,48.624962,3276800,2.99355
1985-10-30,48.624962,49.00,48.50,49.00,2100000,3.016639
1985-10-29,47.75,48.75,47.75,48.375038,2220800,2.978164
1985-10-28,47.375038,48.375038,47.25,47.875038,4519200,2.947382
1985-10-25,47.75,48.124962,47.50,47.50,2139200,2.924293
1985-10-24,48.375038,48.50,47.00,47.25,3044000,2.908902
1985-10-23,47.124962,48.50,47.00,48.25,4295200,2.970466
1985-10-22,46.25,47.124962,46.25,46.875038,2168800,2.885818
1985-10-21,46.375038,46.50,46.25,46.25,1462400,2.847338
1985-10-18,46.875038,46.875038,46.375038,46.375038,1215200,2.855036
1985-10-17,46.75,47.124962,46.624962,46.875038,2620000,2.885818
1985-10-16,46.375038,46.50,46.25,46.50,1292000,2.862729
1985-10-15,46.50,46.75,46.00,46.25,1870400,2.847338
1985-10-14,45.375038,46.25,45.25,46.25,3439200,2.847338
1985-10-11,44.50,45.25,44.375038,45.124962,2508000,2.778076
1985-10-10,44.50,44.875038,44.25,44.50,6592800,2.739601
1985-10-09,44.00,44.375038,43.875038,44.25,5796000,2.72421
1985-10-08,43.25,44.124962,43.25,44.124962,1210400,2.716512
1985-10-07,44.00,44.00,43.375038,43.375038,1955200,2.670344
1985-10-04,44.00,44.375038,43.875038,44.00,3256000,2.708819
1985-10-03,45.00,45.00,44.624962,45.00,10400000,2.72975
1985-10-02,45.00,45.124962,44.875038,45.00,7816000,2.72975
1985-10-01,44.50,45.25,44.50,45.124962,1680800,2.737331
1985-09-30,44.25,44.875038,44.124962,44.50,2514400,2.69942
1985-09-26,44.00,44.375038,43.124962,43.624962,4175200,2.646339
1985-09-25,45.00,45.00,43.624962,44.25,6848000,2.684255
1985-09-24,45.75,45.875038,45.124962,45.25,3877600,2.744916
1985-09-23,45.50,45.624962,45.375038,45.624962,3330400,2.767661
1985-09-20,44.75,45.25,44.624962,45.25,2544000,2.744916
1985-09-19,43.375038,44.75,43.375038,44.75,2044800,2.714585
1985-09-18,42.875038,43.50,42.624962,43.25,5533600,2.623594
1985-09-17,42.75,43.25,42.624962,43.00,1040800,2.608428
1985-09-16,42.75,42.75,42.25,42.75,1611200,2.593263
1985-09-13,42.875038,42.875038,42.25,42.75,997600,2.593263
1985-09-12,43.00,43.25,42.624962,42.75,1800800,2.593263
1985-09-11,43.75,43.875038,42.75,42.875038,1421600,2.600848
1985-09-10,44.25,44.50,43.875038,44.00,6038400,2.669089
1985-09-09,44.00,44.75,43.875038,44.375038,888800,2.69184
1985-09-06,43.375038,43.624962,43.375038,43.624962,385600,2.646339
1985-09-05,43.624962,43.624962,43.375038,43.375038,1024000,2.631178
1985-09-04,43.75,43.875038,43.124962,43.50,2462400,2.638759
1985-09-03,44.124962,44.375038,43.50,43.50,5384000,2.638759
1985-08-30,44.875038,44.875038,44.25,44.375038,1105600,2.69184
1985-08-29,44.875038,45.00,44.75,44.75,627200,2.714585
1985-08-28,45.124962,45.124962,44.75,45.00,646400,2.72975
1985-08-27,44.875038,45.25,44.875038,45.00,1264000,2.72975
1985-08-26,44.75,45.124962,44.50,44.875038,5260000,2.72217
1985-08-23,45.25,45.25,45.00,45.124962,560000,2.737331
1985-08-22,45.875038,46.00,45.00,45.124962,1700000,2.737331
1985-08-21,45.875038,46.00,45.75,46.00,2104000,2.790412
1985-08-20,46.25,46.25,45.875038,45.875038,1245600,2.782831
1985-08-19,46.00,46.124962,46.00,46.00,5352000,2.790412
1985-08-16,46.124962,46.124962,45.875038,46.00,1121600,2.790412
1985-08-15,46.124962,46.25,46.00,46.124962,1445600,2.797992
1985-08-14,45.875038,46.375038,45.875038,46.25,932800,2.805577
1985-08-13,46.124962,46.124962,45.624962,45.875038,990400,2.782831
1985-08-12,46.124962,46.124962,45.75,46.00,5663200,2.790412
1985-08-09,46.624962,46.75,46.375038,46.375038,1429600,2.813162
1985-08-08,45.75,46.624962,45.75,46.50,1370400,2.820742
1985-08-07,46.124962,46.375038,45.624962,45.75,825600,2.775246
1985-08-06,47.00,47.124962,46.25,46.25,1807200,2.805577
1985-08-05,47.25,47.25,46.75,47.00,600000,2.851073
1985-08-02,47.25,47.375038,47.124962,47.25,2567200,2.866238
1985-08-01,46.375038,47.25,46.375038,47.124962,1457600,2.858653
1985-07-31,45.875038,46.624962,45.875038,46.50,2044800,2.820742
1985-07-30,45.875038,45.875038,45.50,45.75,1891200,2.775246
1985-07-29,47.00,47.124962,46.00,46.00,2240800,2.790412
1985-07-26,46.124962,47.25,46.124962,47.00,2237600,2.851073
1985-07-25,45.75,46.00,45.624962,46.00,2544000,2.790412
1985-07-24,47.00,47.00,45.25,45.875038,3210400,2.782831
1985-07-23,47.50,47.624962,46.875038,47.124962,1407200,2.858653
1985-07-22,47.875038,47.875038,47.50,47.624962,1413600,2.888984
1985-07-19,48.375038,48.375038,48.00,48.00,1156800,2.911734
1985-07-18,49.50,49.50,48.50,48.624962,6780800,2.949645
1985-07-17,49.50,49.624962,49.375038,49.624962,2116000,3.010306
1985-07-16,48.875038,49.375038,48.75,49.25,2348800,2.98756
1985-07-15,47.875038,49.25,47.75,49.00,3130400,2.972395
1985-07-12,47.25,48.00,46.875038,47.75,3255200,2.896569
1985-07-11,46.75,47.375038,46.75,47.375038,7572000,2.873823
1985-07-10,46.25,46.75,46.124962,46.75,4169600,2.835907
1985-07-09,46.124962,46.75,46.00,46.25,1209600,2.805577
1985-07-08,45.75,46.124962,45.75,46.124962,1133600,2.797992
1985-07-05,46.00,46.25,45.75,46.00,828000,2.790412
1985-07-03,46.375038,46.375038,46.124962,46.25,6589600,2.765541
1985-07-02,45.875038,46.50,45.75,46.375038,3520000,2.773017
1985-07-01,45.375038,46.25,45.375038,46.00,3300800,2.750592
1985-06-28,46.624962,46.75,46.50,46.624962,1900800,2.787962
1985-06-27,46.624962,46.75,46.375038,46.50,1238400,2.780489
1985-06-26,46.375038,46.875038,46.375038,46.75,2385600,2.795438
1985-06-25,45.875038,46.375038,45.875038,46.25,2295200,2.765541
1985-06-24,46.00,46.124962,45.875038,46.00,873600,2.750592
1985-06-21,45.75,46.25,45.624962,46.25,3640000,2.765541
1985-06-20,45.875038,46.124962,45.624962,45.875038,2289600,2.74312
1985-06-19,45.875038,46.25,45.75,45.875038,1611200,2.74312
1985-06-18,46.00,46.25,45.75,45.75,1636000,2.735643
1985-06-17,45.124962,46.00,44.75,45.875038,2296800,2.74312
1985-06-14,44.875038,45.25,44.75,45.25,1348000,2.705745
1985-06-13,45.124962,45.124962,44.375038,44.624962,1648000,2.668371
1985-06-12,45.624962,46.00,45.124962,45.124962,916000,2.698268
1985-06-11,46.50,46.50,46.00,46.124962,996800,2.758064
1985-06-10,46.75,46.75,46.50,46.50,2261600,2.780489
1985-06-07,46.50,47.00,46.25,46.624962,2342400,2.787962
1985-06-06,46.00,46.25,45.25,46.25,1378400,2.765541
1985-06-05,46.50,46.875038,46.124962,46.25,2227200,2.765541
1985-06-04,46.124962,46.375038,45.624962,46.25,2756000,2.765541
1985-06-03,46.00,46.25,45.75,46.00,2816000,2.750592
1985-05-31,45.25,45.75,45.124962,45.50,2493600,2.720694
1985-05-30,45.375038,45.50,45.25,45.25,659200,2.705745
1985-05-29,45.50,45.624962,45.25,45.375038,989600,2.713222
1985-05-28,45.50,46.00,45.50,45.50,1566400,2.720694
1985-05-24,45.375038,45.624962,45.25,45.375038,922400,2.713222
1985-05-23,45.00,45.50,45.00,45.25,2175200,2.705745
1985-05-22,45.50,45.50,44.875038,45.00,1859200,2.690796
1985-05-21,46.00,46.00,45.624962,45.875038,1749600,2.74312
1985-05-20,46.25,46.624962,45.875038,46.00,2744800,2.750592
1985-05-17,45.25,46.50,45.25,46.00,3704000,2.750592
1985-05-16,45.25,45.624962,45.25,45.50,2527200,2.720694
1985-05-15,44.875038,45.25,44.875038,45.124962,1787200,2.698268
1985-05-14,45.00,45.124962,44.75,44.875038,1720800,2.683324
1985-05-13,45.00,45.124962,44.75,44.875038,2014400,2.683324
1985-05-10,44.50,45.25,44.50,45.00,3107200,2.690796
1985-05-09,44.75,44.875038,44.375038,44.75,3564000,2.675847
1985-05-08,43.75,45.00,43.75,44.875038,2459200,2.683324
1985-05-07,43.75,44.124962,43.75,44.00,5249600,2.631001
1985-05-06,44.124962,44.25,43.75,43.875038,777600,2.623529
1985-05-03,43.00,44.50,43.00,44.25,2488000,2.64595
1985-05-02,42.25,43.00,42.25,42.875038,1494400,2.563733
1985-05-01,42.124962,42.75,42.124962,42.124962,1853600,2.518882
1985-04-30,42.25,42.375038,41.875038,42.375038,2054400,2.533835
1985-04-29,42.75,43.00,42.375038,42.50,2849600,2.541308
1985-04-26,43.375038,43.624962,42.875038,42.875038,7220000,2.563733
1985-04-25,42.50,43.00,42.25,42.75,6248000,2.556256
1985-04-24,40.624962,42.00,40.624962,41.875038,5871200,2.503938
1985-04-23,40.375038,40.875038,40.375038,40.875038,1956000,2.444142
1985-04-22,40.50,40.624962,40.375038,40.624962,1424800,2.429189
1985-04-19,40.624962,40.75,40.25,40.624962,987200,2.429189
1985-04-18,40.624962,40.875038,40.375038,40.75,2544000,2.436666
1985-04-17,40.124962,40.25,40.00,40.25,453600,2.406768
1985-04-16,40.25,40.375038,40.00,40.25,2018400,2.406768
1985-04-15,40.50,40.50,40.124962,40.375038,3330400,2.414244
1985-04-12,40.375038,40.50,40.375038,40.50,6477600,2.421717
1985-04-11,40.124962,40.624962,40.124962,40.50,756800,2.421717
1985-04-10,39.50,39.875038,39.375038,39.875038,748000,2.384347
1985-04-09,39.75,39.75,39.124962,39.25,519200,2.346972
1985-04-08,40.50,40.624962,39.75,39.75,524800,2.37687
1985-04-04,40.375038,41.375038,40.25,40.624962,1424000,2.429189
1985-04-03,40.75,41.375038,40.624962,41.375038,3400800,2.434575
1985-04-02,41.375038,42.00,41.375038,41.375038,2005600,2.434575
1985-04-01,40.75,41.25,40.624962,41.124962,1092800,2.41986
1985-03-29,40.624962,40.75,40.375038,40.75,1976800,2.397797
1985-03-28,40.624962,41.00,40.624962,40.75,903200,2.397797
1985-03-27,40.50,40.75,40.375038,40.624962,568800,2.390439
1985-03-26,40.25,40.50,40.25,40.50,736800,2.383086
1985-03-25,40.124962,40.50,40.124962,40.25,397600,2.368376
1985-03-22,40.375038,40.50,40.25,40.25,1176800,2.368376
1985-03-21,39.875038,40.50,39.875038,40.375038,1508000,2.375733
1985-03-20,40.00,40.124962,39.75,39.875038,1410400,2.346312
1985-03-19,40.00,40.00,39.75,40.00,1864800,2.353665
1985-03-18,39.875038,40.25,39.75,40.00,750400,2.353665
1985-03-15,39.875038,40.25,39.75,39.75,1598400,2.338955
1985-03-14,39.875038,40.124962,39.875038,39.875038,1123200,2.346312
1985-03-13,40.75,41.00,40.124962,40.124962,1403200,2.361018
1985-03-12,40.875038,41.124962,40.50,41.00,1409600,2.412507
1985-03-11,40.875038,41.00,40.50,40.75,1514400,2.397797
1985-03-08,40.50,41.124962,40.375038,40.624962,1989600,2.390439
1985-03-07,40.624962,40.624962,40.00,40.25,1016800,2.368376
1985-03-06,41.375038,41.375038,40.50,40.50,830400,2.383086
1985-03-05,41.875038,41.875038,40.875038,41.25,980000,2.427217
1985-03-04,42.00,42.375038,41.624962,41.875038,1367200,2.463996
1985-03-01,41.624962,42.375038,41.124962,42.25,2237600,2.486059
1985-02-28,41.00,41.624962,41.00,41.624962,1260800,2.449281
1985-02-27,40.50,41.25,40.50,41.124962,1698400,2.41986
1985-02-26,40.375038,40.75,40.25,40.75,1808800,2.397797
1985-02-25,40.25,40.50,39.875038,40.25,1530400,2.368376
1985-02-22,40.50,40.624962,40.375038,40.50,839200,2.383086
1985-02-21,40.624962,40.75,40.375038,40.75,1103200,2.397797
1985-02-20,40.624962,41.00,40.124962,40.624962,1928800,2.390439
1985-02-19,41.25,41.25,40.50,40.875038,2058400,2.405154
1985-02-15,41.624962,42.00,41.25,41.50,3545600,2.441928
1985-02-14,41.624962,42.124962,41.375038,42.00,4920000,2.471349
1985-02-13,40.875038,41.624962,40.624962,41.50,2379200,2.441928
1985-02-12,40.624962,40.875038,40.624962,40.624962,840800,2.390439
1985-02-11,41.124962,41.375038,40.50,40.50,748800,2.383086
1985-02-08,41.00,41.875038,41.00,41.25,1572000,2.427217
1985-02-07,42.00,42.00,41.00,41.124962,19384000,2.41986
1985-02-06,41.375038,42.624962,41.375038,42.00,7652000,2.471349
1985-02-05,40.50,41.375038,40.50,41.124962,3259200,2.41986
1985-02-04,39.75,40.25,39.75,40.124962,1488000,2.361018
1985-02-01,39.50,40.00,39.25,39.875038,2444000,2.346312
1985-01-31,39.75,40.00,39.50,39.75,1680000,2.338955
1985-01-30,40.00,40.00,39.624962,39.75,2601600,2.338955
1985-01-29,39.25,39.75,39.00,39.75,1664800,2.338955
1985-01-28,39.00,39.75,39.00,39.25,3166400,2.309534
1985-01-25,38.25,39.25,38.124962,39.00,1478400,2.294824
1985-01-24,38.50,38.75,38.00,38.50,2181600,2.265403
1985-01-23,37.375038,38.75,37.25,38.50,6219200,2.265403
1985-01-22,38.00,38.50,37.00,37.00,7406400,2.17714
1985-01-21,37.875038,38.624962,37.75,38.375038,4319200,2.25805
1985-01-18,37.75,37.875038,37.624962,37.75,588800,2.221272
1985-01-17,37.875038,38.00,37.50,37.75,1032000,2.221272
1985-01-16,38.00,38.25,37.875038,38.00,2108000,2.235982
1985-01-15,38.375038,38.624962,37.875038,38.00,1480800,2.235982
1985-01-14,37.25,38.375038,37.25,38.25,2380000,2.250693
1985-01-11,37.624962,37.875038,37.375038,37.375038,2759200,2.199208
1985-01-10,36.50,37.50,36.375038,37.50,2020800,2.206561
1985-01-09,36.50,36.875038,36.25,36.50,2295200,2.14772
1985-01-08,36.624962,36.75,36.375038,36.50,4018400,2.14772
1985-01-07,36.375038,36.624962,36.25,36.624962,2025600,2.155073
1985-01-04,36.50,36.624962,36.25,36.375038,955200,2.140367
1985-01-03,36.25,36.50,36.124962,36.50,1760000,2.14772
1985-01-02,36.50,36.50,36.25,36.375038,605600,2.140367
1984-12-31,36.124962,36.75,36.00,36.50,1748000,2.14772
1984-12-28,36.00,36.124962,35.875038,36.124962,496800,2.125652
1984-12-27,36.124962,36.124962,35.875038,36.00,881600,2.118299
1984-12-26,36.124962,36.25,36.00,36.124962,1033600,2.125652
1984-12-24,36.00,36.25,35.875038,36.124962,640800,2.125652
1984-12-21,36.50,36.875038,35.75,35.875038,3112800,2.110946
1984-12-20,36.00,36.50,36.00,36.25,837600,2.133009
1984-12-19,37.00,37.00,35.875038,36.00,1907200,2.118299
1984-12-18,35.875038,37.00,35.875038,36.75,2638400,2.16243
1984-12-17,35.375038,35.75,35.25,35.75,1452000,2.103588
1984-12-14,35.00,35.50,34.75,35.25,1072800,2.074168
1984-12-13,35.624962,35.624962,35.00,35.00,901600,2.059457
1984-12-12,36.124962,36.124962,35.624962,35.624962,1290400,2.096231
1984-12-11,35.50,36.25,35.375038,36.25,1796000,2.133009
1984-12-10,35.00,35.624962,34.875038,35.50,910400,2.088878
1984-12-07,35.124962,36.00,35.00,35.124962,4934400,2.06681
1984-12-06,35.00,36.00,35.00,35.875038,2037600,2.07211
1984-12-05,35.124962,35.25,34.875038,35.00,2976000,2.021569
1984-12-04,35.00,35.124962,34.875038,34.875038,1506400,2.014351
1984-12-03,34.75,35.00,34.624962,34.875038,1172000,2.014351
1984-11-30,34.75,35.624962,34.375038,34.875038,828000,2.014351
1984-11-29,35.50,35.624962,34.75,34.875038,978400,2.014351
1984-11-28,36.00,36.00,35.624962,35.624962,2126400,2.057666
1984-11-27,35.624962,36.00,35.50,36.00,3234400,2.079328
1984-11-26,35.875038,36.124962,35.624962,35.875038,1214400,2.07211
1984-11-23,35.25,36.124962,35.25,36.124962,2700000,2.086546
1984-11-21,34.624962,35.25,34.624962,35.25,2523200,2.036009
1984-11-20,34.50,34.624962,34.375038,34.624962,598400,1.999907
1984-11-19,34.75,34.875038,34.375038,34.624962,494400,1.999907
1984-11-16,35.25,35.50,34.75,34.75,800000,2.007129
1984-11-15,35.00,35.375038,34.624962,35.25,792000,2.036009
1984-11-14,35.375038,35.375038,34.75,34.875038,1031200,2.014351
1984-11-13,35.375038,35.50,35.25,35.375038,590400,2.043231
1984-11-12,35.375038,35.75,35.375038,35.375038,463200,2.043231
1984-11-09,35.875038,36.25,35.375038,35.50,763200,2.050449
1984-11-08,35.875038,36.124962,35.50,35.75,560000,2.064888
1984-11-07,35.624962,36.124962,35.624962,36.124962,1240800,2.086546
1984-11-06,35.875038,36.00,35.50,36.00,1101600,2.079328
1984-11-05,35.624962,35.624962,35.375038,35.624962,581600,2.057666
1984-11-02,35.875038,36.00,35.50,35.624962,1214400,2.057666
1984-11-01,35.624962,36.124962,35.375038,35.875038,2368000,2.07211
1984-10-31,36.50,36.50,35.75,35.75,1447200,2.064888
1984-10-30,36.00,36.375038,35.875038,36.375038,1828000,2.10099
1984-10-29,35.124962,36.00,35.124962,36.00,2084000,2.079328
1984-10-26,35.124962,35.25,35.00,35.124962,976000,2.028787
1984-10-25,34.875038,35.624962,34.75,35.375038,928000,2.043231
1984-10-24,35.75,35.875038,34.75,34.75,1868000,2.007129
1984-10-23,36.00,36.375038,35.75,35.875038,1134400,2.07211
1984-10-22,36.50,36.75,35.875038,36.00,3618400,2.079328
1984-10-19,36.00,36.624962,35.875038,36.50,3136000,2.108208
1984-10-18,35.375038,35.875038,35.124962,35.875038,3110400,2.07211
1984-10-17,34.875038,35.375038,34.75,35.124962,2415200,2.028787
1984-10-16,35.375038,35.50,35.00,35.00,733600,2.021569
1984-10-15,35.124962,35.75,35.124962,35.50,3501600,2.050449
1984-10-12,35.124962,35.75,35.124962,35.25,1172800,2.036009
1984-10-11,34.25,35.00,34.124962,35.00,1490400,2.021569
1984-10-10,33.624962,34.00,33.50,34.00,952000,1.96381
1984-10-09,33.00,33.75,33.00,33.50,1961600,1.93493
1984-10-08,32.875038,32.875038,32.624962,32.875038,654400,1.898833
1984-10-05,33.124962,33.124962,32.875038,32.875038,1203200,1.898833
1984-10-04,32.875038,33.124962,32.875038,33.124962,1026400,1.913268
1984-10-03,33.00,33.25,32.75,32.875038,2952800,1.898833
1984-10-02,33.375038,33.50,33.124962,33.25,1646400,1.920491
1984-10-01,33.75,33.75,33.50,33.624962,989600,1.942148
1984-09-28,34.124962,34.124962,33.75,33.875038,903200,1.956592
1984-09-27,34.00,34.25,33.875038,34.124962,1150400,1.971028
1984-09-26,33.875038,34.124962,33.75,33.875038,1922400,1.956592
1984-09-25,33.75,33.75,33.124962,33.624962,932800,1.942148
1984-09-24,34.50,34.624962,33.875038,33.875038,529600,1.956592
1984-09-21,35.25,35.375038,34.50,34.624962,882400,1.999907
1984-09-20,35.875038,35.875038,35.25,35.50,1296000,2.050449
1984-09-19,36.00,36.00,35.875038,35.875038,1556000,2.07211
1984-09-18,36.50,36.50,36.00,36.00,1480000,2.079328
1984-09-17,35.50,36.50,35.50,36.50,1224800,2.108208
1984-09-14,35.124962,35.875038,35.124962,35.75,1929600,2.064888
1984-09-13,34.124962,35.124962,34.124962,34.875038,798400,2.014351
1984-09-12,34.25,34.50,34.124962,34.124962,476000,1.971028
1984-09-11,34.75,35.00,34.375038,34.375038,993600,1.985472
1984-09-10,34.25,34.75,34.25,34.50,771200,1.992689
1984-09-07,34.124962,34.50,34.124962,34.375038,1757600,1.985472
1984-09-06,34.375038,34.75,34.25,34.624962,1850400,1.961786
1984-09-05,34.124962,34.25,33.875038,34.124962,445600,1.933457
1984-09-04,34.624962,34.75,34.25,34.25,448000,1.940541
1984-08-31,35.25,35.50,34.375038,34.75,1540000,1.968871
1984-08-30,36.124962,36.25,35.25,35.50,944800,2.011364
1984-08-29,36.50,36.75,36.25,36.375038,875200,2.060942
1984-08-28,36.50,36.624962,36.124962,36.624962,1508000,2.075102
1984-08-27,36.00,36.624962,35.875038,36.624962,1362400,2.075102
1984-08-24,36.124962,36.624962,36.124962,36.624962,932000,2.075102
1984-08-23,36.00,36.624962,35.75,36.25,1847200,2.053858
1984-08-22,35.875038,36.375038,35.875038,36.25,3324800,2.053858
1984-08-21,35.25,36.25,35.124962,35.875038,2741600,2.032613
1984-08-20,34.624962,35.25,34.624962,35.25,3476800,1.9972
1984-08-17,34.375038,35.00,34.25,34.75,1329600,1.968871
1984-08-16,34.50,34.75,34.25,34.50,1236800,1.954706
1984-08-15,34.124962,34.75,34.124962,34.624962,1296800,1.961786
1984-08-14,33.75,34.375038,33.75,34.25,2993600,1.940541
1984-08-13,33.375038,33.75,33.25,33.624962,981600,1.905128
1984-08-10,33.75,34.124962,33.624962,33.624962,3179200,1.905128
1984-08-09,32.375038,33.375038,31.75,32.875038,2331200,1.862639
1984-08-08,33.25,33.50,32.75,32.75,1695200,1.855554
1984-08-07,33.00,33.50,32.75,33.25,3232000,1.883883
1984-08-06,33.375038,34.00,33.25,33.624962,2234400,1.905128
1984-08-03,33.50,33.875038,33.25,33.50,3783200,1.898048
1984-08-02,31.75,33.50,31.75,33.25,3515200,1.883883
1984-08-01,30.50,31.87504,30.37504,31.62496,2320800,1.791812
1984-07-31,30.00,30.25,29.62496,30.25,1056000,1.713909
1984-07-30,30.25,30.50,30.12496,30.25,1595200,1.713909
1984-07-27,29.62496,30.37504,29.50,30.37504,2540800,1.720993
1984-07-26,29.12496,29.62496,28.87504,29.62496,1031200,1.678495
1984-07-25,28.00,29.25,28.00,29.12496,1221600,1.650166
1984-07-24,27.75,27.87504,27.37504,27.75,1255200,1.572264
1984-07-23,27.50,27.75,27.25,27.75,1188800,1.572264
1984-07-20,28.00,28.12496,27.50,27.62496,1793600,1.565179
1984-07-19,28.25,28.25,27.87504,28.00,1391200,1.586428
1984-07-18,27.87504,28.37504,27.87504,28.25,707200,1.600593
1984-07-17,28.12496,28.25,27.75,28.00,2052000,1.586428
1984-07-16,28.37504,28.37504,27.75,28.25,1186400,1.600593
1984-07-13,28.25,29.50,28.12496,28.25,986400,1.600593
1984-07-12,29.50,29.50,28.37504,28.62496,1915200,1.621837
1984-07-11,29.87504,30.00,29.50,29.50,1568800,1.671415
1984-07-10,30.25,30.25,29.62496,30.00,2572000,1.699744
1984-07-09,30.00,30.25,29.87504,30.00,680000,1.699744
1984-07-06,29.75,30.12496,29.75,30.00,992800,1.699744
1984-07-05,29.87504,30.00,29.87504,29.87504,498400,1.692664
1984-07-03,29.25,29.87504,29.25,29.75,673600,1.68558
1984-07-02,29.37504,29.37504,28.75,29.25,1068800,1.657251
1984-06-29,29.75,30.25,29.12496,29.25,2088000,1.657251
1984-06-28,29.12496,29.87504,29.12496,29.50,532800,1.671415
1984-06-27,30.00,30.25,29.37504,29.37504,1000800,1.664335
1984-06-26,29.87504,30.50,29.75,29.87504,1587200,1.692664
1984-06-25,30.25,30.25,29.50,29.62496,346400,1.678495
1984-06-22,29.50,30.37504,28.87504,30.25,1694400,1.713909
1984-06-21,29.25,30.12496,29.12496,29.50,1521600,1.671415
1984-06-20,29.00,29.62496,28.75,29.37504,2375200,1.664335
1984-06-19,28.75,29.00,28.50,29.00,2191200,1.643086
1984-06-18,28.87504,28.87504,28.25,28.50,2211200,1.614757
1984-06-15,29.25,29.37504,28.62496,28.62496,1947200,1.621837
1984-06-14,29.62496,29.62496,29.00,29.12496,2376000,1.650166
1984-06-13,29.75,29.87504,29.50,29.62496,1209600,1.678495
1984-06-12,29.50,29.75,29.00,29.62496,11976000,1.678495
1984-06-11,30.12496,30.37504,29.50,29.50,35656000,1.671415
1984-06-08,30.37504,31.00,30.12496,30.12496,1381600,1.706824
1984-06-07,31.25,31.37504,31.12496,31.25,1780000,1.770567
1984-06-06,30.87504,31.25,30.62496,31.12496,951200,1.763482
1984-06-05,31.00,31.25,30.75,31.25,1331200,1.733173
1984-06-04,31.50,31.50,31.00,31.12496,819200,1.726238
1984-06-01,30.75,31.50,30.62496,31.37504,1692000,1.740108
1984-05-31,30.62496,30.75,30.12496,30.62496,815200,1.698507
1984-05-30,31.50,31.50,30.50,30.75,4614400,1.705442
1984-05-29,31.62496,31.75,31.37504,31.50,708000,1.747038
1984-05-25,31.62496,31.75,31.50,31.50,1323200,1.747038
1984-05-24,31.87504,32.00,31.50,31.62496,739200,1.753969
1984-05-23,31.75,32.124962,31.62496,31.87504,1560800,1.767838
1984-05-22,32.25,32.25,31.50,32.124962,1503200,1.781699
1984-05-21,32.50,32.624962,32.375038,32.375038,1221600,1.795569
1984-05-18,32.75,32.875038,32.00,32.624962,6558400,1.80943
1984-05-17,33.00,33.25,33.00,33.00,1334400,1.83023
1984-05-16,33.00,33.25,32.875038,33.00,1518400,1.83023
1984-05-15,33.50,33.624962,33.00,33.25,1392000,1.844096
1984-05-14,33.50,33.624962,33.25,33.50,793600,1.857961
1984-05-11,33.50,33.75,32.875038,33.624962,1019200,1.864892
1984-05-10,33.00,34.00,32.75,33.75,2252000,1.871826
1984-05-09,33.875038,33.875038,32.624962,32.75,2776800,1.816365
1984-05-08,34.00,34.25,33.75,33.875038,1898400,1.878761
1984-05-07,34.124962,34.25,34.00,34.124962,786400,1.892622
1984-05-04,35.124962,35.375038,34.00,34.00,1775200,1.885692
1984-05-03,35.375038,35.624962,35.25,35.375038,1376800,1.961954
1984-05-02,35.875038,35.875038,35.375038,35.50,1133600,1.968884
1984-05-01,35.75,36.124962,35.624962,35.624962,1540800,1.975815
1984-04-30,35.75,35.875038,35.624962,35.875038,449600,1.989684
1984-04-27,36.124962,36.50,35.50,36.124962,1049600,2.003546
1984-04-26,36.124962,36.25,35.624962,36.00,744800,1.996615
1984-04-25,36.75,36.75,36.00,36.00,911200,1.996615
1984-04-24,36.375038,36.75,36.25,36.75,1179200,2.038211
1984-04-23,36.75,36.875038,36.124962,36.375038,1344800,2.017415
1984-04-19,36.75,37.25,36.75,36.875038,527200,2.045146
1984-04-18,37.00,37.124962,36.75,36.75,1041600,2.038211
1984-04-17,37.25,37.375038,37.00,37.124962,383200,2.059007
1984-04-16,37.00,37.375038,36.75,37.124962,936000,2.059007
1984-04-13,36.875038,37.124962,36.624962,37.00,829600,2.052076
1984-04-12,37.00,37.124962,36.50,37.124962,839200,2.059007
1984-04-11,37.375038,37.375038,36.75,37.00,736800,2.052076
1984-04-10,37.25,37.375038,36.875038,37.00,1300000,2.052076
1984-04-09,37.375038,37.624962,37.00,37.25,2345600,2.065942
1984-04-06,37.375038,37.624962,37.25,37.624962,1491200,2.086738
1984-04-05,36.75,37.50,36.50,37.25,2392800,2.065942
1984-04-04,36.50,37.00,36.375038,36.624962,1210400,2.031276
1984-04-03,36.75,36.875038,36.375038,36.50,1423200,2.024346
1984-04-02,37.124962,37.375038,36.624962,36.75,1152800,2.038211
1984-03-30,38.00,38.00,37.25,37.50,1332800,2.079807
1984-03-29,38.375038,38.50,38.00,38.375038,1181600,2.128338
1984-03-28,37.375038,39.00,37.375038,38.624962,4258400,2.142199
1984-03-27,36.75,37.624962,36.50,37.50,2041600,2.079807
1984-03-26,35.875038,36.75,35.75,36.624962,4378400,2.031276
1984-03-23,35.50,36.00,35.375038,35.875038,912000,1.989684
1984-03-22,36.375038,36.375038,35.624962,35.75,828800,1.98275
1984-03-21,36.50,36.75,36.25,36.50,1391200,2.024346
1984-03-20,35.75,36.25,35.624962,36.25,1273600,2.01048
1984-03-19,35.624962,35.875038,35.50,35.875038,770400,1.989684
1984-03-16,35.875038,36.25,35.50,35.875038,3018400,1.989684
1984-03-15,34.75,35.375038,34.75,35.124962,445600,1.948084
1984-03-14,34.624962,34.75,34.375038,34.75,528000,1.927288
1984-03-13,35.75,36.00,34.75,34.875038,2341600,1.934223
1984-03-12,35.00,35.75,35.00,35.75,1683200,1.98275
1984-03-09,35.50,35.75,35.375038,35.624962,4668800,1.975815
1984-03-08,35.624962,36.375038,35.624962,36.375038,6063200,1.98081
1984-03-07,35.00,35.624962,34.624962,35.50,1948800,1.93316
1984-03-06,34.75,35.375038,34.375038,35.25,542400,1.919546
1984-03-05,34.75,34.875038,34.375038,34.75,813600,1.892319
1984-03-02,34.124962,34.875038,34.00,34.75,1164800,1.892319
1984-03-01,34.00,34.124962,33.875038,34.124962,1499200,1.858282
1984-02-29,34.624962,34.624962,34.00,34.375038,785600,1.8719
1984-02-28,34.624962,35.25,34.50,34.75,1175200,1.892319
1984-02-27,34.75,35.124962,34.50,34.875038,2113600,1.899128
1984-02-24,33.375038,34.624962,33.375038,34.624962,2305600,1.88551
1984-02-23,33.875038,33.875038,33.25,33.624962,890400,1.831054
1984-02-22,33.75,33.875038,33.50,33.624962,1174400,1.831054
1984-02-21,34.50,34.75,33.75,33.75,2072000,1.837863
1984-02-17,34.75,35.00,34.375038,34.50,2530400,1.878705
1984-02-16,34.75,34.875038,34.25,34.875038,3732800,1.899128
1984-02-15,34.50,35.00,34.25,35.00,1332800,1.905932
1984-02-14,35.375038,35.50,35.00,35.25,1026400,1.919546
1984-02-13,35.624962,35.75,32.624962,35.375038,1008800,1.926355
1984-02-10,35.624962,36.375038,35.50,35.624962,2392000,1.939965
1984-02-09,34.875038,36.00,34.875038,35.624962,1278400,1.939965
1984-02-08,35.50,35.50,35.00,35.25,504800,1.919546
1984-02-07,35.00,35.50,34.25,35.50,1548000,1.93316
1984-02-06,34.50,34.75,34.124962,34.624962,987200,1.88551
1984-02-03,35.124962,35.50,34.75,34.875038,1341600,1.899128
1984-02-02,35.624962,35.624962,34.75,35.00,1675200,1.905932
1984-02-01,35.875038,36.00,35.375038,35.875038,993600,1.953583
1984-01-31,35.875038,36.624962,35.75,36.00,1433600,1.960388
1984-01-30,36.375038,36.50,35.875038,36.00,740000,1.960388
1984-01-27,35.875038,36.624962,35.624962,36.624962,1096000,1.99442
1984-01-26,36.00,36.124962,35.75,36.00,490400,1.960388
1984-01-25,36.00,36.124962,35.75,36.00,1740000,1.960388
1984-01-24,36.124962,36.124962,35.75,36.00,1016000,1.960388
1984-01-23,35.624962,36.00,35.624962,35.875038,856800,1.953583
1984-01-20,36.124962,36.124962,35.624962,35.75,1108000,1.946774
1984-01-19,36.124962,36.25,35.875038,36.124962,843200,1.967193
1984-01-18,35.75,36.124962,35.75,36.124962,1288800,1.967193
1984-01-17,35.624962,36.00,35.50,36.00,901600,1.960388
1984-01-16,35.875038,36.124962,35.875038,36.124962,964800,1.967193
1984-01-13,36.124962,36.25,35.875038,36.00,1148000,1.960388
1984-01-12,36.00,36.25,36.00,36.124962,936000,1.967193
1984-01-11,36.50,36.50,35.75,36.00,1647200,1.960388
1984-01-10,36.624962,37.00,36.624962,36.875038,680800,2.008038
1984-01-09,36.875038,37.124962,36.624962,36.75,1072000,2.001229
1984-01-06,36.624962,37.00,36.624962,37.00,1241600,2.014843
1984-01-05,36.50,36.75,36.375038,36.624962,1838400,1.99442
1984-01-04,36.00,36.25,35.50,36.25,1482400,1.974001
1984-01-03,35.75,36.124962,35.624962,36.124962,624000,1.967193
1983-12-30,35.50,36.124962,35.25,36.00,918400,1.960388
1983-12-29,35.875038,35.875038,35.50,35.75,716800,1.946774
1983-12-28,35.75,35.875038,35.50,35.875038,840800,1.953583
1983-12-27,35.624962,35.75,35.375038,35.75,1583200,1.946774
1983-12-23,35.375038,35.624962,35.00,35.624962,797600,1.939965
1983-12-22,35.624962,35.75,35.00,35.25,1465600,1.919546
1983-12-21,35.00,35.75,35.00,35.75,2352800,1.946774
1983-12-20,35.375038,35.375038,35.124962,35.25,1092800,1.919546
1983-12-19,36.25,36.25,35.25,35.25,879200,1.919546
1983-12-16,35.75,36.25,35.25,36.25,1721600,1.974001
1983-12-15,36.50,36.50,35.75,36.00,3084000,1.960388
1983-12-14,36.50,36.875038,36.375038,36.50,978400,1.987615
1983-12-13,36.375038,36.624962,36.25,36.50,896000,1.987615
1983-12-12,36.50,37.00,36.25,36.375038,2459200,1.98081
1983-12-09,36.25,36.50,36.00,36.375038,6881600,1.98081
1983-12-08,36.75,37.00,36.624962,37.00,5021600,1.978902
1983-12-07,36.75,36.875038,35.50,36.75,740800,1.965532
1983-12-06,36.75,36.875038,36.375038,36.875038,848800,1.972219
1983-12-05,36.375038,36.875038,36.25,36.875038,952800,1.972219
1983-12-02,36.875038,36.875038,36.375038,36.50,1773600,1.952161
1983-12-01,37.25,37.50,36.875038,37.124962,674400,1.985586
1983-11-30,37.375038,38.00,37.375038,37.375038,2072000,1.998961
1983-11-29,36.50,37.25,36.25,37.25,1340800,1.992273
1983-11-28,36.624962,36.75,36.25,36.50,688800,1.952161
1983-11-25,36.875038,36.875038,36.624962,36.75,448800,1.965532
1983-11-23,36.875038,37.00,36.624962,36.875038,1350400,1.972219
1983-11-22,36.50,36.875038,36.375038,36.875038,1395200,1.972219
1983-11-21,35.25,36.50,34.50,36.50,2894400,1.952161
1983-11-18,36.00,36.124962,35.624962,35.75,2769600,1.912048
1983-11-17,36.50,36.875038,35.75,36.00,1544800,1.925419
1983-11-16,37.124962,37.375038,35.75,36.375038,4127200,1.945477
1983-11-15,36.875038,37.124962,36.624962,36.875038,801600,1.972219
1983-11-14,36.50,37.00,36.50,36.875038,1136000,1.972219
1983-11-11,36.50,36.75,36.124962,36.50,1399200,1.952161
1983-11-10,36.375038,36.75,36.25,36.375038,2350400,1.945477
1983-11-09,36.00,36.375038,36.00,36.375038,1453600,1.945477
1983-11-08,35.875038,36.00,35.75,35.875038,1105600,1.918735
1983-11-07,35.75,35.875038,35.50,35.75,1284000,1.912048
1983-11-04,36.25,36.25,35.75,35.875038,1309600,1.918735
1983-11-03,36.50,36.50,36.124962,36.25,875200,1.93879
1983-11-02,36.624962,36.75,36.25,36.624962,1742400,1.958844
1983-11-01,36.50,36.50,36.00,36.375038,973600,1.945477
1983-10-31,36.375038,36.624962,36.00,36.375038,1251200,1.945477
1983-10-28,36.875038,36.875038,36.124962,36.50,1128000,1.952161
1983-10-27,35.875038,36.875038,35.875038,36.875038,1451200,1.972219
1983-10-26,35.75,36.00,35.624962,36.00,1412800,1.925419
1983-10-25,36.25,36.25,35.624962,35.75,808000,1.912048
1983-10-24,35.375038,36.25,35.124962,36.124962,882400,1.932102
1983-10-21,35.624962,35.875038,35.25,35.624962,2284000,1.90536
1983-10-20,35.875038,36.00,35.624962,35.75,1280800,1.912048
1983-10-19,36.25,36.375038,35.124962,35.75,1989600,1.912048
1983-10-18,36.75,36.875038,36.25,36.50,1137600,1.952161
1983-10-17,37.124962,37.25,36.875038,37.00,837600,1.978902
1983-10-14,37.624962,37.75,37.00,37.375038,2048800,1.998961
1983-10-13,37.75,38.00,37.25,37.624962,3153600,2.012328
1983-10-12,38.375038,38.375038,37.50,37.75,984800,2.019015
1983-10-11,38.875038,38.875038,38.25,38.375038,1080000,2.052445
1983-10-10,39.00,39.00,38.75,39.00,2303200,2.08587
1983-10-07,38.50,39.00,38.375038,39.00,1181600,2.08587
1983-10-06,37.50,38.375038,37.50,38.25,2363200,2.045757
1983-10-05,37.00,37.375038,36.624962,37.124962,1208000,1.985586
1983-10-04,37.00,37.25,37.00,37.25,617600,1.992273
1983-10-03,36.624962,37.00,36.375038,37.00,973600,1.978902
1983-09-30,36.375038,36.624962,36.00,36.624962,1770400,1.958844
1983-09-29,36.75,36.875038,36.124962,36.50,687200,1.952161
1983-09-28,37.375038,37.50,36.875038,37.00,1007200,1.978902
1983-09-27,37.624962,37.75,37.25,37.50,468800,2.005644
1983-09-26,38.00,38.25,37.624962,37.75,1108000,2.019015
1983-09-23,37.875038,38.00,37.624962,38.00,1059200,2.032386
1983-09-22,37.50,38.00,37.50,37.875038,838400,2.025703
1983-09-21,38.00,38.00,37.50,37.50,1368800,2.005644
1983-09-20,37.50,38.00,37.50,38.00,3839200,2.032386
1983-09-19,37.00,37.124962,37.00,37.00,687200,1.978902
1983-09-16,36.50,37.25,36.25,37.00,1435200,1.978902
1983-09-15,36.50,36.75,36.375038,36.375038,1128000,1.945477
1983-09-14,36.50,36.75,35.875038,36.375038,1180800,1.945477
1983-09-13,36.50,36.875038,36.50,36.50,930400,1.952161
1983-09-12,37.124962,37.375038,36.375038,36.75,1552800,1.965532
1983-09-09,36.624962,37.00,36.50,36.624962,3941600,1.958844
1983-09-08,37.50,37.75,37.375038,37.375038,3491200,1.963662
1983-09-07,37.624962,37.75,36.50,37.375038,2969600,1.963662
1983-09-06,37.75,38.124962,37.50,38.124962,1152000,2.003062
1983-09-02,36.124962,37.00,36.00,37.00,780000,1.943957
1983-09-01,35.75,36.124962,35.375038,35.875038,1020000,1.884853
1983-08-31,35.75,36.124962,35.624962,35.75,1364800,1.878283
1983-08-30,35.50,36.00,35.375038,35.75,1008800,1.878283
1983-08-29,36.00,36.00,35.50,35.624962,675200,1.871714
1983-08-26,36.00,36.00,35.75,36.00,605600,1.891418
1983-08-25,36.124962,36.25,35.624962,36.124962,1153600,1.897983
1983-08-24,35.50,35.875038,35.50,35.875038,1836000,1.884853
1983-08-23,35.875038,36.124962,35.50,35.875038,856000,1.884853
1983-08-22,36.50,36.875038,35.25,35.624962,2637600,1.871714
1983-08-19,36.25,36.50,35.875038,36.375038,872000,1.911122
1983-08-18,37.25,37.50,36.50,36.75,816000,1.930823
1983-08-17,36.25,36.75,36.00,36.75,1104000,1.930823
1983-08-16,36.875038,37.00,35.875038,36.124962,1668000,1.897983
1983-08-15,36.875038,37.25,36.75,37.00,1637600,1.943957
1983-08-12,36.00,36.50,35.25,36.375038,1080800,1.911122
1983-08-11,35.25,35.75,35.25,35.75,2513600,1.878283
1983-08-10,34.25,35.00,34.25,35.00,2103200,1.838879
1983-08-09,34.75,34.875038,34.124962,34.124962,1628800,1.792905
1983-08-08,34.50,35.00,34.25,34.75,1376800,1.825744
1983-08-05,34.75,35.00,34.50,34.50,1358400,1.812609
1983-08-04,33.75,34.624962,33.50,34.50,5599200,1.812609
1983-08-03,36.375038,36.50,35.25,35.375038,4748000,1.858583
1983-08-02,36.00,36.375038,35.875038,36.375038,1347200,1.911122
1983-08-01,35.75,36.25,35.00,36.00,1160800,1.891418
1983-07-29,36.875038,36.875038,35.00,35.75,2871200,1.878283
1983-07-28,37.624962,37.75,37.00,37.00,1169600,1.943957
1983-07-27,38.75,38.75,37.624962,37.75,2244000,1.983362
1983-07-26,38.25,39.00,38.124962,38.875038,760000,2.042471
1983-07-25,37.624962,38.75,37.375038,38.25,1491200,2.009632
1983-07-22,37.437519,37.75,37.124962,37.75,1546400,1.983362
1983-07-21,38.00,38.124962,37.50,37.624962,1126400,1.976793
1983-07-20,38.75,38.75,37.875038,38.00,2690400,1.996497
1983-07-19,37.50,38.124962,37.375038,37.875038,1936800,1.989931
1983-07-18,38.124962,38.124962,37.375038,37.375038,1601600,1.963662
1983-07-15,38.50,38.624962,38.00,38.124962,863200,2.003062
1983-07-14,38.75,39.124962,38.624962,38.875038,1688000,2.042471
1983-07-13,38.75,39.00,38.624962,38.75,1357600,2.035901
1983-07-12,39.624962,39.624962,38.75,39.00,2779200,2.049036
1983-07-11,39.375038,39.50,39.25,39.50,725600,2.075306
1983-07-08,39.375038,39.375038,39.00,39.124962,879200,2.055602
1983-07-07,39.624962,40.124962,39.50,39.50,1362400,2.075306
1983-07-06,39.375038,39.624962,39.25,39.624962,589600,2.081871
1983-07-05,39.375038,39.624962,39.00,39.375038,1039200,2.06874
1983-07-01,38.75,39.624962,38.75,39.624962,1254400,2.081871
1983-06-30,38.875038,39.124962,38.75,38.875038,726400,2.042471
1983-06-29,38.124962,39.00,38.124962,38.75,889600,2.035901
1983-06-28,38.50,38.50,38.124962,38.124962,2339200,2.003062
1983-06-27,39.624962,39.624962,38.50,38.75,3023200,2.035901
1983-06-24,38.25,39.624962,38.25,39.624962,1222400,2.081871
1983-06-23,39.50,39.624962,38.50,38.50,2388000,2.022766
1983-06-22,39.624962,39.875038,39.25,39.50,2067200,2.075306
1983-06-21,40.00,40.124962,39.624962,40.00,1470400,2.101576
1983-06-20,40.375038,40.875038,39.75,40.124962,1924000,2.108141
1983-06-17,41.124962,41.25,40.00,40.375038,1693600,2.12128
1983-06-16,40.375038,41.624962,40.375038,41.375038,1018400,2.173819
1983-06-15,40.50,40.624962,39.875038,40.25,910400,2.11471
1983-06-14,40.375038,40.75,40.375038,40.624962,782400,2.134411
1983-06-13,41.00,41.00,39.75,40.624962,1524800,2.134411
1983-06-10,41.124962,41.375038,40.624962,40.875038,8356000,2.14755
1983-06-09,41.75,41.875038,41.50,41.624962,3244000,2.152274
1983-06-08,41.624962,41.75,41.50,41.75,1251200,2.158739
1983-06-07,42.50,42.50,41.624962,41.75,949600,2.158739
1983-06-06,42.624962,42.624962,42.124962,42.375038,574400,2.191058
1983-06-03,42.375038,42.75,42.124962,42.75,1054400,2.210446
1983-06-02,41.875038,42.375038,41.75,42.375038,1532800,2.191058
1983-06-01,42.00,42.25,41.375038,41.75,692000,2.158739
1983-05-31,42.25,42.624962,42.124962,42.124962,788000,2.178127
1983-05-27,43.25,43.375038,42.624962,42.75,1798400,2.210446
1983-05-26,42.624962,43.50,42.624962,43.375038,1032000,2.242764
1983-05-25,42.25,42.875038,42.25,42.875038,2455200,2.216911
1983-05-24,41.624962,42.375038,41.624962,42.124962,1300800,2.178127
1983-05-23,41.50,41.875038,41.375038,41.75,918400,2.158739
1983-05-20,41.875038,42.124962,41.50,41.75,680800,2.158739
1983-05-19,41.75,42.25,41.75,42.00,2245600,2.171666
1983-05-18,41.875038,42.25,41.75,41.875038,1128000,2.165204
1983-05-17,41.875038,42.00,41.75,41.875038,512800,2.165204
1983-05-16,41.624962,42.00,41.124962,42.00,1300800,2.171666
1983-05-13,41.75,42.00,41.50,41.875038,1256800,2.165204
1983-05-12,41.75,42.00,41.375038,42.00,1779200,2.171666
1983-05-11,42.00,42.375038,41.624962,42.00,1373600,2.171666
1983-05-10,42.124962,42.50,41.75,42.124962,1330400,2.178127
1983-05-09,41.624962,42.124962,41.124962,42.00,1252000,2.171666
1983-05-06,41.124962,41.50,40.624962,40.875038,1757600,2.113498
1983-05-05,41.375038,41.75,41.00,41.124962,1572800,2.126421
1983-05-04,42.124962,42.25,41.25,41.50,1551200,2.145813
1983-05-03,41.624962,42.00,41.124962,41.624962,1093600,2.152274
1983-05-02,42.124962,42.50,41.624962,41.75,1060800,2.158739
1983-04-29,42.25,43.25,41.25,42.50,3799200,2.197519
1983-04-28,40.875038,41.25,40.50,41.25,908000,2.132886
1983-04-27,41.124962,41.25,40.875038,41.00,1814400,2.119959
1983-04-26,40.25,40.875038,39.50,40.875038,1298400,2.113498
1983-04-25,40.624962,41.375038,39.75,39.75,920000,2.055327
1983-04-22,41.375038,41.75,41.00,41.00,866400,2.119959
1983-04-21,41.624962,42.00,41.25,41.375038,1322400,2.139351
1983-04-20,41.875038,42.124962,41.50,41.75,1791200,2.158739
1983-04-19,41.50,42.00,41.00,41.75,2566400,2.158739
1983-04-18,40.624962,41.375038,39.875038,41.124962,4021600,2.126421
1983-04-15,39.875038,40.00,39.624962,40.00,2338400,2.068253
1983-04-14,39.624962,39.75,39.375038,39.75,1691200,2.055327
1983-04-13,39.25,39.50,39.00,39.50,1609600,2.0424
1983-04-12,39.124962,39.375038,38.875038,39.00,1182400,2.016547
1983-04-11,38.75,39.00,38.375038,39.00,1308800,2.016547
1983-04-08,38.375038,38.75,38.00,38.124962,1776000,1.971302
1983-04-07,38.375038,38.624962,38.00,38.624962,800800,1.997155
1983-04-06,38.00,38.25,37.75,38.00,1320800,1.964841
1983-04-05,38.624962,39.124962,38.124962,38.124962,587200,1.971302
1983-04-04,38.75,39.00,38.50,39.00,543200,2.016547
1983-03-31,39.375038,39.875038,38.75,38.875038,804000,2.010086
1983-03-30,39.375038,39.624962,39.00,39.00,655200,2.016547
1983-03-29,39.25,39.50,38.875038,39.124962,724800,2.023008
1983-03-28,39.00,39.25,38.75,39.00,872000,2.016547
1983-03-25,39.375038,39.75,38.875038,39.00,836800,2.016547
1983-03-24,39.75,40.00,39.375038,39.624962,2187200,2.048861
1983-03-23,39.25,39.875038,38.50,39.124962,1787200,2.023008
1983-03-22,39.00,39.50,38.50,38.50,3400000,1.990694
1983-03-21,38.875038,39.124962,38.624962,39.00,1795200,2.016547
1983-03-18,38.875038,39.00,38.624962,39.00,2471200,2.016547
1983-03-17,38.75,38.875038,38.50,38.624962,1178400,1.997155
1983-03-16,38.75,39.00,38.50,38.75,1774400,2.00362
1983-03-15,38.375038,38.75,38.00,38.50,692000,1.990694
1983-03-14,38.375038,38.624962,38.00,38.00,913600,1.964841
1983-03-11,38.50,38.75,38.124962,38.75,4224000,2.00362
1983-03-10,39.50,39.624962,39.25,39.25,2237600,1.995347
1983-03-09,39.00,39.50,38.50,39.375038,1480800,2.001704
1983-03-08,39.375038,39.75,39.00,39.00,1256800,1.982638
1983-03-07,39.50,40.124962,38.75,39.875038,1036800,2.027122
1983-03-04,40.00,40.25,39.624962,40.25,1696800,2.046184
1983-03-03,40.00,40.25,39.624962,39.875038,1474400,2.027122
1983-03-02,39.375038,40.00,38.75,39.624962,3472800,2.014409
1983-03-01,38.875038,39.375038,38.375038,39.25,2148000,1.995347
1983-02-28,38.50,38.875038,38.124962,38.375038,1095200,1.950867
1983-02-25,38.50,38.75,38.25,38.50,2189600,1.95722
1983-02-24,38.00,38.25,37.624962,38.00,2314400,1.931801
1983-02-23,37.50,37.875038,37.00,37.624962,1988800,1.912735
1983-02-22,37.75,38.375038,37.124962,37.124962,1352000,1.887317
1983-02-18,37.375038,38.50,36.25,37.875038,1684800,1.925448
1983-02-17,36.375038,36.624962,36.00,36.375038,1681600,1.849193
1983-02-16,36.624962,37.00,36.25,36.25,1500000,1.842837
1983-02-15,36.624962,36.875038,36.25,36.624962,2173600,1.861899
1983-02-14,35.50,36.00,35.00,36.00,2048800,1.830127
1983-02-11,34.875038,35.124962,34.50,34.75,2136000,1.766581
1983-02-10,34.25,34.875038,33.50,34.50,2447200,1.753872
1983-02-09,33.50,33.875038,33.00,33.375038,4808000,1.696683
1983-02-08,34.00,34.25,33.75,33.875038,3765600,1.722101
1983-02-07,33.875038,34.375038,33.375038,34.25,2659200,1.741163
1983-02-04,33.375038,33.875038,32.875038,33.25,2345600,1.690326
1983-02-03,34.00,34.25,33.75,33.75,3007200,1.715744
1983-02-02,33.75,33.875038,33.624962,33.875038,2954400,1.722101
1983-02-01,33.624962,34.375038,32.875038,33.50,3109600,1.703035
1983-01-31,34.624962,34.75,34.375038,34.375038,1470400,1.747519
1983-01-28,34.624962,34.875038,34.375038,34.624962,2424000,1.760225
1983-01-27,34.75,35.00,34.50,34.875038,2219200,1.772938
1983-01-26,34.875038,35.50,34.25,34.50,2184800,1.753872
1983-01-25,34.50,35.00,34.00,35.00,2000000,1.779291
1983-01-24,34.25,34.624962,33.875038,34.00,3410400,1.728454
1983-01-21,35.124962,35.375038,34.75,34.875038,3081600,1.772938
1983-01-20,35.375038,35.75,34.875038,35.25,1657600,1.792
1983-01-19,36.00,36.624962,35.25,35.375038,2824000,1.798356
1983-01-18,37.00,37.50,36.375038,36.624962,4072000,1.861899
1983-01-17,37.624962,37.875038,37.25,37.75,3064000,1.919092
1983-01-14,37.25,37.50,37.00,37.124962,1077600,1.887317
1983-01-13,37.25,37.50,36.875038,37.00,1511200,1.880964
1983-01-12,37.375038,37.75,36.875038,37.124962,1912000,1.887317
1983-01-11,36.875038,37.25,36.50,36.75,2704000,1.868255
1983-01-10,37.25,37.50,37.00,37.124962,2684800,1.887317
1983-01-07,36.25,36.875038,35.624962,36.624962,6584000,1.861899
1983-01-06,35.375038,35.875038,34.75,35.624962,4962400,1.811062
1983-01-05,35.124962,36.124962,34.00,34.624962,10009600,1.760225
1983-01-04,35.50,35.624962,35.25,35.624962,2284800,1.811062
1983-01-03,36.375038,37.00,35.75,35.875038,2116800,1.823775
1982-12-31,36.124962,36.375038,35.875038,36.375038,845600,1.849193
1982-12-30,36.124962,36.50,35.75,36.00,1129600,1.830127
1982-12-29,36.624962,36.875038,36.25,36.624962,1093600,1.861899
1982-12-28,36.75,37.00,36.50,36.624962,1826400,1.861899
1982-12-27,37.124962,37.50,36.624962,37.124962,2176800,1.887317
1982-12-23,36.875038,37.25,36.375038,37.25,1296800,1.893673
1982-12-22,36.624962,37.00,36.124962,36.375038,2163200,1.849193
1982-12-21,35.875038,36.50,35.25,36.375038,2011200,1.849193
1982-12-20,36.624962,37.00,36.124962,36.124962,1848000,1.83648
1982-12-17,37.00,37.50,36.50,37.375038,1508000,1.90003
1982-12-16,36.375038,36.75,36.00,36.624962,1740800,1.861899
1982-12-15,36.75,37.00,36.375038,36.624962,1306400,1.861899
1982-12-14,37.624962,38.124962,37.00,37.124962,970400,1.887317
1982-12-13,37.375038,37.50,37.124962,37.375038,1178400,1.90003
1982-12-10,37.624962,38.00,37.25,37.375038,2411200,1.90003
1982-12-09,38.75,39.624962,37.75,38.875038,1143200,1.944258
1982-12-08,38.375038,38.624962,38.00,38.50,2751200,1.925501
1982-12-07,38.25,38.624962,37.875038,38.375038,2523200,1.919252
1982-12-06,38.375038,39.00,37.75,38.375038,2718400,1.919252
1982-12-03,39.624962,40.375038,38.75,39.124962,1407200,1.956758
1982-12-02,40.50,40.875038,40.124962,40.375038,1324800,2.019278
1982-12-01,40.124962,40.50,39.75,40.25,2520000,2.013024
1982-11-30,39.50,39.75,39.25,39.75,1730400,1.988018
1982-11-29,39.624962,39.75,39.375038,39.50,1365600,1.975514
1982-11-26,39.75,39.875038,39.624962,39.75,789600,1.988018
1982-11-24,39.624962,39.875038,39.375038,39.624962,1639200,1.981764
1982-11-23,40.00,40.124962,39.75,40.00,1128000,2.000521
1982-11-22,39.875038,40.50,39.25,40.00,1686400,2.000521
1982-11-19,41.124962,42.50,39.75,40.50,5344000,2.025527
1982-11-18,43.00,43.624962,42.25,42.50,2276000,2.125554
1982-11-17,43.50,43.875038,43.124962,43.50,1147200,2.175567
1982-11-16,42.00,43.00,41.00,42.75,1889600,2.138057
1982-11-15,42.875038,43.25,42.50,42.50,1831200,2.125554
1982-11-12,43.375038,43.624962,43.00,43.00,779200,2.15056
1982-11-11,43.124962,43.50,42.75,43.50,1244000,2.175567
1982-11-10,43.75,44.375038,43.124962,43.124962,2676800,2.15681
1982-11-09,42.375038,43.124962,41.624962,43.124962,1609600,2.15681
1982-11-08,42.25,42.624962,41.875038,42.124962,1011200,2.106797
1982-11-05,42.624962,43.00,42.124962,42.75,2316800,2.138057
1982-11-04,42.875038,43.50,42.25,42.624962,3732000,2.131803
1982-11-03,40.624962,42.25,39.00,41.75,2679200,2.088044
1982-11-02,39.50,40.25,38.75,39.124962,3152000,1.956758
1982-11-01,38.624962,39.124962,38.00,39.00,3678400,1.950508
1982-10-29,38.124962,38.375038,37.875038,38.25,4711200,1.912998
1982-10-28,39.50,40.124962,38.75,38.875038,1475200,1.944258
1982-10-27,40.624962,41.124962,40.124962,40.25,1969600,2.013024
1982-10-26,40.25,40.75,39.75,40.50,1807200,2.025527
1982-10-25,41.875038,42.50,41.124962,41.124962,1050400,2.056784
1982-10-22,42.875038,43.124962,42.50,42.75,2128000,2.138057
1982-10-21,43.124962,43.624962,42.50,43.25,2053600,2.163063
1982-10-20,42.25,42.624962,41.75,42.50,2466400,2.125554
1982-10-19,42.25,42.624962,41.875038,42.25,1771200,2.11305
1982-10-18,41.375038,41.624962,41.00,41.50,3478400,2.075541
1982-10-15,40.375038,40.75,40.00,40.75,1864800,2.038031
1982-10-14,41.50,42.00,41.00,41.124962,2124800,2.056784
1982-10-13,42.00,42.50,41.50,42.00,1554400,2.100547
1982-10-12,42.00,42.375038,41.50,41.624962,2433600,2.08179
1982-10-11,42.124962,43.00,41.124962,41.375038,3601600,2.069291
1982-10-08,41.124962,42.375038,39.875038,41.75,3107200,2.088044
1982-10-07,39.75,40.124962,39.25,39.875038,4019200,1.994271
1982-10-06,37.624962,38.375038,36.875038,38.00,2213600,1.900495
1982-10-05,37.25,37.624962,36.875038,37.00,1224000,1.850482
1982-10-04,37.375038,37.50,37.124962,37.50,567200,1.875488
1982-10-01,37.25,37.75,36.624962,37.75,1709600,1.887992
1982-09-30,36.624962,36.75,36.50,36.75,681600,1.837979
1982-09-29,36.875038,37.25,36.50,36.875038,860000,1.844232
1982-09-28,37.624962,38.00,37.124962,37.25,1437600,1.862985
1982-09-27,37.25,37.75,36.75,37.75,1528800,1.887992
1982-09-24,36.50,36.75,36.25,36.624962,832000,1.831725
1982-09-23,36.25,36.50,35.875038,36.25,2793600,1.812972
1982-09-22,36.875038,37.375038,36.25,36.375038,2628800,1.819226
1982-09-21,36.50,36.75,36.25,36.75,1628000,1.837979
1982-09-20,36.25,36.50,36.00,36.124962,1736000,1.806719
1982-09-17,36.50,36.75,36.124962,36.50,1272800,1.825475
1982-09-16,37.124962,37.624962,36.50,36.50,2575200,1.825475
1982-09-15,36.25,37.00,35.50,37.00,1436000,1.850482
1982-09-14,35.75,36.00,35.50,35.624962,2100800,1.781712
1982-09-13,35.375038,35.75,35.00,35.75,2216800,1.787966
1982-09-10,35.75,36.00,35.375038,36.00,1376000,1.800469
1982-09-09,37.624962,37.875038,37.25,37.375038,650400,1.83773
1982-09-08,37.624962,37.875038,37.375038,37.50,1140800,1.843875
1982-09-07,37.875038,38.25,37.50,37.75,1399200,1.856167
1982-09-03,37.624962,38.75,36.50,38.00,3595200,1.86846
1982-09-02,35.75,36.50,35.00,36.50,2651200,1.794705
1982-09-01,36.124962,36.624962,35.624962,35.75,2637600,1.757827
1982-08-31,36.624962,36.875038,36.375038,36.624962,2794400,1.800849
1982-08-30,36.624962,37.00,36.25,36.875038,1144800,1.813145
1982-08-27,37.25,37.75,36.75,36.875038,1833600,1.813145
1982-08-26,38.875038,39.375038,38.25,38.50,2400000,1.893045
1982-08-25,37.50,38.624962,36.375038,38.00,1878400,1.86846
1982-08-24,36.624962,37.00,36.124962,36.75,1723200,1.806997
1982-08-23,35.875038,36.25,35.50,36.124962,2055200,1.776264
1982-08-20,35.124962,35.875038,34.375038,35.75,1607200,1.757827
1982-08-19,34.75,35.25,34.124962,34.124962,1361600,1.677924
1982-08-18,35.624962,36.25,35.00,35.00,3392000,1.72095
1982-08-17,34.624962,35.25,33.875038,35.00,2660000,1.72095
1982-08-16,33.875038,34.124962,33.624962,33.624962,3520800,1.653339
1982-08-13,33.25,33.50,32.875038,33.50,864000,1.647195
1982-08-12,33.375038,33.624962,33.124962,33.124962,2139200,1.628754
1982-08-11,33.375038,33.50,33.25,33.50,920800,1.647195
1982-08-10,33.624962,33.75,33.50,33.624962,597600,1.653339
1982-08-09,33.875038,34.124962,33.624962,33.624962,852000,1.653339
1982-08-06,34.375038,34.50,34.124962,34.25,1480000,1.684072
1982-08-05,34.124962,34.25,33.875038,34.124962,948000,1.677924
1982-08-04,34.375038,34.624962,34.124962,34.375038,1472800,1.69022
1982-08-03,34.75,35.00,34.50,34.624962,1201600,1.702509
1982-08-02,34.375038,34.624962,34.124962,34.25,1399200,1.684072
1982-07-30,34.124962,34.25,33.875038,34.124962,1294400,1.677924
1982-07-29,34.00,34.124962,33.875038,34.00,2155200,1.67178
1982-07-28,33.75,34.124962,33.375038,33.624962,1648000,1.653339
1982-07-27,34.25,34.50,34.00,34.124962,1190400,1.677924
1982-07-26,34.75,34.875038,34.50,34.50,279200,1.696365
1982-07-23,35.25,35.75,34.75,35.00,2036800,1.72095
1982-07-22,35.375038,36.00,34.624962,35.624962,1790400,1.751679
1982-07-21,34.50,34.875038,34.00,34.50,2716800,1.696365
1982-07-20,33.875038,34.00,33.75,34.00,1911200,1.67178
1982-07-19,33.75,33.875038,33.50,33.75,1964000,1.659487
1982-07-16,33.75,34.00,33.375038,33.624962,1560000,1.653339
1982-07-15,34.00,34.124962,33.75,33.875038,1588000,1.665635
1982-07-14,34.00,34.25,33.75,33.875038,1496800,1.665635
1982-07-13,34.375038,34.50,34.124962,34.25,2815200,1.684072
1982-07-12,34.375038,34.624962,34.00,34.375038,1312800,1.69022
1982-07-09,34.25,34.624962,33.75,34.00,1584800,1.67178
1982-07-08,33.375038,33.75,33.00,33.75,1568800,1.659487
1982-07-07,33.75,34.00,33.375038,33.50,1909600,1.647195
1982-07-06,34.00,34.50,33.50,33.75,863200,1.659487
1982-07-02,34.624962,34.875038,34.375038,34.375038,1288000,1.69022
1982-07-01,35.124962,35.50,34.624962,34.75,643200,1.708657
1982-06-30,35.25,35.50,34.875038,35.00,1649600,1.72095
1982-06-29,34.25,34.50,34.00,34.50,3343200,1.696365
1982-06-28,34.00,34.25,33.624962,34.00,1041600,1.67178
1982-06-25,33.875038,34.00,33.624962,33.75,784800,1.659487
1982-06-24,34.00,34.25,33.75,33.75,756800,1.659487
1982-06-23,34.00,34.50,33.50,34.25,1120000,1.684072
1982-06-22,33.50,33.75,33.124962,33.75,1453600,1.659487
1982-06-21,33.25,33.50,32.875038,33.124962,1416800,1.628754
1982-06-18,33.75,34.25,33.124962,33.124962,1265600,1.628754
1982-06-17,34.25,34.375038,34.124962,34.25,700800,1.684072
1982-06-16,34.50,34.75,34.124962,34.50,1072800,1.696365
1982-06-15,34.25,34.50,33.875038,34.375038,1681600,1.69022
1982-06-14,34.75,35.00,34.375038,34.375038,1594400,1.69022
1982-06-11,34.75,35.00,34.50,35.00,1611200,1.72095
1982-06-10,34.75,35.00,34.375038,34.50,1969600,1.665388
1982-06-09,34.50,34.75,34.25,34.25,1434400,1.65332
1982-06-08,34.875038,35.25,34.375038,34.624962,1902400,1.67142
1982-06-07,35.25,35.624962,34.75,35.124962,3188800,1.695556
1982-06-04,36.50,37.124962,35.75,36.00,2032000,1.737796
1982-06-03,37.50,37.75,37.124962,37.375038,1856800,1.804172
1982-06-02,37.124962,37.75,36.50,37.624962,1449600,1.816236
1982-06-01,36.25,36.50,36.00,36.50,1590400,1.761932
1982-05-28,36.624962,37.25,36.00,36.124962,1940000,1.743828
1982-05-27,37.50,37.75,37.25,37.25,911200,1.798136
1982-05-26,38.00,38.50,37.50,37.75,2391200,1.822272
1982-05-25,38.875038,39.124962,38.50,38.624962,1348800,1.864508
1982-05-24,39.50,39.624962,39.25,39.624962,2072800,1.91278
1982-05-21,39.75,40.124962,39.375038,39.50,1671200,1.906748
1982-05-20,39.50,39.624962,39.25,39.624962,2072800,1.91278
1982-05-19,39.375038,40.124962,38.624962,38.624962,3604000,1.864508
1982-05-18,40.25,40.375038,40.00,40.124962,2410400,1.936916
1982-05-17,40.875038,41.124962,40.50,40.624962,663200,1.961052
1982-05-14,41.375038,41.75,41.00,41.00,1928800,1.979156
1982-05-13,41.875038,42.124962,41.624962,41.624962,1356800,2.009325
1982-05-12,42.00,42.25,41.75,42.00,2144000,2.027428
1982-05-11,42.25,42.375038,42.124962,42.25,1620000,2.039497
1982-05-10,42.624962,42.875038,42.25,42.375038,478400,2.045532
1982-05-07,43.00,43.124962,42.875038,43.00,811200,2.075701
1982-05-06,43.25,43.50,43.00,43.124962,1103200,2.081733
1982-05-05,43.375038,43.624962,43.124962,43.25,1357600,2.087769
1982-05-04,43.25,43.50,43.00,43.25,1551200,2.087769
1982-05-03,42.875038,43.124962,42.624962,42.875038,1166400,2.069668
1982-04-30,42.875038,43.124962,42.50,42.75,2026400,2.063633
1982-04-29,42.624962,42.875038,42.25,42.75,1974400,2.063633
1982-04-28,43.00,43.25,42.75,43.00,1217600,2.075701
1982-04-27,43.375038,43.75,43.00,43.25,2660800,2.087769
1982-04-26,43.875038,44.25,43.50,43.875038,2810400,2.117941
1982-04-23,44.00,44.25,43.75,44.00,7450400,2.123973
1982-04-22,43.124962,43.50,42.75,43.375038,4944000,2.093804
1982-04-21,42.375038,42.75,42.00,42.624962,5071200,2.057597
1982-04-20,42.50,43.00,42.00,42.124962,4604000,2.033461
1982-04-19,43.124962,43.75,42.375038,42.875038,10016800,2.069668
1982-04-16,43.375038,43.875038,42.75,43.75,6535200,2.111905
1982-04-15,44.00,44.00,44.00,44.00,104000,2.123973
1982-04-14,47.124962,47.25,47.00,47.25,1209600,2.280857
1982-04-13,47.00,47.25,46.75,47.00,4892800,2.268789
1982-04-12,47.50,47.75,47.124962,47.124962,454400,2.274821
1982-04-08,47.875038,48.00,47.624962,47.75,728800,2.304993
1982-04-07,47.875038,48.25,47.375038,47.875038,993600,2.311029
1982-04-06,47.124962,47.375038,46.875038,47.375038,388000,2.286893
1982-04-05,47.00,47.25,46.75,47.00,616800,2.268789
1982-04-02,46.50,46.75,46.25,46.75,677600,2.256721
1982-04-01,45.375038,45.75,45.00,45.75,686400,2.208449
1982-03-31,45.75,45.875038,45.50,45.50,362400,2.196381
1982-03-30,46.00,46.25,45.624962,45.875038,1055200,2.214485
1982-03-29,46.124962,46.50,45.624962,46.25,938400,2.232585
1982-03-26,46.875038,47.25,46.375038,46.875038,444000,2.262757
1982-03-25,47.124962,47.624962,46.624962,47.375038,2411200,2.286893
1982-03-24,46.50,46.75,46.124962,46.50,996000,2.244653
1982-03-23,47.00,47.25,46.624962,46.875038,891200,2.262757
1982-03-22,46.75,46.875038,46.50,46.875038,1190400,2.262757
1982-03-19,46.624962,46.75,46.375038,46.50,1330400,2.244653
1982-03-18,46.00,46.375038,45.50,46.124962,1478400,2.226549
1982-03-17,45.00,45.25,44.624962,45.00,237600,2.172245
1982-03-16,44.50,44.875038,44.00,44.50,1857600,2.148109
1982-03-15,43.875038,44.00,43.75,44.00,725600,2.123973
1982-03-12,44.00,44.375038,43.624962,44.124962,834400,2.130005
1982-03-11,45.25,45.75,44.75,45.00,584800,2.141833
1982-03-10,45.875038,46.375038,45.25,45.25,761600,2.153732
1982-03-09,46.25,46.75,45.75,46.124962,1168000,2.195377
1982-03-08,46.875038,47.25,46.50,46.50,812000,2.213228
1982-03-05,47.00,47.50,46.375038,46.375038,990400,2.20728
1982-03-04,47.624962,47.875038,47.25,47.624962,4281600,2.266772
1982-03-03,47.124962,47.75,46.50,47.50,2865600,2.260824
1982-03-02,46.50,46.875038,46.124962,46.75,1461600,2.225127
1982-03-01,46.00,46.375038,45.624962,46.25,889600,2.201329
1982-02-26,45.875038,46.25,45.50,45.875038,1317600,2.183482
1982-02-25,45.375038,45.624962,45.124962,45.375038,1232000,2.159684
1982-02-24,44.75,45.124962,44.25,45.124962,688000,2.147781
1982-02-23,44.624962,45.124962,44.124962,45.00,794400,2.141833
1982-02-22,45.00,45.50,44.375038,44.50,992800,2.118035
1982-02-19,44.25,44.50,44.00,44.50,688800,2.118035
1982-02-18,44.25,44.375038,44.00,44.124962,906400,2.100185
1982-02-17,44.75,45.25,44.124962,44.375038,728000,2.112088
1982-02-16,44.25,44.75,43.624962,44.75,452800,2.129934
1982-02-12,44.50,44.624962,44.25,44.25,237600,2.106136
1982-02-11,44.75,45.124962,44.375038,44.50,540800,2.118035
1982-02-10,45.00,45.25,44.75,45.124962,393600,2.147781
1982-02-09,45.25,45.375038,45.124962,45.124962,374400,2.147781
1982-02-08,45.624962,46.00,45.25,45.25,1156000,2.153732
1982-02-05,44.75,45.375038,44.124962,45.375038,591200,2.159684
1982-02-04,44.624962,45.00,41.25,44.50,848000,2.118035
1982-02-03,45.00,45.375038,44.624962,44.624962,653600,2.123983
1982-02-02,45.124962,45.50,44.624962,45.124962,880000,2.147781
1982-02-01,45.50,46.00,44.875038,44.875038,687200,2.135886
1982-01-29,46.124962,46.624962,45.624962,46.50,681600,2.213228
1982-01-28,45.00,45.624962,44.25,45.50,1195200,2.165632
1982-01-27,44.124962,44.50,43.75,44.25,1107200,2.106136
1982-01-26,43.624962,44.124962,43.124962,43.875038,1425600,2.088289
1982-01-25,43.124962,43.375038,42.75,43.124962,822400,2.052589
1982-01-22,43.375038,43.624962,43.00,43.375038,3338400,2.064491
1982-01-21,43.124962,43.50,42.624962,42.624962,865600,2.02879
1982-01-20,42.624962,43.00,42.25,42.75,808800,2.034742
1982-01-19,42.624962,42.875038,42.25,42.25,633600,2.010944
1982-01-18,42.124962,42.624962,41.624962,42.624962,1035200,2.02879
1982-01-15,41.875038,42.25,41.50,42.25,300000,2.010944
1982-01-14,41.375038,41.875038,40.875038,41.624962,712800,1.981194
1982-01-13,41.875038,42.375038,41.375038,41.375038,668800,1.969299
1982-01-12,42.00,42.25,41.624962,42.25,525600,2.010944
1982-01-11,42.25,42.75,41.75,41.75,892800,1.987145
1982-01-08,43.00,43.25,42.75,42.75,288000,2.034742
1982-01-07,42.624962,43.25,42.00,43.00,704800,2.046641
1982-01-06,43.624962,44.00,43.25,43.50,1069600,2.070439
1982-01-05,44.124962,44.375038,43.75,43.875038,984800,2.088289
1982-01-04,44.25,44.624962,43.875038,44.375038,924800,2.112088
1981-12-31,43.75,44.375038,43.75,44.00,457600,2.094237
1981-12-30,43.624962,43.875038,43.375038,43.624962,600800,2.076387
1981-12-29,43.624962,43.875038,43.624962,43.624962,355200,2.076387
1981-12-28,43.375038,44.00,43.375038,43.624962,554400,2.076387
1981-12-24,43.25,43.624962,43.124962,43.375038,174400,2.064491
1981-12-23,43.25,43.50,43.124962,43.25,1013600,2.05854
1981-12-22,43.875038,44.124962,43.25,43.25,640800,2.05854
1981-12-21,44.00,44.124962,43.75,43.875038,659200,2.088289
1981-12-18,43.624962,44.375038,43.624962,44.00,1650400,2.094237
1981-12-17,43.50,43.50,43.124962,43.50,444000,2.070439
1981-12-16,43.375038,43.875038,43.375038,43.50,1077600,2.070439
1981-12-15,43.00,45.624962,43.00,43.375038,2258400,2.064491
1981-12-14,43.124962,43.124962,42.124962,43.00,808800,2.046641
1981-12-11,43.75,43.75,43.375038,43.624962,236800,2.076387
1981-12-10,44.375038,44.624962,44.00,44.375038,559200,2.084482
1981-12-09,44.50,44.50,44.25,44.375038,259200,2.084482
1981-12-08,45.124962,45.124962,44.50,44.75,1428800,2.102095
1981-12-07,46.00,46.00,45.124962,45.124962,446400,2.119709
1981-12-04,45.75,46.375038,45.624962,46.124962,730400,2.166683
1981-12-03,45.624962,45.75,45.00,45.75,496800,2.14907
1981-12-02,46.375038,46.375038,45.624962,45.624962,1751200,2.143196
1981-12-01,47.124962,47.124962,46.50,46.624962,956000,2.19017
1981-11-30,47.124962,47.624962,47.00,47.124962,894400,2.213657
1981-11-27,46.50,47.25,46.375038,47.124962,881600,2.213657
1981-11-25,45.50,46.624962,45.50,46.50,1396000,2.1843
1981-11-24,44.624962,45.50,44.624962,45.50,901600,2.137326
1981-11-23,44.50,45.00,44.50,44.50,1251200,2.090352
1981-11-20,44.624962,44.875038,44.50,44.50,319200,2.090352
1981-11-19,44.624962,44.624962,44.375038,44.624962,679200,2.096222
1981-11-18,44.624962,45.25,44.624962,44.75,820800,2.102095
1981-11-17,43.875038,44.624962,43.75,44.50,440000,2.090352
1981-11-16,44.50,44.50,43.50,43.875038,482400,2.060995
1981-11-13,45.00,45.124962,44.375038,44.50,639200,2.090352
1981-11-12,44.624962,45.124962,44.624962,45.00,827200,2.113839
1981-11-11,44.624962,44.624962,44.375038,44.624962,1987200,2.096222
1981-11-10,44.00,44.75,44.00,44.624962,2566400,2.096222
1981-11-09,42.75,44.25,42.75,43.75,3446400,2.055121
1981-11-06,43.25,43.624962,42.75,42.75,2759200,2.008147
1981-11-05,44.124962,44.124962,43.25,43.25,3690400,2.031634
1981-11-04,44.50,45.25,44.50,44.50,2259200,2.090352
1981-11-03,43.75,44.624962,43.75,44.375038,1489600,2.084482
1981-11-02,43.25,43.875038,43.25,43.75,1180800,2.055121
1981-10-30,40.875038,42.75,40.875038,42.75,2288000,2.008147
1981-10-29,39.875038,40.00,39.624962,40.00,610400,1.878968
1981-10-28,40.00,40.25,39.875038,39.875038,453600,1.873098
1981-10-27,39.624962,40.124962,39.624962,40.00,1768800,1.878968
1981-10-26,40.00,40.00,39.375038,39.50,1499200,1.855481
1981-10-23,40.124962,40.124962,39.875038,40.124962,195200,1.884838
1981-10-22,40.624962,40.75,39.25,40.124962,324000,1.884838
1981-10-21,41.124962,41.624962,40.624962,40.624962,533600,1.908325
1981-10-20,41.00,41.50,41.00,41.124962,686400,1.931812
1981-10-19,41.00,41.375038,40.50,41.00,560000,1.925942
1981-10-16,41.124962,41.25,40.624962,41.00,535200,1.925942
1981-10-15,40.75,41.124962,40.50,41.124962,837600,1.931812
1981-10-14,41.624962,41.75,40.375038,40.75,566400,1.914199
1981-10-13,42.00,42.00,41.624962,41.624962,1499200,1.955299
1981-10-12,41.50,42.00,41.25,42.00,2070400,1.972916
1981-10-09,41.624962,41.75,41.124962,41.50,1629600,1.949429
1981-10-08,41.624962,41.75,41.50,41.624962,652800,1.955299
1981-10-07,40.875038,41.75,40.624962,41.624962,1967200,1.955299
1981-10-06,41.124962,41.124962,40.50,40.875038,209600,1.920072
1981-10-05,41.00,41.50,40.624962,41.25,708800,1.937686
1981-10-02,40.375038,41.00,40.00,41.00,1604800,1.925942
1981-10-01,39.875038,40.50,39.375038,40.375038,777600,1.896585
1981-09-30,39.25,40.00,38.75,39.875038,808800,1.873098
1981-09-29,39.50,40.00,39.00,39.25,1120000,1.843737
1981-09-28,38.375038,39.50,37.75,39.50,891200,1.855481
1981-09-25,38.75,38.75,38.00,38.375038,772000,1.802637
1981-09-24,39.00,39.75,39.00,39.00,1303200,1.831994
1981-09-23,37.50,39.00,37.50,38.875038,2183200,1.826124
1981-09-22,37.875038,38.00,37.50,37.50,284000,1.761532
1981-09-21,37.50,38.124962,37.50,37.875038,834400,1.77915
1981-09-18,37.25,37.50,37.124962,37.375038,352000,1.755662
1981-09-17,37.00,37.50,37.00,37.25,1475200,1.749789
1981-09-16,36.75,36.875038,36.50,36.75,448800,1.726302
1981-09-15,36.875038,37.00,36.624962,36.75,423200,1.726302
1981-09-14,37.25,37.25,36.624962,36.875038,486400,1.732175
1981-09-11,37.124962,37.375038,36.25,37.375038,615200,1.755662
1981-09-10,36.375038,37.124962,36.375038,37.124962,484800,1.71667
1981-09-09,35.75,36.25,35.75,36.124962,688000,1.67043
1981-09-08,36.624962,36.624962,35.624962,35.75,502400,1.653092
1981-09-04,36.875038,37.00,36.25,36.624962,481600,1.69355
1981-09-03,37.25,37.375038,36.875038,36.875038,428800,1.705114
1981-09-02,37.25,37.624962,37.25,37.25,816000,1.722452
1981-09-01,37.00,37.375038,36.875038,37.25,610400,1.722452
1981-08-31,37.00,37.50,37.00,37.00,956800,1.710892
1981-08-28,36.50,37.375038,36.50,37.00,470400,1.710892
1981-08-27,36.50,36.75,36.375038,36.50,302400,1.687772
1981-08-26,36.00,36.624962,36.00,36.50,581600,1.687772
1981-08-25,36.00,36.00,35.375038,35.875038,725600,1.658873
1981-08-24,37.124962,37.124962,36.00,36.00,992800,1.664652
1981-08-21,37.50,37.50,37.25,37.25,270400,1.722452
1981-08-20,37.875038,37.875038,37.124962,37.50,667200,1.734012
1981-08-19,38.00,38.00,37.624962,37.875038,236000,1.751354
1981-08-18,38.25,38.25,37.75,38.00,249600,1.757132
1981-08-17,38.875038,38.875038,38.124962,38.25,324000,1.768692
1981-08-14,39.375038,39.375038,38.75,38.875038,564800,1.797594
1981-08-13,39.124962,39.50,39.124962,39.375038,422400,1.820714
1981-08-12,39.124962,39.375038,39.00,39.00,704800,1.803373
1981-08-11,38.875038,39.50,38.875038,39.124962,648000,1.809151
1981-08-10,38.875038,39.124962,38.50,38.75,254400,1.791812
1981-08-07,39.00,39.00,38.75,38.875038,307200,1.797594
1981-08-06,39.124962,39.25,39.00,39.00,290400,1.803373
1981-08-05,38.25,39.375038,38.25,39.124962,544000,1.809151
1981-08-04,38.00,38.25,37.75,38.25,408800,1.768692
1981-08-03,38.00,38.124962,37.50,38.00,515200,1.757132
1981-07-31,38.124962,38.25,38.00,38.00,336000,1.757132
1981-07-30,38.124962,38.25,37.875038,38.124962,152000,1.762911
1981-07-29,37.875038,38.25,37.75,38.124962,274400,1.762911
1981-07-28,38.00,38.25,37.875038,37.875038,238400,1.751354
1981-07-27,37.50,38.25,37.50,38.00,346400,1.757132
1981-07-24,37.25,37.624962,37.00,37.25,730400,1.722452
1981-07-23,37.25,37.375038,37.124962,37.25,206400,1.722452
1981-07-22,38.124962,38.25,37.25,37.25,540000,1.722452
1981-07-21,38.375038,38.375038,37.75,38.124962,828000,1.762911
1981-07-20,39.00,39.00,38.50,38.50,318400,1.780252
1981-07-17,38.75,39.375038,38.75,39.25,781600,1.814933
1981-07-16,39.00,39.124962,38.624962,38.75,450400,1.791812
1981-07-15,39.375038,39.50,39.00,39.00,644000,1.803373
1981-07-14,40.00,40.124962,39.25,39.375038,1724000,1.820714
1981-07-13,39.875038,40.375038,39.875038,40.00,541600,1.849613
1981-07-10,39.25,40.00,39.25,39.624962,656800,1.832271
1981-07-09,39.124962,39.75,39.00,39.25,392000,1.814933
1981-07-08,38.75,39.25,38.50,39.124962,489600,1.809151
1981-07-07,38.00,39.00,37.75,38.75,855200,1.791812
1981-07-06,38.75,38.875038,37.75,38.00,769600,1.757132
1981-07-02,39.375038,39.50,38.50,38.75,373600,1.791812
1981-07-01,39.624962,39.624962,39.00,39.375038,491200,1.820714
1981-06-30,39.75,40.124962,39.624962,39.75,734400,1.838053
1981-06-29,40.00,40.00,39.624962,39.75,303200,1.838053
1981-06-26,40.50,40.50,40.124962,40.25,455200,1.861173
1981-06-25,41.50,41.50,40.50,40.50,376800,1.872733
1981-06-24,41.75,41.875038,41.624962,41.624962,447200,1.924752
1981-06-23,42.00,42.124962,41.75,41.75,840800,1.930533
1981-06-22,41.875038,42.50,41.875038,42.00,648800,1.942094
1981-06-19,40.875038,42.00,40.00,41.875038,1520000,1.936315
1981-06-18,42.75,42.875038,40.75,40.875038,1464800,1.890075
1981-06-17,42.875038,42.875038,42.624962,42.75,1724800,1.976774
1981-06-16,43.875038,44.00,43.00,43.00,2579200,1.988334
1981-06-15,42.124962,43.875038,42.124962,43.875038,2021600,2.028796
1981-06-12,42.50,42.50,41.875038,41.875038,1946400,1.936315
1981-06-11,41.375038,42.75,41.375038,42.75,2213600,1.949954
1981-06-10,40.124962,41.50,40.124962,41.124962,2061600,1.875832
1981-06-09,40.00,40.50,39.875038,40.124962,1193600,1.830219
1981-06-08,40.124962,40.25,40.00,40.00,1008000,1.824519
1981-06-05,39.75,40.25,39.75,40.124962,2076000,1.830219
1981-06-04,38.00,39.50,38.00,39.50,2217600,1.801712
1981-06-03,37.375038,38.00,37.25,37.75,808000,1.72189
1981-06-02,37.124962,37.624962,37.124962,37.375038,228800,1.704786
1981-06-01,37.124962,37.50,37.00,37.124962,3253600,1.69338
1981-05-29,37.75,37.875038,37.124962,37.124962,398400,1.69338
1981-05-28,38.00,38.00,37.50,37.75,298400,1.72189
1981-05-27,37.25,38.00,37.25,38.00,1068800,1.733293
1981-05-26,37.375038,37.375038,36.75,37.25,333600,1.699083
1981-05-22,37.50,37.875038,37.124962,37.375038,400800,1.704786
1981-05-21,37.624962,38.124962,36.875038,37.50,494400,1.710486
1981-05-20,38.124962,38.50,37.624962,37.624962,832800,1.716186
1981-05-19,38.00,38.25,37.50,38.124962,812800,1.738993
1981-05-18,37.624962,38.25,37.50,38.00,1432000,1.733293
1981-05-15,36.75,37.624962,36.624962,37.624962,688800,1.716186
1981-05-14,36.375038,36.75,36.124962,36.75,826400,1.676277
1981-05-13,36.25,36.375038,36.124962,36.375038,233600,1.659173
1981-05-12,36.00,36.25,35.75,36.25,1182400,1.65347
1981-05-11,36.124962,36.25,35.875038,36.00,558400,1.642067
1981-05-08,36.124962,36.50,36.124962,36.124962,716000,1.647767
1981-05-07,35.124962,36.00,35.00,36.00,776000,1.642067
1981-05-06,35.124962,35.75,35.124962,35.124962,651200,1.602154
1981-05-05,35.875038,35.875038,35.00,35.124962,1151200,1.602154
1981-05-04,36.375038,36.375038,35.75,36.00,673600,1.642067
1981-05-01,36.375038,36.75,36.25,36.50,661600,1.664873
1981-04-30,36.00,36.375038,35.875038,36.375038,816000,1.659173
1981-04-29,36.50,36.50,36.00,36.00,773600,1.642067
1981-04-28,36.50,36.50,36.25,36.50,950400,1.664873
1981-04-27,36.375038,36.624962,36.00,36.50,1086400,1.664873
1981-04-24,35.00,36.375038,35.00,36.375038,1680800,1.659173
1981-04-23,34.50,35.00,34.50,34.75,1852800,1.585051
1981-04-22,33.75,34.375038,33.50,34.00,772800,1.550841
1981-04-21,35.00,35.25,33.75,33.75,418400,1.539438
1981-04-20,35.124962,35.124962,34.75,35.00,826400,1.596454
1981-04-16,35.25,35.375038,35.00,35.25,648800,1.607857
1981-04-15,34.25,35.25,34.124962,35.25,844800,1.607857
1981-04-14,34.124962,34.25,33.75,34.25,764800,1.562244
1981-04-13,34.75,34.75,34.00,34.124962,450400,1.556541
1981-04-10,34.75,34.75,34.375038,34.75,1596000,1.585051
1981-04-09,33.75,34.75,33.75,34.75,1135200,1.585051
1981-04-08,33.25,33.75,33.25,33.50,404000,1.528034
1981-04-07,33.375038,33.624962,33.00,33.124962,568800,1.510928
1981-04-06,33.375038,33.375038,32.75,33.375038,1388800,1.522335
1981-04-03,34.875038,34.875038,33.75,33.875038,660000,1.545141
1981-04-02,35.124962,35.25,34.875038,35.00,1569600,1.596454
1981-04-01,35.75,35.75,35.00,35.124962,1050400,1.602154
1981-03-31,35.50,35.875038,35.50,35.75,729600,1.630664
1981-03-30,35.25,35.25,34.875038,35.25,1220000,1.607857
1981-03-27,35.624962,35.624962,34.75,35.25,2336000,1.607857
1981-03-26,37.50,37.50,35.375038,36.124962,2844000,1.647767
1981-03-25,36.624962,37.624962,36.375038,37.624962,693600,1.716186
1981-03-24,38.00,38.124962,36.624962,36.624962,1044800,1.670573
1981-03-23,38.00,38.124962,37.75,38.00,807200,1.733293
1981-03-20,37.75,38.124962,35.124962,38.00,1567200,1.733293
1981-03-19,37.124962,38.00,37.124962,37.75,759200,1.72189
1981-03-18,36.75,37.375038,36.50,37.124962,1569600,1.69338
1981-03-17,36.75,37.25,36.624962,36.75,1909600,1.676277
1981-03-16,35.75,36.75,35.75,36.75,1701600,1.676277
1981-03-13,35.875038,35.875038,35.25,35.75,2230400,1.630664
1981-03-12,34.624962,35.875038,34.624962,35.875038,2402400,1.609911
1981-03-11,34.875038,34.875038,34.25,34.375038,534400,1.542598
1981-03-10,34.624962,35.124962,34.624962,34.875038,676800,1.565036
1981-03-09,34.124962,34.624962,34.00,34.624962,964000,1.553814
1981-03-06,33.624962,34.25,33.624962,34.124962,790400,1.531376
1981-03-05,33.00,33.624962,33.00,33.50,1159200,1.50333
1981-03-04,33.00,33.25,32.875038,33.00,565600,1.480893
1981-03-03,33.00,33.50,33.00,33.00,1288800,1.480893
1981-03-02,32.124962,32.75,32.124962,32.75,2015200,1.469674
1981-02-27,32.25,32.50,32.124962,32.124962,1400800,1.441625
1981-02-26,32.00,32.25,31.87504,32.25,924000,1.447236
1981-02-25,31.75,32.00,31.62496,32.00,1192800,1.436017
1981-02-24,31.25,32.00,31.25,31.75,2116000,1.424798
1981-02-23,30.50,31.37504,30.37504,31.12496,2897600,1.396749
1981-02-20,31.00,31.00,30.00,30.50,6356800,1.368704
1981-02-19,31.50,31.62496,30.75,31.12496,627200,1.396749
1981-02-18,31.62496,31.75,31.00,31.50,3605600,1.413579
1981-02-17,31.50,31.87504,31.12496,31.62496,499200,1.419187
1981-02-13,32.00,32.00,30.87504,31.50,1504800,1.413579
1981-02-12,32.25,32.375038,31.87504,32.124962,305600,1.441625
1981-02-11,33.00,33.00,32.25,32.25,609600,1.447236
1981-02-10,33.124962,33.124962,32.75,33.00,780000,1.480893
1981-02-09,33.00,33.25,32.875038,33.124962,290400,1.4865
1981-02-06,33.375038,33.375038,33.00,33.00,1420800,1.480893
1981-02-05,33.75,33.75,33.25,33.50,518400,1.50333
1981-02-04,34.124962,34.375038,33.50,33.75,455200,1.514549
1981-02-03,33.124962,34.124962,33.00,34.124962,565600,1.531376
1981-02-02,33.75,33.75,33.00,33.124962,360800,1.4865
1981-01-30,33.375038,34.00,33.375038,33.75,636000,1.514549
1981-01-29,33.75,33.875038,33.375038,33.375038,302400,1.497723
1981-01-28,33.375038,33.875038,33.375038,33.75,322400,1.514549
1981-01-27,33.50,33.875038,33.124962,33.375038,364800,1.497723
1981-01-26,33.50,33.624962,33.124962,33.50,245600,1.50333
1981-01-23,32.875038,33.624962,32.875038,33.50,652000,1.50333
1981-01-22,32.624962,33.124962,32.375038,32.875038,956000,1.475285
1981-01-21,32.50,32.875038,32.124962,32.624962,692800,1.464063
1981-01-20,33.124962,33.50,32.50,32.50,985600,1.458455
1981-01-19,33.624962,33.624962,33.00,33.124962,1250400,1.4865
1981-01-16,34.25,34.25,33.50,33.624962,1597600,1.508938
1981-01-15,34.50,34.50,33.75,34.375038,1107200,1.542598
1981-01-14,35.124962,35.50,34.50,34.624962,2167200,1.553814
1981-01-13,34.50,35.124962,34.50,35.124962,644000,1.576251
1981-01-12,34.25,34.75,34.25,34.50,670400,1.548206
1981-01-09,33.875038,34.50,33.875038,34.25,465600,1.536987
1981-01-08,35.50,35.624962,33.875038,33.875038,509600,1.52016
1981-01-07,35.875038,35.875038,35.00,35.50,671200,1.593081
1981-01-06,35.875038,36.75,35.875038,36.75,1068000,1.649176
1981-01-05,35.375038,35.875038,35.25,35.75,702400,1.6043
1981-01-02,35.375038,35.50,34.875038,35.375038,771200,1.587474
1980-12-31,35.50,35.624962,35.124962,35.375038,373600,1.587474
1980-12-30,35.00,35.875038,35.00,35.50,950400,1.593081
1980-12-29,35.624962,35.75,34.75,34.75,497600,1.559425
1980-12-26,35.75,35.875038,35.50,35.624962,90400,1.598689
1980-12-24,35.75,35.75,35.50,35.75,209600,1.6043
1980-12-23,36.875038,37.00,35.624962,35.75,888000,1.6043
1980-12-22,35.75,37.124962,35.75,36.875038,2036800,1.654787
1980-12-19,34.25,35.50,34.25,35.50,900000,1.593081
1980-12-18,34.25,35.75,34.25,34.25,992800,1.536987
1980-12-17,32.375038,34.00,32.375038,33.75,1140000,1.514549
1980-12-16,31.87504,32.50,31.62496,32.375038,952000,1.452847
1980-12-15,31.25,32.00,31.25,31.87504,1604000,1.430409
1980-12-12,31.25,31.25,30.75,31.25,1004800,1.40236
1980-12-11,31.62496,31.75,30.75,31.25,1207200,1.378576
1980-12-10,31.87504,31.87504,31.25,31.62496,855200,1.395118
1980-12-09,32.00,32.00,31.25,31.87504,919200,1.40615
1980-12-08,32.25,32.25,31.87504,32.124962,918400,1.417175
1980-12-05,32.375038,32.624962,32.25,32.25,788000,1.422691
1980-12-04,32.124962,32.75,32.00,32.375038,515200,1.428207
1980-12-03,32.00,32.375038,31.75,32.124962,1020000,1.417175
1980-12-02,32.50,32.50,31.62496,32.00,2161600,1.411662
1980-12-01,33.624962,33.624962,32.375038,32.75,1409600,1.444748
1980-11-28,33.624962,33.624962,33.25,33.624962,575200,1.483347
1980-11-26,34.00,34.00,33.375038,33.624962,893600,1.483347
1980-11-25,34.124962,34.124962,33.75,34.124962,1668800,1.505404
1980-11-24,34.75,34.875038,33.75,34.25,1450400,1.51092
1980-11-21,35.375038,35.375038,34.624962,34.75,460000,1.532977
1980-11-20,35.75,35.75,35.00,35.75,871200,1.577091
1980-11-19,36.00,36.124962,35.375038,35.75,650400,1.577091
1980-11-18,36.124962,36.50,36.00,36.00,1413600,1.58812
1980-11-17,36.124962,36.124962,35.75,36.124962,705600,1.593633
1980-11-14,36.50,36.75,36.00,36.25,920800,1.599149
1980-11-13,36.875038,37.124962,36.25,36.50,1303200,1.610177
1980-11-12,36.375038,37.124962,36.375038,36.875038,1222400,1.626722
1980-11-11,34.875038,36.25,34.875038,36.124962,399200,1.593633
1980-11-10,35.00,35.25,34.875038,34.875038,347200,1.538493
1980-11-07,34.875038,35.124962,34.624962,35.00,2085600,1.544006
1980-11-06,35.624962,35.624962,34.875038,34.875038,534400,1.538493
1980-11-05,35.624962,36.25,35.624962,35.75,1466400,1.577091
1980-11-03,35.124962,35.124962,34.624962,35.124962,639200,1.549518
1980-10-31,35.124962,35.375038,34.624962,35.25,652800,1.555034
1980-10-30,35.25,35.375038,35.124962,35.124962,354400,1.549518
1980-10-29,35.624962,35.624962,35.124962,35.25,330400,1.555034
1980-10-28,35.624962,35.624962,35.25,35.624962,664800,1.571575
1980-10-27,36.124962,36.124962,35.75,35.75,232800,1.577091
1980-10-24,35.624962,36.25,35.375038,36.25,293600,1.599149
1980-10-23,36.375038,36.375038,35.624962,35.624962,383200,1.571575
1980-10-22,36.875038,36.875038,36.50,36.624962,148000,1.61569
1980-10-21,37.25,37.50,36.624962,37.00,345600,1.632234
1980-10-20,36.875038,37.25,36.75,37.25,352800,1.643263
1980-10-17,37.124962,37.124962,36.375038,36.875038,314400,1.626722
1980-10-16,38.00,38.124962,37.00,37.25,378400,1.643263
1980-10-15,38.00,38.00,37.50,38.00,304000,1.676349
1980-10-14,38.25,38.25,38.00,38.00,380000,1.676349
1980-10-13,38.50,38.50,38.00,38.25,579200,1.687377
1980-10-10,38.875038,38.875038,38.624962,38.624962,680000,1.703919
1980-10-09,39.50,39.624962,39.00,39.00,311200,1.720463
1980-10-08,39.375038,39.624962,39.124962,39.50,536000,1.742521
1980-10-07,39.875038,40.00,39.25,39.375038,396000,1.737008
1980-10-06,39.124962,40.00,39.00,39.875038,491200,1.759065
1980-10-03,38.00,39.375038,38.00,39.124962,612800,1.725976
1980-10-02,36.75,37.875038,36.75,37.875038,536000,1.670836
1980-10-01,36.75,36.875038,36.25,36.75,512000,1.621206
1980-09-30,36.75,37.00,36.25,36.75,640800,1.621206
1980-09-29,37.25,37.25,36.124962,36.75,633600,1.621206
1980-09-26,38.50,38.50,37.25,37.75,850400,1.66532
1980-09-25,39.875038,39.875038,39.25,39.25,531200,1.731492
1980-09-24,39.75,40.00,39.25,40.00,514400,1.764578
1980-09-23,39.624962,40.124962,39.624962,39.75,964800,1.753549
1980-09-22,39.75,39.75,39.375038,39.50,593600,1.742521
1980-09-19,38.50,39.875038,38.50,39.875038,940000,1.759065
1980-09-18,38.624962,38.75,38.375038,38.50,839200,1.698406
1980-09-17,38.00,38.75,38.00,38.624962,928800,1.703919
1980-09-16,37.624962,37.875038,37.50,37.75,580000,1.66532
1980-09-15,37.375038,37.624962,37.25,37.624962,556800,1.659804
1980-09-12,37.75,37.75,37.25,37.375038,964800,1.648779
1980-09-11,37.124962,37.75,37.00,37.75,1655200,1.64194
1980-09-10,36.624962,37.375038,36.50,37.124962,1376800,1.614754
1980-09-09,36.124962,36.624962,35.875038,36.624962,1440800,1.593006
1980-09-08,36.25,36.50,36.00,36.124962,869600,1.571258
1980-09-05,36.75,36.875038,36.25,36.25,663200,1.576697
1980-09-04,37.25,37.50,36.624962,36.75,960000,1.598445
1980-09-03,35.75,37.25,35.50,37.25,1505600,1.620192
1980-09-02,35.00,35.875038,34.875038,35.75,614400,1.554949
1980-08-29,34.50,35.00,34.50,35.00,474400,1.522328
1980-08-28,34.50,34.75,34.50,34.50,250400,1.500581
1980-08-27,34.624962,34.875038,34.50,34.50,1338400,1.500581
1980-08-26,35.00,35.124962,34.624962,34.624962,1229600,1.506016
1980-08-25,35.25,35.50,35.00,35.00,420800,1.522328
1980-08-22,35.124962,35.50,35.124962,35.25,665600,1.533202
1980-08-21,35.124962,35.25,35.00,35.124962,3668000,1.527763
1980-08-20,35.50,35.50,34.875038,35.124962,587200,1.527763
1980-08-19,35.25,35.75,35.25,35.50,786400,1.544076
1980-08-18,35.624962,35.624962,35.124962,35.25,913600,1.533202
1980-08-15,35.75,35.75,35.25,35.624962,652000,1.549511
1980-08-14,35.375038,35.75,35.25,35.75,590400,1.554949
1980-08-13,35.875038,35.875038,35.375038,35.375038,628000,1.53864
1980-08-12,36.25,36.25,35.75,35.875038,608800,1.560388
1980-08-11,35.375038,36.25,35.375038,36.25,2057600,1.576697
1980-08-08,35.375038,35.624962,35.00,35.25,983200,1.533202
1980-08-07,35.124962,35.624962,35.124962,35.375038,1208800,1.53864
1980-08-06,34.75,35.00,34.50,35.00,618400,1.522328
1980-08-05,35.124962,35.124962,34.624962,34.75,1845600,1.511454
1980-08-04,34.50,35.124962,34.375038,35.124962,1250400,1.527763
1980-08-01,34.875038,35.124962,34.375038,34.50,989600,1.500581
1980-07-31,34.75,34.875038,34.00,34.875038,1108000,1.516893
1980-07-30,34.875038,35.124962,34.50,34.75,1027200,1.511454
1980-07-29,34.624962,35.124962,34.50,34.875038,2452000,1.516893
1980-07-28,34.875038,34.875038,34.124962,34.624962,1500800,1.506016
1980-07-25,35.875038,35.875038,35.00,35.25,1286400,1.533202
1980-07-24,36.50,36.75,36.124962,36.124962,1164800,1.571258
1980-07-23,37.00,37.00,36.124962,36.50,1430400,1.587571
1980-07-22,37.624962,37.75,37.25,37.375038,904800,1.625631
1980-07-21,37.875038,37.875038,37.50,37.624962,631200,1.636501
1980-07-18,37.75,38.25,37.75,37.875038,1266400,1.647378
1980-07-17,38.00,38.00,37.375038,37.624962,2099200,1.636501
1980-07-16,38.624962,38.875038,37.875038,38.00,824800,1.652813
1980-07-15,39.00,39.124962,38.50,38.624962,884800,1.679996
1980-07-14,38.00,39.00,37.875038,39.00,248800,1.696308
1980-07-11,37.50,38.124962,37.50,38.00,401600,1.652813
1980-07-10,38.25,38.25,37.50,37.50,518400,1.631066
1980-07-09,38.624962,39.124962,38.25,38.25,392800,1.663687
1980-07-08,37.875038,38.624962,37.624962,38.624962,890400,1.679996
1980-07-07,37.875038,37.875038,37.624962,37.875038,271200,1.647378
1980-07-03,38.00,38.00,37.75,37.875038,1112800,1.647378
1980-07-02,37.75,38.00,37.624962,38.00,1121600,1.652813
1980-07-01,37.75,37.875038,37.50,37.75,876000,1.64194
1980-06-30,38.375038,38.375038,37.624962,37.75,495200,1.64194
1980-06-27,38.50,38.624962,38.375038,38.50,1174400,1.674561
1980-06-26,39.25,39.25,38.50,38.50,727200,1.674561
1980-06-25,38.75,39.375038,38.75,39.25,866400,1.707182
1980-06-24,38.00,38.75,38.00,38.75,1640800,1.685435
1980-06-23,37.124962,38.124962,36.875038,38.00,1982400,1.652813
1980-06-20,36.875038,37.124962,36.50,37.124962,1217600,1.614754
1980-06-19,36.875038,37.00,36.375038,36.875038,1360000,1.603883
1980-06-18,36.75,37.00,36.00,36.875038,974400,1.603883
1980-06-17,37.124962,37.124962,36.624962,36.75,346400,1.598445
1980-06-16,37.25,37.25,36.75,37.124962,651200,1.614754
1980-06-13,37.75,37.75,37.375038,37.624962,612800,1.636501
1980-06-12,38.375038,38.75,37.50,37.875038,1495200,1.624326
1980-06-11,38.875038,39.00,38.375038,38.375038,740000,1.645769
1980-06-10,39.00,39.50,38.875038,38.875038,626400,1.667212
1980-06-09,38.124962,39.375038,38.124962,39.00,1335200,1.672571
1980-06-06,37.375038,38.00,37.25,37.875038,836000,1.624326
1980-06-05,37.124962,37.624962,37.00,37.375038,917600,1.602882
1980-06-04,36.50,37.25,36.375038,37.124962,1778400,1.592158
1980-06-03,36.50,36.624962,36.375038,36.50,300000,1.565355
1980-06-02,36.50,36.75,36.375038,36.50,723200,1.565355
1980-05-30,35.75,36.50,35.75,36.50,731200,1.565355
1980-05-29,36.25,36.375038,35.75,35.75,802400,1.53319
1980-05-28,36.124962,36.25,36.00,36.25,401600,1.554634
1980-05-27,36.00,36.124962,36.00,36.124962,416000,1.549271
1980-05-23,34.75,35.624962,34.75,35.375038,1020800,1.51711
1980-05-22,34.00,34.624962,33.875038,34.50,1115200,1.479582
1980-05-21,34.875038,34.875038,34.00,34.00,546400,1.458139
1980-05-20,35.50,35.50,34.875038,34.875038,1764800,1.495666
1980-05-19,36.124962,36.124962,35.624962,35.624962,1011200,1.527828
1980-05-16,36.00,36.25,35.75,36.124962,628800,1.549271
1980-05-15,35.375038,36.375038,35.375038,36.00,1824000,1.543912
1980-05-14,35.00,35.375038,35.00,35.25,545600,1.511747
1980-05-13,34.875038,35.124962,34.875038,35.00,234400,1.501026
1980-05-12,34.875038,34.875038,34.624962,34.875038,968800,1.495666
1980-05-09,35.00,35.25,34.75,34.875038,1361600,1.495666
1980-05-08,34.75,35.124962,34.75,35.00,1274400,1.501026
1980-05-07,34.624962,35.75,34.50,34.75,1137600,1.490304
1980-05-06,34.124962,34.875038,34.124962,34.624962,589600,1.484941
1980-05-05,33.875038,34.25,33.624962,34.00,343200,1.458139
1980-05-02,34.00,34.124962,33.75,33.875038,475200,1.45278
1980-05-01,34.00,34.25,33.75,34.00,556800,1.458139
1980-04-30,34.00,34.00,33.50,34.00,510400,1.458139
1980-04-29,34.50,34.50,34.124962,34.25,948000,1.468861
1980-04-28,35.00,35.00,34.375038,34.50,1536000,1.479582
1980-04-25,35.124962,35.124962,34.25,35.00,924800,1.501026
1980-04-24,35.25,35.75,35.00,35.624962,870400,1.527828
1980-04-23,35.00,35.50,34.875038,35.25,1207200,1.511747
1980-04-22,34.50,35.00,34.50,35.00,803200,1.501026
1980-04-21,34.875038,35.00,33.624962,33.624962,555200,1.442055
1980-04-18,35.00,35.124962,34.75,34.875038,862400,1.495666
1980-04-17,35.00,35.00,34.624962,35.00,939200,1.501026
1980-04-16,35.00,36.00,35.00,35.00,2249600,1.501026
1980-04-15,34.875038,35.00,34.624962,34.75,732000,1.490304
1980-04-14,35.25,35.25,34.624962,34.875038,608000,1.495666
1980-04-11,35.25,35.50,35.124962,35.375038,733600,1.51711
1980-04-10,34.875038,35.25,34.50,35.25,998400,1.511747
1980-04-09,34.375038,34.875038,34.25,34.875038,606400,1.495666
1980-04-08,34.25,34.50,34.00,34.375038,1276800,1.474223
1980-04-07,34.75,34.75,34.00,34.25,1028800,1.468861
1980-04-03,34.75,35.375038,34.624962,34.875038,1073600,1.495666
1980-04-02,33.124962,35.25,33.124962,34.75,3132000,1.490304
1980-04-01,32.75,33.50,32.75,33.124962,1620000,1.420612
1980-03-31,31.50,32.624962,31.50,32.624962,1454400,1.399169
1980-03-28,31.25,31.50,30.87504,31.50,1582400,1.350923
1980-03-27,31.25,31.25,30.00,31.25,792800,1.340201
1980-03-26,31.37504,32.124962,31.37504,31.50,501600,1.350923
1980-03-25,30.62496,31.37504,30.37504,31.25,393600,1.340201
1980-03-24,30.87504,31.00,30.37504,30.62496,828000,1.313396
1980-03-21,31.12496,31.37504,30.87504,30.87504,516000,1.324121
1980-03-20,30.87504,31.25,30.62496,31.12496,388800,1.334839
1980-03-19,30.87504,31.00,30.50,30.87504,620800,1.324121
1980-03-18,30.00,31.50,30.00,30.87504,372000,1.324121
1980-03-17,31.00,31.00,29.87504,30.00,404800,1.286593
1980-03-14,30.62496,31.25,30.12496,31.12496,476800,1.334839
1980-03-13,31.00,31.12496,30.50,30.62496,887200,1.290666
1980-03-12,30.87504,31.25,30.25,31.00,800800,1.306472
1980-03-11,30.75,31.75,30.75,30.87504,1179200,1.301205
1980-03-10,30.87504,30.87504,30.25,30.62496,767200,1.290666
1980-03-07,31.12496,31.25,30.75,30.87504,682400,1.301205
1980-03-06,31.50,31.75,31.12496,31.12496,1299200,1.311738
1980-03-05,32.624962,32.75,31.50,31.50,989600,1.327544
1980-03-04,31.62496,32.624962,31.37504,32.624962,888800,1.374954
1980-03-03,31.87504,32.25,31.62496,31.62496,1063200,1.33281
1980-02-29,31.00,31.87504,31.00,31.87504,1287200,1.34335
1980-02-28,30.87504,31.12496,30.75,30.75,1192800,1.295936
1980-02-27,31.12496,31.37504,30.75,30.87504,1743200,1.301205
1980-02-26,31.00,31.12496,30.75,31.12496,855200,1.311738
1980-02-25,31.12496,31.25,30.87504,31.00,737600,1.306472
1980-02-22,31.75,31.75,30.87504,31.12496,1395200,1.311738
1980-02-21,32.50,32.50,31.75,31.87504,1962400,1.34335
1980-02-20,33.375038,33.50,32.875038,33.00,630400,1.39076
1980-02-19,33.375038,33.375038,32.875038,33.375038,1150400,1.406566
1980-02-15,33.75,33.75,32.875038,33.50,904800,1.411832
1980-02-14,34.875038,34.875038,33.75,33.875038,1175200,1.427638
1980-02-13,35.00,35.25,34.75,35.00,1217600,1.475049
1980-02-12,35.00,35.124962,34.75,35.00,412800,1.475049
1980-02-11,34.875038,35.124962,34.624962,35.00,628800,1.475049
1980-02-08,35.25,35.25,34.624962,34.875038,692800,1.469782
1980-02-07,35.75,35.875038,35.375038,35.375038,723200,1.490854
1980-02-06,35.75,35.875038,35.375038,35.50,1196800,1.496121
1980-02-05,35.75,35.875038,35.375038,35.75,496800,1.506657
1980-02-04,36.25,36.25,35.624962,35.75,607200,1.506657
1980-02-01,35.875038,36.25,35.375038,36.25,645600,1.527729
1980-01-31,36.50,36.875038,35.875038,35.875038,651200,1.511926
1980-01-30,36.124962,36.50,36.124962,36.50,788000,1.538265
1980-01-29,36.50,36.624962,35.875038,35.875038,620800,1.511926
1980-01-28,35.75,36.624962,35.75,36.50,1704800,1.538265
1980-01-25,36.124962,36.124962,35.375038,35.75,288000,1.506657
1980-01-24,36.124962,36.624962,35.875038,36.124962,790400,1.522459
1980-01-23,35.624962,36.375038,35.624962,35.624962,383200,1.501387
1980-01-22,35.50,35.624962,35.124962,35.124962,744000,1.480315
1980-01-21,35.624962,35.75,35.375038,35.50,456800,1.496121
1980-01-18,34.75,35.75,34.75,35.624962,1301600,1.501387
1980-01-17,36.00,36.00,34.624962,34.75,1156800,1.464513
1980-01-16,36.00,36.375038,36.00,36.124962,1620000,1.522459
1980-01-15,35.875038,36.124962,35.25,35.624962,789600,1.501387
1980-01-14,35.50,36.375038,35.50,35.875038,1564800,1.511926
1980-01-11,35.375038,35.75,35.25,35.50,644800,1.496121
1980-01-10,34.00,35.50,34.00,35.375038,1043200,1.490854
1980-01-09,33.50,34.50,33.50,33.75,1165600,1.422368
1980-01-08,32.75,33.50,32.25,33.50,1470400,1.411832
1980-01-07,32.50,33.25,32.25,32.75,989600,1.380224
1980-01-04,31.75,32.50,31.75,32.50,960000,1.369688
1980-01-03,32.124962,32.124962,31.25,31.75,571200,1.33808
1980-01-02,33.25,33.375038,32.25,32.25,586400,1.359152
1979-12-31,33.25,33.375038,33.00,33.25,142400,1.401296
1979-12-28,33.124962,33.25,33.00,33.25,388800,1.401296
1979-12-27,33.124962,33.124962,32.75,33.124962,1826400,1.396027
1979-12-26,32.75,33.25,32.75,33.124962,741600,1.396027
1979-12-24,32.624962,32.875038,32.624962,32.624962,232800,1.374954
1979-12-21,32.875038,33.124962,32.50,32.624962,703200,1.374954
1979-12-20,32.75,33.00,32.75,32.875038,358400,1.385494
1979-12-19,32.875038,32.875038,32.375038,32.50,647200,1.369688
1979-12-18,32.875038,33.00,32.624962,32.875038,806400,1.385494
1979-12-17,33.375038,33.375038,32.75,32.875038,933600,1.385494
1979-12-14,33.375038,33.375038,33.124962,33.375038,420800,1.406566
1979-12-13,33.75,33.875038,33.50,33.624962,290400,1.398134
1979-12-12,33.75,34.375038,33.50,33.75,1013600,1.403333
1979-12-11,34.25,34.25,33.75,33.75,411200,1.403333
1979-12-10,34.50,34.624962,34.375038,34.50,286400,1.434518
1979-12-07,34.75,35.375038,34.375038,34.50,433600,1.434518
1979-12-06,34.624962,34.75,34.50,34.75,461600,1.444913
1979-12-05,34.50,34.75,34.50,34.624962,305600,1.439714
1979-12-04,34.375038,34.75,34.375038,34.50,358400,1.434518
1979-12-03,34.624962,34.624962,34.375038,34.375038,262400,1.429322
1979-11-30,34.875038,34.875038,34.375038,34.624962,184000,1.439714
1979-11-29,35.50,35.50,34.75,34.875038,416000,1.450112
1979-11-28,35.00,35.624962,35.00,35.50,821600,1.476098
1979-11-27,34.875038,35.25,34.875038,35.00,663200,1.455308
1979-11-26,34.00,34.50,34.00,34.50,539200,1.434518
1979-11-23,32.25,33.50,32.25,33.50,584000,1.392938
1979-11-21,32.124962,32.25,31.75,32.124962,418400,1.335763
1979-11-20,31.62496,32.124962,31.50,32.124962,601600,1.335763
1979-11-19,31.75,31.87504,31.50,31.62496,1494400,1.314973
1979-11-16,31.75,31.87504,31.37504,31.75,436000,1.320172
1979-11-15,31.62496,31.87504,31.25,31.75,1264800,1.320172
1979-11-14,31.87504,32.124962,31.62496,31.62496,872800,1.314973
1979-11-13,32.124962,32.25,31.87504,31.87504,358400,1.325372
1979-11-12,31.50,32.25,31.50,32.124962,732000,1.335763
1979-11-09,31.12496,31.50,31.12496,31.50,1246400,1.309777
1979-11-08,31.00,31.12496,30.87504,31.00,918400,1.288987
1979-11-07,31.12496,31.12496,31.00,31.00,995200,1.288987
1979-11-06,31.00,31.37504,30.75,31.37504,708800,1.304581
1979-11-05,31.37504,31.37504,30.87504,31.00,265600,1.288987
1979-11-02,31.50,31.62496,31.37504,31.50,397600,1.309777
1979-11-01,31.37504,31.50,31.12496,31.50,640800,1.309777
1979-10-31,31.62496,31.62496,31.25,31.37504,555200,1.304581
1979-10-30,31.12496,32.00,31.12496,32.00,493600,1.330567
1979-10-29,31.00,31.25,31.00,31.12496,376000,1.294183
1979-10-26,31.00,31.12496,30.75,30.87504,356000,1.283791
1979-10-25,30.37504,31.00,30.37504,31.00,862400,1.288987
1979-10-24,30.12496,30.37504,30.12496,30.25,677600,1.257802
1979-10-23,29.87504,30.25,29.87504,30.12496,482400,1.252603
1979-10-22,29.87504,29.87504,29.50,29.87504,812000,1.242211
1979-10-19,30.75,30.75,29.75,29.87504,1196000,1.242211
1979-10-18,31.12496,31.25,30.75,31.00,1044800,1.288987
1979-10-17,31.50,31.50,31.00,31.12496,424800,1.294183
1979-10-16,31.37504,31.62496,31.25,31.50,1381600,1.309777
1979-10-15,31.75,31.75,31.12496,31.37504,959200,1.304581
1979-10-12,32.00,32.375038,31.75,31.87504,657600,1.325372
1979-10-11,32.25,32.624962,32.00,32.00,1213600,1.330567
1979-10-10,32.50,32.50,31.37504,32.25,1341600,1.340963
1979-10-09,33.875038,33.875038,32.75,32.75,419200,1.361753
1979-10-08,33.75,34.375038,33.75,33.875038,786400,1.408532
1979-10-05,33.875038,34.25,33.75,33.75,1231200,1.403333
1979-10-04,33.124962,33.875038,33.124962,33.875038,380800,1.408532
1979-10-03,33.50,33.50,33.00,33.124962,807200,1.377344
1979-10-02,33.124962,33.875038,33.00,33.75,652000,1.403333
1979-10-01,33.624962,33.624962,33.00,33.124962,358400,1.377344
1979-09-28,34.00,34.25,33.75,33.875038,332800,1.408532
1979-09-27,34.25,34.25,34.00,34.00,310400,1.413728
1979-09-26,34.75,35.124962,34.25,34.25,458400,1.424123
1979-09-25,34.00,34.75,33.875038,34.75,493600,1.444913
1979-09-24,33.75,34.124962,33.624962,34.00,1286400,1.413728
1979-09-21,33.25,33.75,33.25,33.75,1400000,1.403333
1979-09-20,32.875038,33.00,32.50,33.00,815200,1.372148
1979-09-19,32.624962,32.875038,32.624962,32.875038,349600,1.366952
1979-09-18,32.624962,32.624962,32.25,32.50,1533600,1.351358
1979-09-17,32.75,33.00,32.75,32.875038,870400,1.366952
1979-09-14,33.00,33.00,32.375038,32.75,554400,1.361753
1979-09-13,33.50,33.50,33.124962,33.124962,470400,1.358632
1979-09-12,33.75,33.75,33.50,33.75,402400,1.384269
1979-09-11,33.75,34.00,33.375038,33.75,369600,1.384269
1979-09-10,33.25,33.75,32.875038,33.75,708800,1.384269
1979-09-07,33.25,33.375038,32.875038,33.25,1123200,1.363761
1979-09-06,32.875038,33.50,32.875038,33.25,626400,1.363761
1979-09-05,32.75,32.75,32.375038,32.75,1018400,1.343253
1979-09-04,33.375038,33.375038,32.75,32.75,745600,1.343253
1979-08-31,34.00,34.00,33.75,33.75,892000,1.384269
1979-08-30,34.50,34.624962,33.75,34.00,744800,1.394523
1979-08-29,34.50,34.75,34.25,34.50,732000,1.41503
1979-08-28,34.75,35.00,34.50,34.50,457600,1.41503
1979-08-27,34.75,35.50,34.375038,34.75,1402400,1.425284
1979-08-24,34.624962,34.875038,34.375038,34.75,755200,1.425284
1979-08-23,34.875038,34.875038,34.50,34.624962,711200,1.420156
1979-08-22,34.875038,34.875038,34.50,34.875038,471200,1.430413
1979-08-21,35.624962,35.875038,35.25,35.25,726400,1.445792
1979-08-20,35.50,35.875038,35.25,35.624962,634400,1.461171
1979-08-17,35.75,35.75,35.25,35.50,1033600,1.456046
1979-08-16,36.25,36.375038,35.375038,35.75,1107200,1.466299
1979-08-15,34.875038,36.25,34.50,36.25,1011200,1.486807
1979-08-14,34.875038,35.25,34.875038,34.875038,739200,1.430413
1979-08-13,34.50,35.00,34.50,34.875038,856800,1.430413
1979-08-10,33.875038,34.25,33.875038,34.124962,412800,1.399648
1979-08-09,33.624962,34.00,33.375038,33.75,699200,1.384269
1979-08-08,33.375038,34.00,33.375038,33.624962,718400,1.37914
1979-08-07,32.375038,33.25,32.25,33.124962,1071200,1.358632
1979-08-06,32.75,32.875038,32.25,32.375038,620800,1.327874
1979-08-03,33.50,33.624962,32.75,32.75,565600,1.343253
1979-08-02,33.75,34.25,33.50,33.50,829600,1.374015
1979-08-01,33.75,33.875038,33.375038,33.75,760800,1.384269
1979-07-31,33.50,34.124962,33.375038,33.75,996800,1.384269
1979-07-30,33.25,33.50,33.124962,33.50,927200,1.374015
1979-07-27,33.124962,33.375038,33.124962,33.25,448000,1.363761
1979-07-26,33.124962,33.124962,32.875038,33.124962,452000,1.358632
1979-07-25,32.75,33.25,32.50,33.25,480000,1.363761
1979-07-24,32.375038,32.875038,32.375038,32.75,473600,1.343253
1979-07-23,32.50,32.50,32.25,32.375038,555200,1.327874
1979-07-20,32.00,32.75,31.87504,32.624962,734400,1.338125
1979-07-19,31.75,32.124962,31.62496,32.00,820000,1.312492
1979-07-18,31.75,31.75,31.25,31.75,1392800,1.302238
1979-07-17,32.124962,32.124962,31.62496,31.75,812000,1.302238
1979-07-16,31.87504,32.25,31.75,32.124962,289600,1.317617
1979-07-13,31.87504,32.25,31.25,31.87504,348000,1.307366
1979-07-12,32.00,32.00,31.62496,31.87504,618400,1.307366
1979-07-11,32.25,32.375038,31.87504,32.124962,362400,1.317617
1979-07-10,32.875038,33.124962,32.25,32.25,709600,1.322746
1979-07-09,32.875038,33.25,32.875038,32.875038,814400,1.348382
1979-07-06,32.124962,32.875038,31.87504,32.875038,1017600,1.348382
1979-07-05,32.00,32.124962,31.62496,32.124962,737600,1.317617
1979-07-03,31.87504,32.124962,31.75,32.00,834400,1.312492
1979-07-02,32.375038,32.375038,31.62496,31.87504,648000,1.307366
1979-06-29,32.375038,32.624962,32.25,32.375038,841600,1.327874
1979-06-28,32.75,32.75,32.124962,32.375038,1328000,1.327874
1979-06-27,31.87504,33.00,31.87504,32.75,1176000,1.324796
1979-06-26,31.62496,32.25,31.62496,31.75,898400,1.284345
1979-06-25,31.62496,31.75,31.37504,31.62496,952000,1.279287
1979-06-22,31.62496,31.87504,31.62496,31.62496,624000,1.279287
1979-06-21,32.00,32.00,31.62496,31.62496,762400,1.279287
1979-06-20,31.75,32.25,31.62496,32.25,438400,1.304571
1979-06-19,31.37504,32.00,31.25,31.75,278400,1.284345
1979-06-18,31.75,31.75,31.25,31.37504,426400,1.269177
1979-06-15,32.00,32.25,31.75,31.75,351200,1.284345
1979-06-14,32.25,32.375038,32.00,32.00,519200,1.294458
1979-06-13,32.375038,32.624962,32.25,32.25,776000,1.304571
1979-06-12,32.00,32.75,32.00,32.375038,1194400,1.309629
1979-06-11,31.87504,32.00,31.62496,32.00,420800,1.294458
1979-06-08,31.87504,32.00,31.50,31.87504,630400,1.289403
1979-06-07,31.87504,32.124962,31.87504,31.87504,1736800,1.289403
1979-06-06,31.12496,32.00,31.12496,31.75,1920000,1.284345
1979-06-05,29.87504,30.87504,29.75,30.87504,718400,1.248951
1979-06-04,30.00,30.00,29.62496,29.87504,601600,1.208499
1979-06-01,44.000041,44.750041,44.000041,44.499959,584000,1.200069
1979-05-31,43.250041,43.875,43.250041,43.749959,1255200,1.179843
1979-05-30,43.875,44.124959,43.250041,43.250041,764000,1.166361
1979-05-29,44.25,44.25,43.875,43.875,316800,1.183215
1979-05-25,43.875,44.25,43.749959,44.25,363200,1.193328
1979-05-24,44.124959,44.124959,43.749959,43.875,658400,1.183215
1979-05-23,44.874959,45.249959,44.124959,44.25,715200,1.193328
1979-05-22,43.749959,45.249959,43.625041,44.874959,1608000,1.210182
1979-05-21,43.50,43.875,43.125,43.749959,1272800,1.179843
1979-05-18,43.749959,43.749959,43.374959,43.50,504800,1.173102
1979-05-17,42.249959,43.749959,42.125041,43.749959,844800,1.179843
1979-05-16,42.125041,42.375,42.00,42.249959,394400,1.139391
1979-05-15,41.750041,42.500041,41.750041,42.125041,437600,1.136022
1979-05-14,42.125041,42.500041,41.750041,41.750041,280800,1.125909
1979-05-11,41.874959,42.375,41.750041,42.125041,476000,1.136022
1979-05-10,42.375,42.375,41.874959,41.874959,747200,1.129278
1979-05-09,42.624959,42.624959,41.499959,42.624959,1579200,1.149504
1979-05-08,42.999959,42.999959,42.125041,42.624959,1860000,1.149504
1979-05-07,43.625041,43.625041,43.250041,43.250041,1409600,1.166361
1979-05-04,43.875,44.000041,43.749959,43.749959,508800,1.179843
1979-05-03,44.25,44.25,43.875,43.875,340800,1.183215
1979-05-02,44.124959,44.25,44.000041,44.25,316800,1.193328
1979-05-01,43.875,44.25,43.875,44.124959,897600,1.189956
1979-04-30,43.749959,44.124959,43.749959,43.875,413600,1.183215
1979-04-27,43.749959,44.000041,43.374959,43.50,2412000,1.173102
1979-04-26,43.875,43.875,43.625041,43.749959,470400,1.179843
1979-04-25,44.625,44.625,44.25,44.25,1107200,1.193328
1979-04-24,44.499959,44.750041,44.499959,44.750041,2004000,1.206813
1979-04-23,44.625,44.625,44.375041,44.375041,1323200,1.1967
1979-04-20,44.25,44.874959,44.124959,44.874959,751200,1.210182
1979-04-19,44.25,44.499959,44.25,44.25,231200,1.193328
1979-04-18,44.25,44.375041,44.25,44.25,415200,1.193328
1979-04-17,44.000041,44.375041,44.000041,44.124959,938400,1.189956
1979-04-16,43.875,43.875,43.625041,43.875,1088000,1.183215
1979-04-12,44.375041,44.375041,43.875,44.000041,818400,1.186587
1979-04-11,44.499959,44.874959,44.25,44.375041,1264800,1.1967
1979-04-10,44.499959,44.750041,44.375041,44.499959,744800,1.200069
1979-04-09,44.499959,44.750041,44.25,44.499959,1831200,1.200069
1979-04-06,45.00,45.00,44.375041,44.499959,1221600,1.200069
1979-04-05,45.125041,45.125041,44.750041,45.125041,1245600,1.216926
1979-04-04,45.00,45.75,45.00,45.125041,1990400,1.216926
1979-04-03,44.625,45.500041,44.625,45.375,977600,1.223667
1979-04-02,44.625,44.750041,44.124959,44.499959,708000,1.200069
1979-03-30,45.125041,45.249959,44.625,44.625,2180000,1.203441
1979-03-29,45.249959,45.375,45.00,45.125041,684000,1.216926
1979-03-28,45.624959,45.875041,44.124959,45.249959,636000,1.220295
1979-03-27,45.125041,45.624959,45.00,45.624959,569600,1.230408
1979-03-26,45.125041,45.249959,45.00,45.125041,981600,1.216926
1979-03-23,45.500041,45.500041,45.125041,45.125041,588000,1.216926
1979-03-22,45.500041,45.875041,45.500041,45.500041,1284000,1.227039
1979-03-21,44.625,45.249959,44.124959,44.750041,2314400,1.206813
1979-03-20,45.00,45.249959,44.25,44.625,2126400,1.203441
1979-03-19,44.375041,45.125041,44.375041,45.00,1649600,1.213554
1979-03-16,44.375041,44.375041,43.625041,44.000041,1344000,1.186587
1979-03-15,43.625041,44.499959,43.625041,44.375041,1680000,1.178497
1979-03-14,43.625041,43.875,43.50,43.625041,652800,1.158579
1979-03-13,43.625041,44.375041,43.50,43.625041,1012800,1.158579
1979-03-12,43.250041,43.625041,42.624959,43.625041,1948800,1.158579
1979-03-09,43.250041,44.124959,43.250041,43.250041,1608800,1.14862
1979-03-08,42.375,43.250041,42.125041,43.250041,1226400,1.14862
1979-03-07,42.249959,42.624959,42.00,42.375,1269600,1.12538
1979-03-06,42.125041,42.249959,42.00,42.249959,521600,1.12206
1979-03-05,41.499959,42.125041,41.499959,42.125041,692000,1.118742
1979-03-02,40.625041,41.25,40.625041,41.25,1087200,1.095503
1979-03-01,40.374959,41.124959,40.125,40.625041,924800,1.078906
1979-02-28,40.250041,40.374959,40.125,40.374959,672800,1.072264
1979-02-27,41.25,41.25,40.125,40.250041,1287200,1.068947
1979-02-26,41.25,41.750041,40.875,41.25,1164000,1.095503
1979-02-23,40.625041,41.625,40.625041,41.25,1599200,1.095503
1979-02-22,40.50,40.749959,40.250041,40.50,573600,1.075585
1979-02-21,40.250041,40.749959,40.250041,40.50,543200,1.075585
1979-02-20,39.999959,40.50,39.999959,40.250041,429600,1.068947
1979-02-16,40.374959,40.374959,39.624959,39.999959,473600,1.062305
1979-02-15,39.999959,40.374959,39.624959,40.374959,353600,1.072264
1979-02-14,40.125,40.374959,39.875041,39.999959,948800,1.062305
1979-02-13,39.999959,40.374959,39.999959,40.125,470400,1.065626
1979-02-12,39.75,39.999959,39.624959,39.999959,482400,1.062305
1979-02-09,39.875041,40.125,39.75,39.75,584000,1.055667
1979-02-08,39.249959,39.875041,39.00,39.875041,329600,1.058987
1979-02-07,39.624959,39.624959,39.00,39.249959,501600,1.042387
1979-02-06,40.125,40.125,39.249959,39.75,812000,1.055667
1979-02-05,40.749959,40.749959,39.999959,40.125,403200,1.065626
1979-02-02,41.375041,41.625,40.875,41.000041,336800,1.088865
1979-02-01,41.874959,41.874959,41.124959,41.375041,892800,1.098824
1979-01-31,42.249959,42.249959,41.750041,42.249959,768800,1.12206
1979-01-30,42.375,42.624959,42.00,42.249959,478400,1.12206
1979-01-29,42.624959,42.624959,42.249959,42.375,333600,1.12538
1979-01-26,42.125041,42.999959,42.00,42.875041,1639200,1.13866
1979-01-25,41.625,42.375,41.625,42.125041,1378400,1.118742
1979-01-24,41.25,42.00,41.000041,41.499959,3305600,1.102141
1979-01-23,40.749959,41.499959,40.374959,41.25,528000,1.095503
1979-01-22,40.749959,40.749959,39.500041,40.749959,1507200,1.082223
1979-01-19,40.875,41.124959,40.625041,40.875,437600,1.085544
1979-01-18,41.000041,41.124959,40.625041,40.875,437600,1.085544
1979-01-17,41.375041,41.375041,40.50,41.000041,648000,1.088865
1979-01-16,42.249959,42.249959,41.499959,41.625,783200,1.105462
1979-01-15,41.874959,42.500041,41.750041,42.500041,844800,1.128701
1979-01-12,40.749959,42.00,40.749959,41.874959,1522400,1.112101
1979-01-11,40.125,40.625041,39.75,40.50,1414400,1.075585
1979-01-10,40.749959,40.875,40.125,40.125,622400,1.065626
1979-01-09,40.374959,41.000041,40.374959,40.749959,845600,1.082223
1979-01-08,39.875041,40.374959,39.875041,40.374959,766400,1.072264
1979-01-05,39.125041,40.749959,39.125041,39.875041,631200,1.058987
1979-01-04,39.249959,39.875041,39.00,39.00,1260000,1.035748
1979-01-03,38.750041,39.375,38.750041,39.249959,660000,1.042387
1979-01-02,38.750041,38.750041,38.375041,38.750041,420800,1.02911
1978-12-29,38.874959,39.125041,38.625,38.750041,645600,1.02911
1978-12-28,39.00,39.249959,38.874959,38.874959,550400,1.032428
1978-12-27,39.375,39.375,38.874959,39.00,728000,1.035748
1978-12-26,38.874959,39.624959,38.750041,39.624959,537600,1.052346
1978-12-22,38.499959,38.874959,38.499959,38.874959,615200,1.032428
1978-12-21,38.499959,38.499959,38.25,38.375041,648000,1.019151
1978-12-20,38.499959,38.750041,38.375041,38.625,1678400,1.025789
1978-12-19,38.25,38.499959,38.124959,38.499959,849600,1.022468
1978-12-18,38.375041,38.375041,37.875,38.25,1232000,1.01583
1978-12-15,39.624959,39.624959,38.874959,39.00,689600,1.035748
1978-12-14,39.999959,40.125,39.624959,40.125,1210400,1.05102
1978-12-13,40.250041,40.374959,39.875041,39.999959,1000800,1.047745
1978-12-12,40.875,41.499959,40.125,40.250041,586400,1.054295
1978-12-11,40.875,40.875,40.374959,40.875,989600,1.070665
1978-12-08,41.000041,41.625,40.625041,40.875,268800,1.070665
1978-12-07,40.50,41.375041,40.50,41.000041,840800,1.073941
1978-12-06,41.124959,41.25,40.50,40.50,768000,1.060843
1978-12-05,39.249959,41.124959,39.249959,41.124959,735200,1.077213
1978-12-04,38.625,39.500041,38.499959,39.249959,996800,1.0281
1978-12-01,38.25,38.625,38.25,38.625,460800,1.01173
1978-11-30,38.000041,38.750041,38.000041,38.25,696000,1.001907
1978-11-29,38.375041,38.375041,37.875,37.875,804000,0.992084
1978-11-28,38.750041,39.125041,38.375041,38.375041,1677600,1.005182
1978-11-27,38.625,39.00,38.625,38.750041,456800,1.015005
1978-11-24,38.124959,38.499959,38.124959,38.375041,235200,1.005182
1978-11-22,38.124959,38.499959,38.000041,38.124959,476000,0.998632
1978-11-21,37.875,38.375041,37.749959,38.124959,247200,0.998632
1978-11-20,37.374959,38.124959,37.374959,37.875,564800,0.992084
1978-11-17,37.250041,37.749959,37.250041,37.374959,775200,0.978986
1978-11-16,36.624959,37.374959,36.624959,37.250041,412800,0.975714
1978-11-15,36.500041,37.125,36.500041,36.500041,484800,0.956069
1978-11-14,36.249959,36.75,36.125041,36.500041,540000,0.956069
1978-11-13,36.875041,36.999959,36.249959,36.249959,418400,0.949519
1978-11-10,36.624959,37.125,36.624959,36.875041,303200,0.965892
1978-11-09,36.624959,36.999959,36.500041,36.500041,691200,0.956069
1978-11-08,36.75,36.875041,36.500041,36.624959,475200,0.959341
1978-11-07,37.250041,37.250041,36.624959,36.75,843200,0.962616
1978-11-06,37.374959,37.749959,37.250041,37.374959,308000,0.978986
1978-11-03,37.374959,37.625041,36.999959,37.374959,864800,0.978986
1978-11-02,37.50,37.875,36.875041,37.374959,968000,0.978986
1978-11-01,36.875041,37.875,36.875041,37.50,1572000,0.982262
1978-10-31,37.749959,37.875,36.375,36.75,1737600,0.962616
1978-10-30,36.624959,37.749959,35.874959,37.749959,857600,0.988809
1978-10-27,36.75,36.875041,36.375,36.624959,651200,0.959341
1978-10-26,37.250041,37.50,36.375,36.75,1023200,0.962616
1978-10-25,38.000041,38.124959,37.250041,37.250041,1510400,0.975714
1978-10-24,38.874959,39.125041,37.749959,38.000041,2316800,0.99536
1978-10-23,39.00,39.00,38.499959,38.874959,962400,1.018277
1978-10-20,39.624959,39.624959,38.874959,39.00,2016000,1.021552
1978-10-19,39.500041,39.875041,39.500041,39.624959,952800,1.037922
1978-10-18,40.125,40.125,39.500041,39.500041,1382400,1.03465
1978-10-17,40.749959,40.875,39.75,40.125,1860800,1.05102
1978-10-16,41.375041,41.375041,40.749959,40.749959,696800,1.06739
1978-10-13,41.750041,42.00,41.375041,41.375041,212000,1.083763
1978-10-12,42.375,42.500041,41.625,41.750041,689600,1.093586
1978-10-11,42.125041,42.375,41.625,42.375,380000,1.109956
1978-10-10,42.125041,42.500041,42.00,42.125041,700800,1.103408
1978-10-09,41.375041,42.249959,41.375041,42.125041,458400,1.103408
1978-10-06,42.00,42.125041,41.375041,41.375041,293600,1.083763
1978-10-05,41.499959,42.249959,41.499959,42.00,807200,1.100133
1978-10-04,41.124959,41.874959,41.000041,41.499959,574400,1.087035
1978-10-03,41.25,41.499959,41.000041,41.124959,384800,1.077213
1978-10-02,41.000041,41.25,41.000041,41.25,420800,1.080488
1978-09-29,41.000041,41.375041,40.875,41.000041,881600,1.073941
1978-09-28,41.25,41.25,40.875,41.000041,355200,1.073941
1978-09-27,41.625,41.750041,41.124959,41.25,736800,1.080488
1978-09-26,41.375041,41.750041,41.25,41.625,365600,1.090311
1978-09-25,41.375041,41.375041,41.000041,41.375041,772800,1.083763
1978-09-22,40.875,41.375041,40.875,41.375041,621600,1.083763
1978-09-21,40.749959,41.375041,40.625041,40.749959,789600,1.06739
1978-09-20,40.50,41.25,40.50,40.749959,1737600,1.06739
1978-09-19,40.625041,41.25,40.374959,40.374959,828000,1.057567
1978-09-18,41.499959,42.249959,40.374959,40.625041,948800,1.064118
1978-09-15,42.125041,42.125041,41.375041,41.499959,790400,1.087035
1978-09-14,43.250041,43.250041,42.375,42.500041,459200,1.113231
1978-09-13,44.124959,44.124959,43.250041,43.250041,384800,1.132876
1978-09-12,44.25,44.25,43.749959,44.25,384000,1.159069
1978-09-11,44.375041,44.625,43.875,44.25,1688000,1.159069
1978-09-08,43.875,44.750041,43.749959,44.375041,801600,1.162344
1978-09-07,44.000041,44.25,43.875,43.875,562400,1.149246
1978-09-06,43.374959,44.124959,43.374959,44.000041,1018400,1.152522
1978-09-05,42.75,42.999959,42.500041,42.875041,380000,1.123054
1978-09-01,42.75,42.875041,42.500041,42.75,314400,1.119778
1978-08-31,42.999959,42.999959,42.500041,42.75,520800,1.119778
1978-08-30,43.125,43.749959,42.375,43.50,540800,1.125018
1978-08-29,43.374959,43.625041,43.125,43.125,562400,1.11532
1978-08-28,43.875,43.875,43.250041,43.374959,720000,1.121784
1978-08-25,44.375041,44.375041,43.875,44.000041,300000,1.137951
1978-08-24,44.750041,45.00,44.124959,44.499959,1836800,1.15088
1978-08-23,43.749959,45.00,43.749959,44.750041,1166400,1.157347
1978-08-22,43.625041,43.749959,43.250041,43.50,938400,1.125018
1978-08-21,44.25,44.375041,43.50,43.625041,487200,1.128252
1978-08-18,44.750041,45.125041,44.124959,44.25,574400,1.144415
1978-08-17,45.624959,45.624959,44.750041,44.750041,704000,1.157347
1978-08-16,44.874959,45.75,44.499959,45.624959,1186400,1.179975
1978-08-15,45.375,45.375,44.124959,44.874959,927200,1.160578
1978-08-14,45.125041,45.75,45.125041,45.624959,1136000,1.179975
1978-08-11,44.499959,45.375,44.25,45.125041,1877600,1.167046
1978-08-10,44.25,44.499959,43.749959,44.499959,2093600,1.15088
1978-08-09,42.999959,44.375041,40.374959,44.25,1807200,1.144415
1978-08-08,42.999959,43.125,42.75,42.999959,1248800,1.112086
1978-08-07,42.875041,43.374959,42.875041,42.999959,1447200,1.112086
1978-08-04,41.499959,42.125041,41.000041,42.125041,1308000,1.089458
1978-08-03,42.999959,42.999959,41.25,41.499959,1649600,1.073292
1978-08-02,40.125,42.999959,40.125,42.999959,3177600,1.112086
1978-08-01,39.875041,40.125,39.75,39.999959,1229600,1.034498
1978-07-31,39.500041,39.875041,39.500041,39.875041,821600,1.031268
1978-07-28,39.999959,39.999959,39.500041,39.500041,1220000,1.021569
1978-07-27,39.00,39.999959,38.874959,39.999959,1683200,1.034498
1978-07-26,39.00,39.500041,39.00,39.00,1107200,1.008637
1978-07-25,38.750041,39.00,38.25,39.00,660800,1.008637
1978-07-24,38.750041,38.874959,38.25,38.750041,811200,1.002172
1978-07-21,39.249959,39.249959,38.625,38.750041,387200,1.002172
1978-07-20,39.624959,40.125,39.00,39.375,645600,1.018335
1978-07-19,39.00,39.624959,39.00,39.624959,605600,1.0248
1978-07-18,39.500041,39.500041,38.750041,39.00,593600,1.008637
1978-07-17,40.50,40.50,39.375,39.75,1006400,1.028034
1978-07-14,39.125041,40.625041,39.125041,40.50,816000,1.047431
1978-07-13,39.375,39.375,38.625,39.375,557600,1.018335
1978-07-12,39.624959,39.624959,39.375,39.624959,468000,1.0248
1978-07-11,39.500041,39.624959,39.125041,39.624959,907200,1.0248
1978-07-10,39.375,39.500041,39.00,39.500041,424800,1.021569
1978-07-07,39.375,39.75,39.249959,39.375,864000,1.018335
1978-07-06,39.00,39.375,38.874959,39.375,471200,1.018335
1978-07-05,39.624959,39.624959,38.499959,39.00,668000,1.008637
1978-07-03,40.125,40.125,39.624959,39.75,476000,1.028034
1978-06-30,39.875041,40.125,39.75,40.125,711200,1.037732
1978-06-29,39.624959,40.125,39.500041,39.875041,716000,1.031268
1978-06-28,39.249959,39.875041,39.00,39.624959,442400,1.0248
1978-06-27,38.874959,39.249959,38.750041,39.249959,777600,1.015102
1978-06-26,38.874959,39.125041,38.625,38.874959,790400,1.005403
1978-06-23,39.624959,39.875041,38.874959,38.874959,1274400,1.005403
1978-06-22,39.999959,40.250041,39.500041,39.624959,862400,1.0248
1978-06-21,40.250041,40.625041,39.999959,39.999959,1252800,1.034498
1978-06-20,41.124959,41.124959,39.999959,40.250041,696800,1.040966
1978-06-19,41.124959,41.375041,40.749959,41.124959,638400,1.063594
1978-06-16,41.499959,41.625,40.749959,41.124959,816000,1.063594
1978-06-15,42.500041,42.500041,41.499959,41.499959,602400,1.073292
1978-06-14,43.374959,43.625041,42.624959,42.875041,1025600,1.108855
1978-06-13,43.125,43.374959,42.624959,43.374959,776000,1.121784
1978-06-12,42.999959,43.374959,42.75,43.125,583200,1.11532
1978-06-09,42.875041,43.749959,42.75,42.999959,825600,1.112086
1978-06-08,43.374959,43.749959,42.875041,42.875041,912000,1.108855
1978-06-07,43.125,43.749959,42.624959,43.374959,1497600,1.121784
1978-06-06,42.500041,44.124959,42.249959,43.125,2256800,1.11532
1978-06-05,41.000041,42.500041,41.000041,42.500041,2033600,1.099157
1978-06-02,40.875,40.875,40.374959,40.875,891200,1.057129
1978-06-01,40.875,41.25,40.625041,41.000041,1212000,1.04614
1978-05-31,40.625041,41.124959,40.625041,40.875,1001600,1.042949
1978-05-30,39.999959,40.50,39.75,40.50,1138400,1.033381
1978-05-26,40.125,40.250041,39.875041,39.999959,504000,1.020622
1978-05-25,40.125,40.374959,39.999959,40.125,1604000,1.023812
1978-05-24,40.374959,40.374959,39.875041,40.125,1718400,1.023812
1978-05-23,40.875,40.875,40.50,40.50,1865600,1.033381
1978-05-22,40.50,41.375041,40.250041,41.375041,890400,1.055708
1978-05-19,40.50,40.875,40.250041,40.50,1983200,1.033381
1978-05-18,40.875,40.875,40.250041,40.50,2012000,1.033381
1978-05-17,40.749959,41.625,40.625041,41.000041,2182400,1.04614
1978-05-16,40.50,41.000041,40.125,40.749959,2203200,1.039759
1978-05-15,41.000041,41.124959,39.875041,40.50,1793600,1.033381
1978-05-12,40.625041,41.124959,40.625041,41.000041,2432000,1.04614
1978-05-11,39.125041,40.374959,39.125041,40.125,2052000,1.023812
1978-05-10,39.249959,39.624959,38.750041,38.750041,1982400,0.98873
1978-05-09,39.75,39.75,39.00,39.249959,1764000,1.001485
1978-05-08,39.624959,39.999959,39.500041,39.75,2371200,1.014244
1978-05-05,39.875041,40.250041,39.500041,39.624959,2078400,1.011054
1978-05-04,39.999959,40.125,39.249959,39.875041,1575200,1.017435
1978-05-03,41.000041,41.000041,39.500041,39.999959,3116000,1.020622
1978-05-02,41.124959,41.124959,40.250041,41.124959,3321600,1.049327
1978-05-01,41.499959,42.125041,41.499959,41.750041,1869600,1.065276
1978-04-28,39.999959,41.375041,39.249959,41.000041,3160800,1.04614
1978-04-27,41.499959,41.499959,39.624959,39.999959,2956800,1.020622
1978-04-26,41.750041,42.500041,41.375041,41.750041,3176000,1.065276
1978-04-25,41.625,42.249959,41.000041,41.750041,5110400,1.065276
1978-04-24,39.375,41.625,39.249959,41.625,3811200,1.062086
1978-04-21,38.499959,39.375,38.499959,39.375,2371200,1.004676
1978-04-20,38.499959,39.624959,38.499959,38.499959,2950400,0.982349
1978-04-19,37.749959,38.124959,37.250041,38.124959,3043200,0.97278
1978-04-18,37.875,37.875,37.374959,37.749959,1783200,0.963212
1978-04-17,37.50,38.124959,37.50,37.875,4884000,0.966402
1978-04-14,36.249959,37.250041,36.125041,37.125,3470400,0.947266
1978-04-13,35.874959,36.249959,35.750041,36.249959,989600,0.924939
1978-04-12,35.874959,35.874959,35.750041,35.874959,1231200,0.91537
1978-04-11,35.750041,35.874959,35.625,35.874959,1416000,0.91537
1978-04-10,35.750041,35.874959,35.499959,35.750041,1294400,0.912183
1978-04-07,35.499959,35.874959,35.25,35.750041,2287200,0.912183
1978-04-06,35.375041,36.00,35.375041,35.499959,1094400,0.905802
1978-04-05,34.749959,35.25,34.625041,35.25,823200,0.899424
1978-04-04,34.625041,35.000041,34.50,34.749959,439200,0.886665
1978-04-03,34.749959,34.875,34.50,34.625041,444800,0.883478
1978-03-31,35.25,35.25,34.749959,34.749959,520800,0.886665
1978-03-30,35.375041,35.375041,35.000041,35.25,687200,0.899424
1978-03-29,35.000041,35.499959,34.875,35.375041,748800,0.902615
1978-03-28,34.749959,35.000041,34.625041,35.000041,645600,0.893046
1978-03-27,34.749959,34.875,34.625041,34.749959,320000,0.886665
1978-03-23,34.875,34.875,34.749959,34.749959,739200,0.886665
1978-03-22,35.000041,35.000041,34.749959,35.000041,986400,0.893046
1978-03-21,35.124959,35.375041,35.000041,35.124959,1084800,0.896234
1978-03-20,35.000041,35.375041,35.000041,35.124959,2289600,0.896234
1978-03-17,34.749959,35.000041,34.749959,35.000041,1053600,0.893046
1978-03-16,34.625041,34.749959,34.50,34.625041,290400,0.883478
1978-03-15,34.875,34.875,34.625041,34.625041,662400,0.883478
1978-03-14,34.875,34.875,34.374959,34.875,824000,0.889856
1978-03-13,34.749959,35.000041,34.749959,34.875,646400,0.889856
1978-03-10,34.125,34.50,33.999959,34.50,646400,0.880287
1978-03-09,33.875041,34.250041,33.75,34.125,869600,0.870719
1978-03-08,33.875041,33.875041,33.624959,33.875041,472800,0.864341
1978-03-07,33.375,33.875041,33.375,33.875041,720000,0.864341
1978-03-06,33.75,33.75,33.249959,33.375,420000,0.851582
1978-03-03,34.125,34.125,33.875041,33.999959,1178400,0.867529
1978-03-02,34.749959,34.749959,33.999959,34.749959,850400,0.872633
1978-03-01,34.125,34.749959,33.999959,34.749959,1047200,0.872633
1978-02-28,34.749959,34.749959,33.999959,34.125,1335200,0.856939
1978-02-27,35.000041,35.375041,34.749959,34.875,1318400,0.875773
1978-02-24,34.625041,35.499959,34.625041,35.000041,2064000,0.878913
1978-02-23,33.75,34.50,33.75,34.50,612000,0.866356
1978-02-22,33.375,33.75,33.375,33.75,536000,0.847522
1978-02-21,33.249959,33.500041,33.125041,33.375,588000,0.838105
1978-02-17,32.625,33.249959,32.625,33.249959,801600,0.834965
1978-02-16,32.750041,32.874959,32.499959,32.499959,429600,0.816131
1978-02-15,32.625,32.874959,32.25,32.750041,532800,0.822411
1978-02-14,33.249959,33.249959,32.625,32.625,362400,0.819271
1978-02-13,33.375,33.624959,32.750041,33.249959,836000,0.834965
1978-02-10,32.499959,33.875041,32.124959,33.375,982400,0.838105
1978-02-09,32.625,32.750041,32.375041,32.499959,499200,0.816131
1978-02-08,32.25,32.750041,32.25,32.625,1077600,0.819271
1978-02-07,31.749959,32.000041,31.625041,32.000041,737600,0.803577
1978-02-06,31.875,31.875,31.625041,31.749959,396800,0.797297
1978-02-03,31.749959,31.875,31.749959,31.875,412800,0.800437
1978-02-02,32.000041,32.25,31.749959,31.749959,1147200,0.797297
1978-02-01,31.374959,32.000041,31.250041,32.000041,776000,0.803577
1978-01-31,31.749959,32.124959,31.250041,31.374959,816000,0.787881
1978-01-30,31.250041,31.749959,31.250041,31.749959,516000,0.797297
1978-01-27,30.999959,31.749959,30.999959,31.250041,855200,0.784744
1978-01-26,31.749959,32.000041,30.999959,30.999959,735200,0.778464
1978-01-25,31.875,31.875,31.625041,31.749959,898400,0.797297
1978-01-24,31.875,32.124959,31.625041,31.875,595200,0.800437
1978-01-23,32.625,32.625,31.749959,31.875,1132800,0.800437
1978-01-20,33.00,33.00,32.499959,32.750041,447200,0.822411
1978-01-19,33.624959,33.75,32.874959,33.125041,4347200,0.831828
1978-01-18,33.75,33.875041,33.249959,33.624959,754400,0.844382
1978-01-17,33.624959,33.999959,33.624959,33.75,878400,0.847522
1978-01-16,33.375,33.75,33.375,33.624959,600800,0.844382
1978-01-13,33.500041,33.875041,33.375,33.375,1281600,0.838105
1978-01-12,33.999959,34.250041,33.500041,33.500041,1428000,0.841245
1978-01-11,33.999959,34.749959,33.624959,33.999959,761600,0.853799
1978-01-10,34.125,34.50,33.75,33.999959,879200,0.853799
1978-01-09,34.125,34.125,33.624959,34.125,1015200,0.856939
1978-01-06,35.124959,35.124959,33.375,34.250041,1214400,0.860079
1978-01-05,35.375041,36.375,35.124959,35.124959,764000,0.88205
1978-01-04,35.750041,35.750041,35.124959,35.375041,579200,0.88833
1978-01-03,36.500041,36.500041,35.750041,35.874959,509600,0.900883
1977-12-30,36.500041,36.875041,36.375,36.624959,216800,0.919717
1977-12-29,36.375,36.875041,36.249959,36.500041,879200,0.91658
1977-12-28,36.249959,36.500041,36.249959,36.375,386400,0.91344
1977-12-27,36.500041,36.500041,36.125041,36.249959,358400,0.9103
1977-12-23,36.00,36.500041,35.874959,36.500041,484800,0.91658
1977-12-22,35.499959,36.249959,35.499959,36.00,1217600,0.904023
1977-12-21,35.375041,35.499959,35.124959,35.25,645600,0.88519
1977-12-20,35.625,35.625,35.000041,35.375041,723200,0.88833
1977-12-19,36.00,36.00,35.499959,35.750041,480800,0.897747
1977-12-16,35.750041,36.125041,35.499959,36.00,394400,0.904023
1977-12-15,35.625,35.874959,35.375041,35.750041,631200,0.897747
1977-12-14,35.625,35.750041,35.375041,35.625,626400,0.894607
1977-12-13,35.874959,35.874959,35.375041,35.625,633600,0.894607
1977-12-12,35.750041,36.125041,35.750041,36.00,571200,0.904023
1977-12-09,35.25,35.625,35.000041,35.625,1341600,0.894607
1977-12-08,35.124959,35.375041,35.124959,35.25,420800,0.88519
1977-12-07,35.124959,35.25,34.50,35.000041,694400,0.878913
1977-12-06,36.00,36.00,35.124959,35.124959,569600,0.88205
1977-12-05,36.125041,36.249959,35.874959,36.00,713600,0.904023
1977-12-02,36.624959,36.624959,36.00,36.125041,660800,0.907163
1977-12-01,36.875041,36.999959,36.624959,36.624959,796800,0.909674
1977-11-30,36.624959,36.999959,36.249959,36.875041,849600,0.915885
1977-11-29,37.374959,37.374959,36.624959,36.624959,723200,0.909674
1977-11-28,37.50,37.625041,37.374959,37.50,514400,0.931407
1977-11-25,37.50,37.50,37.374959,37.50,650400,0.931407
1977-11-23,37.50,37.50,37.125,37.50,482400,0.931407
1977-11-22,36.875041,37.50,36.875041,37.50,1279200,0.931407
1977-11-21,36.624959,37.125,36.500041,36.75,782400,0.912779
1977-11-18,36.500041,36.999959,36.249959,36.624959,540000,0.909674
1977-11-17,37.125,37.125,36.375,36.500041,1092000,0.906571
1977-11-16,36.75,37.50,36.624959,37.125,955200,0.922093
1977-11-15,36.500041,36.999959,36.249959,36.75,1044000,0.912779
1977-11-14,36.999959,36.999959,36.249959,36.500041,717600,0.906571
1977-11-11,36.125041,36.999959,36.125041,36.999959,1236800,0.918988
1977-11-10,35.25,36.125041,35.25,36.00,1088000,0.894151
1977-11-09,35.000041,35.499959,34.875,35.124959,437600,0.872417
1977-11-08,34.374959,35.000041,34.374959,35.000041,1150400,0.869315
1977-11-07,33.624959,34.250041,33.624959,34.250041,1029600,0.850686
1977-11-04,33.375,33.75,33.375,33.500041,754400,0.832058
1977-11-03,33.249959,33.624959,32.874959,33.375,456000,0.828953
1977-11-02,33.125041,33.500041,32.874959,33.249959,728000,0.825847
1977-11-01,33.75,33.75,33.00,33.125041,864000,0.822744
1977-10-31,33.875041,34.250041,33.75,33.999959,931200,0.844475
1977-10-28,33.375,33.875041,33.125041,33.875041,888000,0.841372
1977-10-27,33.00,33.624959,33.00,33.375,622400,0.828953
1977-10-26,33.125041,33.375,32.499959,33.00,1193600,0.819639
1977-10-25,33.375,33.500041,32.750041,33.125041,742400,0.822744
1977-10-24,33.500041,33.624959,33.125041,33.375,692000,0.828953
1977-10-21,34.250041,34.374959,33.500041,33.500041,1886400,0.832058
1977-10-20,33.875041,34.374959,33.624959,34.250041,368000,0.850686
1977-10-19,34.749959,34.749959,33.624959,33.875041,931200,0.841372
1977-10-18,34.749959,35.000041,34.749959,34.749959,519200,0.863103
1977-10-17,34.875,35.124959,34.625041,34.749959,420800,0.863103
1977-10-14,35.000041,35.124959,34.250041,34.875,480800,0.866209
1977-10-13,35.25,35.25,34.374959,35.000041,1011200,0.869315
1977-10-12,35.874959,35.874959,35.25,35.375041,1857600,0.878629
1977-10-11,36.00,36.125041,35.874959,36.00,1399200,0.894151
1977-10-10,36.00,36.249959,35.874959,36.00,408800,0.894151
1977-10-07,36.249959,36.249959,36.00,36.00,1236000,0.894151
1977-10-06,36.249959,36.375,36.00,36.249959,900800,0.900359
1977-10-05,35.750041,36.249959,35.625,36.249959,1100000,0.900359
1977-10-04,36.249959,36.375,35.750041,35.750041,449600,0.887943
1977-10-03,36.125041,36.500041,35.874959,36.249959,933600,0.900359
1977-09-30,35.625,36.125041,35.625,36.125041,624000,0.897257
1977-09-29,35.000041,35.874959,35.000041,35.625,656000,0.884837
1977-09-28,34.749959,35.25,34.749959,34.875,915200,0.866209
1977-09-27,34.625041,35.000041,34.50,34.625041,945600,0.860001
1977-09-26,33.999959,34.625041,33.999959,34.625041,636800,0.860001
1977-09-23,33.875041,34.374959,33.875041,33.999959,652800,0.844475
1977-09-22,33.875041,33.999959,33.624959,33.875041,502400,0.841372
1977-09-21,34.625041,34.625041,33.75,33.875041,754400,0.841372
1977-09-20,35.000041,35.000041,34.50,34.625041,944000,0.860001
1977-09-19,35.124959,35.25,35.000041,35.000041,427200,0.869315
1977-09-16,35.000041,35.375041,34.875,35.124959,406400,0.872417
1977-09-15,35.124959,35.625,35.000041,35.000041,1108800,0.869315
1977-09-14,34.875,35.375041,34.749959,35.124959,379200,0.872417
1977-09-13,34.875,35.124959,34.625041,34.875,441600,0.866209
1977-09-12,35.124959,35.124959,34.625041,34.875,568800,0.866209
1977-09-09,35.499959,35.499959,35.124959,35.124959,561600,0.872417
1977-09-08,35.750041,35.874959,35.375041,35.499959,444000,0.881731
1977-09-07,35.625,35.874959,35.375041,35.750041,598400,0.887943
1977-09-06,35.874959,36.00,35.375041,35.625,802400,0.884837
1977-09-02,35.124959,36.00,35.124959,35.874959,559200,0.891045
1977-09-01,35.625,35.625,35.000041,35.124959,574400,0.872417
1977-08-31,35.375041,35.874959,35.25,35.874959,584000,0.881111
1977-08-30,35.25,35.78124,35.000041,35.375041,464000,0.868833
1977-08-29,35.000041,35.499959,35.000041,35.25,845600,0.865762
1977-08-26,34.125,34.875,33.875041,34.749959,1980000,0.853481
1977-08-25,35.000041,35.000041,34.125,34.125,1048800,0.838131
1977-08-24,35.124959,35.25,34.625041,35.25,653600,0.865762
1977-08-23,36.249959,36.249959,34.875,35.124959,2128800,0.862691
1977-08-22,36.624959,36.624959,36.125041,36.375,926400,0.893393
1977-08-19,36.75,36.75,36.375,36.624959,478400,0.899532
1977-08-18,36.875041,36.999959,36.375,36.75,401600,0.902603
1977-08-17,36.875041,36.999959,36.500041,36.875041,358400,0.905674
1977-08-16,36.875041,36.999959,36.75,36.875041,758400,0.905674
1977-08-15,37.250041,37.250041,36.500041,36.875041,880800,0.905674
1977-08-12,37.374959,37.50,36.999959,37.374959,1471200,0.917952
1977-08-11,37.625041,38.000041,37.250041,37.374959,525600,0.917952
1977-08-10,36.875041,37.749959,36.75,37.625041,777600,0.924095
1977-08-09,37.250041,37.250041,36.75,36.875041,1243200,0.905674
1977-08-08,37.50,37.50,37.125,37.250041,459200,0.914884
1977-08-05,37.50,37.625041,37.374959,37.50,1328000,0.921023
1977-08-04,37.125,37.50,36.999959,37.50,1142400,0.921023
1977-08-03,36.999959,37.250041,36.500041,37.125,1481600,0.911813
1977-08-02,37.374959,37.374959,36.999959,36.999959,960000,0.908742
1977-08-01,38.25,38.375041,37.749959,38.000041,1130400,0.933305
1977-07-29,37.125,38.25,36.875041,38.25,1251200,0.939444
1977-07-28,37.125,37.125,36.624959,37.125,1486400,0.911813
1977-07-27,37.875,37.875,36.624959,37.125,844800,0.911813
1977-07-26,38.000041,38.000041,37.50,37.875,907200,0.930234
1977-07-25,38.375041,38.375041,37.749959,38.000041,593600,0.933305
1977-07-22,37.875,38.375041,37.749959,38.375041,1167200,0.942515
1977-07-21,38.124959,38.25,37.749959,37.875,1757600,0.930234
1977-07-20,37.250041,38.25,37.250041,38.124959,2287200,0.936373
1977-07-19,37.125,37.374959,36.75,37.125,1299200,0.911813
1977-07-18,36.249959,37.250041,36.249959,37.125,891200,0.911813
1977-07-15,36.500041,36.624959,36.125041,36.249959,812000,0.890322
1977-07-13,36.249959,36.500041,36.00,36.500041,737600,0.896464
1977-07-12,36.75,36.875041,36.249959,36.249959,873600,0.890322
1977-07-11,36.75,36.999959,36.500041,36.75,295200,0.902603
1977-07-08,36.875041,36.999959,36.624959,36.75,1344000,0.902603
1977-07-07,36.875041,36.875041,36.249959,36.875041,1027200,0.905674
1977-07-06,37.125,37.250041,36.875041,36.875041,543200,0.905674
1977-07-05,37.125,37.374959,37.125,37.125,538400,0.911813
1977-07-01,37.250041,37.374959,36.999959,37.125,538400,0.911813
1977-06-30,37.374959,37.50,37.250041,37.250041,787200,0.914884
1977-06-29,37.250041,37.374959,36.999959,37.374959,648800,0.917952
1977-06-28,37.374959,37.50,37.125,37.250041,681600,0.914884
1977-06-27,37.50,37.50,37.250041,37.374959,560000,0.917952
1977-06-24,37.125,37.50,37.125,37.50,868800,0.921023
1977-06-23,36.624959,37.125,36.375,36.999959,1056000,0.908742
1977-06-22,36.999959,36.999959,36.624959,36.624959,641600,0.899532
1977-06-21,37.125,37.374959,36.875041,36.999959,1142400,0.908742
1977-06-20,36.500041,37.125,36.500041,37.125,1466400,0.911813
1977-06-17,36.249959,36.75,36.125041,36.500041,1502400,0.896464
1977-06-16,35.750041,36.500041,35.625,36.249959,2630400,0.890322
1977-06-15,36.00,36.249959,35.625,35.750041,859200,0.878043
1977-06-14,35.499959,36.00,35.499959,36.00,2019200,0.884183
1977-06-13,35.25,35.375041,35.124959,35.25,703200,0.865762
1977-06-10,34.749959,35.25,34.749959,35.25,1606400,0.865762
1977-06-09,34.875,35.000041,34.625041,34.749959,828000,0.853481
1977-06-08,34.625041,35.000041,34.625041,34.875,2122400,0.856552
1977-06-07,34.749959,34.749959,34.374959,34.625041,624800,0.850413
1977-06-06,34.875,35.000041,34.50,34.749959,401600,0.853481
1977-06-03,34.749959,35.124959,33.999959,34.875,2955200,0.856552
1977-06-02,34.749959,35.124959,34.50,34.749959,1469600,0.843657
1977-06-01,33.999959,34.749959,33.999959,34.749959,597600,0.843657
1977-05-31,33.875041,34.125,33.875041,33.999959,555200,0.825449
1977-05-27,32.874959,33.999959,32.874959,33.875041,1159200,0.822416
1977-05-26,33.00,33.00,32.375041,32.874959,461600,0.798136
1977-05-25,33.125041,33.249959,32.124959,32.375041,1636800,0.785999
1977-05-24,33.624959,33.624959,33.00,33.125041,936000,0.804208
1977-05-23,34.250041,34.374959,33.624959,33.624959,880800,0.816345
1977-05-20,34.749959,34.749959,34.250041,34.250041,619200,0.83152
1977-05-19,34.749959,35.000041,34.749959,34.875,1083200,0.846693
1977-05-18,34.749959,35.124959,34.749959,34.749959,1980000,0.843657
1977-05-17,34.125,34.625041,33.999959,34.625041,1862400,0.840625
1977-05-16,33.875041,34.125,33.75,34.125,586400,0.828485
1977-05-13,33.875041,33.999959,33.500041,33.875041,824000,0.822416
1977-05-12,33.75,33.875041,33.375,33.875041,933600,0.822416
1977-05-11,33.75,33.999959,33.75,33.75,1003200,0.81938
1977-05-10,33.500041,34.125,33.375,33.75,2292800,0.81938
1977-05-09,33.500041,33.75,33.125041,33.500041,497600,0.813312
1977-05-06,33.624959,33.875041,33.375,33.500041,1003200,0.813312
1977-05-05,33.999959,33.999959,33.375,33.624959,471200,0.816345
1977-05-04,33.75,34.125,33.624959,33.999959,1322400,0.825449
1977-05-03,33.249959,33.999959,33.249959,33.75,1414400,0.81938
1977-05-02,32.625,33.375,32.625,33.125041,681600,0.804208
1977-04-29,32.375041,32.874959,32.375041,32.625,648800,0.792068
1977-04-28,31.374959,32.124959,31.374959,31.875,542400,0.773859
1977-04-27,30.75,31.50,30.624959,31.250041,379200,0.758687
1977-04-26,30.75,30.875041,30.500041,30.75,688800,0.746547
1977-04-25,31.374959,31.374959,30.75,30.75,1958400,0.746547
1977-04-22,32.124959,32.124959,30.999959,31.250041,552800,0.758687
1977-04-21,32.874959,33.00,32.124959,32.124959,566400,0.779928
1977-04-20,32.375041,32.874959,32.375041,32.874959,943200,0.798136
1977-04-19,31.50,32.375041,31.50,31.749959,656000,0.770824
1977-04-18,30.999959,31.50,30.999959,31.250041,507200,0.758687
1977-04-15,30.875041,30.999959,30.500041,30.999959,674400,0.752615
1977-04-14,30.75,31.250041,30.75,30.875041,1264800,0.749582
1977-04-13,30.00,30.500041,29.874959,30.125041,816000,0.731374
1977-04-12,29.375041,30.00,29.375041,30.00,524000,0.728338
1977-04-11,28.50,29.25,28.50,29.25,749600,0.71013
1977-04-07,28.875,28.875,28.374959,28.50,656000,0.691921
1977-04-06,29.000041,29.375041,28.875,28.875,316800,0.701026
1977-04-05,29.25,29.25,28.875,29.000041,487200,0.704061
1977-04-04,29.375041,29.625,29.25,29.25,324800,0.71013
1977-04-01,29.375041,29.375041,29.000041,29.375041,348000,0.713165
1977-03-31,29.124959,29.625,29.000041,29.375041,363200,0.713165
1977-03-30,30.00,30.00,29.124959,29.124959,850400,0.707094
1977-03-29,29.750041,30.00,29.750041,30.00,276000,0.728338
1977-03-28,30.125041,30.125041,29.750041,29.750041,444800,0.72227
1977-03-25,30.00,30.249959,29.874959,30.125041,328800,0.731374
1977-03-24,30.00,30.249959,29.750041,30.00,658400,0.728338
1977-03-23,30.375,30.500041,29.874959,30.00,280800,0.728338
1977-03-22,30.75,30.75,30.375,30.375,957600,0.737442
1977-03-21,30.999959,31.125,30.75,30.75,463200,0.746547
1977-03-18,31.125,31.374959,30.875041,30.999959,1010400,0.752615
1977-03-17,31.125,31.250041,30.999959,31.125,375200,0.755651
1977-03-16,30.999959,31.250041,30.999959,31.125,216800,0.755651
1977-03-15,30.624959,30.999959,30.624959,30.999959,1142400,0.752615
1977-03-14,30.125041,30.375,30.125041,30.375,597600,0.737442
1977-03-11,30.00,30.125041,29.874959,30.125041,446400,0.731374
1977-03-10,30.125041,30.125041,29.750041,30.00,703200,0.728338
1977-03-09,30.00,30.125041,29.750041,30.125041,557600,0.731374
1977-03-08,30.375,30.375,29.874959,30.00,711200,0.728338
1977-03-07,30.249959,30.375,30.125041,30.375,600800,0.737442
1977-03-04,30.249959,30.249959,29.874959,30.249959,936000,0.734407
1977-03-03,30.00,30.249959,29.750041,30.249959,446400,0.727123
1977-03-02,29.625,30.125041,29.625,30.00,879200,0.721115
1977-03-01,29.499959,29.625,29.375041,29.499959,783200,0.709095
1977-02-28,29.499959,29.625,29.25,29.499959,489600,0.709095
1977-02-25,29.625,29.874959,29.375041,29.499959,922400,0.709095
1977-02-24,30.249959,30.624959,29.375041,29.625,1452000,0.712101
1977-02-23,30.875041,30.875041,30.125041,30.249959,665600,0.727123
1977-02-22,30.624959,30.875041,30.624959,30.875041,303200,0.742149
1977-02-18,30.999959,30.999959,30.624959,30.624959,404000,0.736137
1977-02-17,30.875041,31.125,30.75,30.999959,907200,0.745151
1977-02-16,30.75,31.125,30.624959,30.875041,488000,0.742149
1977-02-15,30.875041,30.999959,30.500041,30.75,1176000,0.739143
1977-02-14,30.875041,30.875041,30.500041,30.875041,680000,0.742149
1977-02-11,30.500041,30.875041,30.125041,30.875041,593600,0.742149
1977-02-10,30.125041,30.875041,30.125041,30.500041,624000,0.733135
1977-02-09,30.375,30.375,30.00,30.00,396800,0.721115
1977-02-08,30.75,30.75,30.500041,30.500041,999200,0.733135
1977-02-07,30.75,31.125,30.500041,30.875041,392000,0.742149
1977-02-04,30.375,30.999959,30.375,30.75,691200,0.739143
1977-02-03,30.624959,30.624959,30.125041,30.375,624800,0.730129
1977-02-02,31.250041,31.374959,30.500041,30.624959,574400,0.736137
1977-02-01,31.125,31.250041,30.875041,31.250041,855200,0.751162
1977-01-31,30.999959,31.250041,30.375,31.125,1073600,0.748157
1977-01-28,30.875041,31.250041,30.75,30.999959,353600,0.745151
1977-01-27,31.374959,32.25,30.75,30.875041,904800,0.742149
1977-01-26,31.625041,31.625041,30.375,31.374959,1958400,0.754165
1977-01-25,32.000041,32.000041,31.374959,31.625041,816800,0.760176
1977-01-24,32.000041,32.375041,31.875,32.000041,1138400,0.76919
1977-01-21,30.999959,32.375041,30.999959,32.000041,1292000,0.76919
1977-01-20,32.499959,32.625,30.999959,30.999959,1128000,0.745151
1977-01-19,32.499959,32.625,30.999959,30.999959,1070400,0.745151
1977-01-18,33.00,33.125041,32.25,32.499959,627200,0.781207
1977-01-17,32.874959,33.00,32.625,33.00,291200,0.793227
1977-01-14,32.874959,33.00,32.750041,32.874959,552000,0.790221
1977-01-13,32.625,33.125041,32.625,32.874959,687200,0.790221
1977-01-12,32.874959,33.00,32.375041,32.499959,1003200,0.781207
1977-01-11,33.500041,33.624959,32.625,32.874959,696800,0.790221
1977-01-10,33.624959,33.875041,33.249959,33.500041,1111200,0.805246
1977-01-07,32.625,33.624959,32.499959,33.624959,1608000,0.808249
1977-01-06,32.499959,32.750041,32.000041,32.625,2259200,0.784213
1977-01-05,33.125041,33.125041,32.25,32.499959,2777600,0.781207
1977-01-04,34.625041,34.625041,33.249959,33.249959,1404000,0.799235
1977-01-03,34.625041,35.750041,34.625041,34.875,1448000,0.838296
