Date,Open,High,Low,Close,Volume,Adj Close
2016-03-01,22.469999,22.530001,22.40,22.52,221600,22.52
2016-02-29,22.469999,22.49,22.40,22.40,120100,22.40
2016-02-26,22.450001,22.450001,22.379999,22.450001,119700,22.450001
2016-02-25,22.459999,22.52,22.43,22.50,99000,22.50
2016-02-24,22.370001,22.450001,22.32,22.450001,125800,22.450001
2016-02-23,22.24,22.42,22.219999,22.42,114100,22.42
2016-02-22,22.27,22.33,22.219999,22.290001,130700,22.290001
2016-02-19,22.23,22.33,22.190001,22.309999,104000,22.309999
2016-02-18,22.120001,22.25,22.040001,22.190001,177300,22.190001
2016-02-17,22.18,22.18,21.969999,22.059999,258200,22.059999
2016-02-16,22.219999,22.23,22.09,22.15,109600,22.15
2016-02-12,22.35,22.440001,22.209999,22.26,160000,22.26
2016-02-11,22.50,22.50,22.35,22.389999,152300,22.389999
2016-02-10,22.450001,22.50,22.379999,22.50,86900,22.42
2016-02-09,22.309999,22.49,22.25,22.440001,216900,22.360214
2016-02-08,22.25,22.35,22.25,22.34,120600,22.260569
2016-02-05,22.299999,22.35,22.24,22.299999,173400,22.220711
2016-02-04,22.219999,22.290001,22.16,22.280001,187000,22.200783
2016-02-03,22.25,22.32,22.209999,22.24,186800,22.160925
2016-02-02,22.139999,22.25,22.120001,22.25,192500,22.170889
2016-02-01,21.950001,22.15,21.940001,22.139999,152700,22.06128
2016-01-29,21.959999,21.98,21.889999,21.940001,187400,21.861992
2016-01-28,21.83,21.99,21.799999,21.91,236200,21.832098
2016-01-27,21.84,21.870001,21.74,21.76,155500,21.682632
2016-01-26,21.75,21.85,21.74,21.85,104000,21.772312
2016-01-25,21.83,21.870001,21.77,21.780001,126900,21.702561
2016-01-22,21.83,21.879999,21.76,21.780001,147000,21.702561
2016-01-21,21.74,21.83,21.709999,21.780001,116300,21.702561
2016-01-20,21.870001,21.92,21.610001,21.709999,327500,21.632808
2016-01-19,21.950001,21.99,21.809999,21.92,131600,21.842063
2016-01-15,21.809999,21.92,21.799999,21.92,228000,21.842063
2016-01-14,21.85,21.889999,21.700001,21.860001,145800,21.782277
2016-01-13,21.940001,21.959999,21.84,21.90,220300,21.822133
2016-01-12,22.040001,22.040001,21.879999,22.02,177000,21.861992
2016-01-11,22.09,22.09,21.959999,22.00,164100,21.842135
2016-01-08,21.93,22.129999,21.93,22.09,154900,21.931489
2016-01-07,22.15,22.25,22.00,22.030001,209600,21.87192
2016-01-06,21.99,22.15,21.950001,22.120001,294900,21.961275
2016-01-05,21.860001,22.030001,21.84,21.99,341600,21.832206
2016-01-04,21.57,21.82,21.52,21.82,237500,21.663426
2015-12-31,21.469999,21.610001,21.440001,21.57,203000,21.41522
2015-12-30,21.42,21.58,21.42,21.469999,130800,21.315937
2015-12-29,21.52,21.610001,21.42,21.42,202700,21.266297
2015-12-28,21.57,21.57,21.49,21.52,179800,21.36558
2015-12-24,21.42,21.540001,21.42,21.51,47900,21.355651
2015-12-23,21.280001,21.50,21.280001,21.459999,190400,21.306009
2015-12-22,21.290001,21.360001,21.23,21.25,136000,21.097517
2015-12-21,21.190001,21.370001,21.18,21.360001,131400,21.206728
2015-12-18,21.16,21.27,21.120001,21.219999,188700,21.067731
2015-12-17,20.950001,21.190001,20.950001,21.16,117800,21.008162
2015-12-16,20.92,20.98,20.870001,20.950001,133400,20.79967
2015-12-15,20.93,21.00,20.879999,20.92,113600,20.769885
2015-12-14,20.950001,20.959999,20.82,20.93,215000,20.779813
2015-12-11,20.860001,20.98,20.860001,20.93,154900,20.779813
2015-12-10,20.790001,20.91,20.719999,20.870001,177000,20.720244
2015-12-09,20.940001,21.01,20.84,20.879999,197100,20.649752
2015-12-08,20.83,20.969999,20.780001,20.90,163700,20.669532
2015-12-07,20.879999,20.91,20.780001,20.780001,131800,20.550856
2015-12-04,20.99,21.139999,20.870001,20.92,188500,20.689312
2015-12-03,21.16,21.200001,20.91,20.940001,155100,20.709092
2015-12-02,21.200001,21.299999,21.129999,21.23,168500,20.995893
2015-12-01,21.110001,21.190001,21.10,21.17,146000,20.936555
2015-11-30,20.92,21.08,20.860001,21.07,153600,20.837657
2015-11-27,20.860001,20.969999,20.860001,20.940001,29400,20.709092
2015-11-25,20.91,20.959999,20.860001,20.889999,111400,20.659642
2015-11-24,20.92,20.99,20.889999,20.959999,121800,20.72887
2015-11-23,20.780001,20.91,20.780001,20.91,88800,20.679422
2015-11-20,20.73,20.85,20.719999,20.82,108700,20.590414
2015-11-19,20.76,20.76,20.719999,20.73,106700,20.501407
2015-11-18,20.77,20.780001,20.690001,20.76,98800,20.531076
2015-11-17,20.67,20.780001,20.66,20.77,131500,20.540966
2015-11-16,20.77,20.77,20.639999,20.76,93400,20.531076
2015-11-13,20.67,20.780001,20.58,20.719999,85900,20.491517
2015-11-12,20.68,20.719999,20.620001,20.629999,96700,20.402509
2015-11-11,20.690001,20.790001,20.690001,20.719999,121200,20.412398
2015-11-10,20.67,20.780001,20.620001,20.76,103100,20.451805
2015-11-09,20.700001,20.719999,20.610001,20.68,145800,20.372993
2015-11-06,20.870001,20.870001,20.75,20.790001,132000,20.481361
2015-11-05,20.93,21.00,20.91,20.99,177000,20.67839
2015-11-04,20.90,20.959999,20.870001,20.950001,161500,20.638985
2015-11-03,20.940001,21.01,20.91,20.940001,231500,20.629133
2015-11-02,20.879999,21.00,20.860001,20.99,113500,20.67839
2015-10-30,20.889999,20.91,20.809999,20.879999,119000,20.570023
2015-10-29,20.790001,20.90,20.780001,20.879999,123900,20.570023
2015-10-28,20.780001,20.889999,20.780001,20.85,92300,20.540469
2015-10-27,20.790001,20.83,20.75,20.75,125300,20.441954
2015-10-26,20.950001,20.950001,20.790001,20.82,87800,20.510914
2015-10-23,20.799999,20.91,20.74,20.90,94600,20.589726
2015-10-22,20.85,20.85,20.65,20.799999,127700,20.491211
2015-10-21,20.790001,20.85,20.75,20.809999,103000,20.501062
2015-10-20,20.700001,20.799999,20.700001,20.77,105900,20.461657
2015-10-19,20.76,20.76,20.67,20.700001,51600,20.392697
2015-10-16,20.690001,20.809999,20.68,20.719999,123500,20.412398
2015-10-15,20.799999,20.82,20.639999,20.690001,120500,20.382845
2015-10-14,20.709999,20.809999,20.700001,20.799999,81500,20.491211
2015-10-13,20.65,20.74,20.65,20.719999,72500,20.412398
2015-10-12,20.66,20.76,20.65,20.719999,51200,20.333586
2015-10-09,20.610001,20.68,20.610001,20.67,89700,20.284519
2015-10-08,20.68,20.709999,20.629999,20.66,79300,20.274706
2015-10-07,20.639999,20.68,20.58,20.65,63800,20.264892
2015-10-06,20.52,20.65,20.52,20.610001,113600,20.225639
2015-10-05,20.58,20.59,20.50,20.57,118100,20.186384
2015-10-02,20.540001,20.59,20.530001,20.540001,73100,20.156945
2015-10-01,20.49,20.58,20.450001,20.469999,71200,20.088249
2015-09-30,20.60,20.60,20.379999,20.379999,144800,19.999927
2015-09-29,20.59,20.60,20.50,20.58,105400,20.196198
2015-09-28,20.60,20.620001,20.530001,20.559999,60100,20.17657
2015-09-25,20.59,20.60,20.530001,20.59,41500,20.206011
2015-09-24,20.65,20.67,20.549999,20.620001,79400,20.235453
2015-09-23,20.690001,20.690001,20.540001,20.60,52300,20.215825
2015-09-22,20.559999,20.709999,20.549999,20.65,99100,20.264892
2015-09-21,20.690001,20.719999,20.530001,20.559999,108200,20.17657
2015-09-18,20.370001,20.68,20.370001,20.66,183100,20.274706
2015-09-17,20.34,20.459999,20.299999,20.40,148700,20.019554
2015-09-16,20.25,20.469999,20.25,20.379999,215500,19.999927
2015-09-15,20.280001,20.280001,20.219999,20.280001,91600,19.901793
2015-09-14,20.33,20.33,20.25,20.26,61700,19.882166
2015-09-11,20.34,20.40,20.25,20.280001,66900,19.901793
2015-09-10,20.51,20.51,20.299999,20.40,86300,19.941046
2015-09-09,20.459999,20.51,20.42,20.48,72400,20.019246
2015-09-08,20.450001,20.52,20.389999,20.50,79300,20.038797
2015-09-04,20.33,20.49,20.33,20.450001,87600,19.989923
2015-09-03,20.389999,20.450001,20.360001,20.389999,94400,19.931271
2015-09-02,20.49,20.49,20.33,20.360001,80500,19.901947
2015-09-01,20.450001,21.00,20.25,20.459999,113200,19.999696
2015-08-31,20.299999,20.459999,20.299999,20.440001,90400,19.980147
2015-08-28,20.280001,20.35,20.209999,20.35,201000,19.892172
2015-08-27,20.26,20.35,20.190001,20.33,110000,19.872621
2015-08-26,20.33,20.389999,20.200001,20.26,140300,19.804197
2015-08-25,20.459999,20.549999,20.25,20.32,120600,19.862846
2015-08-24,20.27,20.50,20.25,20.48,265900,20.019246
2015-08-21,20.57,20.60,20.40,20.41,279500,19.950822
2015-08-20,20.610001,20.610001,20.40,20.41,132000,19.950822
2015-08-19,20.58,20.60,20.530001,20.57,126700,20.107222
2015-08-18,20.549999,20.67,20.549999,20.620001,122600,20.156098
2015-08-17,20.629999,20.66,20.57,20.58,113600,20.116997
2015-08-14,20.65,20.690001,20.58,20.620001,55700,20.156098
2015-08-13,20.68,20.700001,20.629999,20.629999,80100,20.165871
2015-08-12,20.620001,20.690001,20.610001,20.66,134200,20.195197
2015-08-11,20.52,20.76,20.50,20.719999,130600,20.175646
2015-08-10,20.59,20.67,20.50,20.51,73200,19.971164
2015-08-07,20.68,20.700001,20.559999,20.559999,70600,20.01985
2015-08-06,20.549999,20.700001,20.530001,20.629999,95600,20.08801
2015-08-05,20.620001,20.629999,20.540001,20.610001,75800,20.068537
2015-08-04,20.559999,20.780001,20.530001,20.610001,89400,20.068537
2015-08-03,20.84,21.299999,20.530001,20.610001,381400,20.068537
2015-07-31,20.77,20.83,20.75,20.799999,164200,20.253544
2015-07-30,20.73,20.82,20.709999,20.77,134300,20.224334
2015-07-29,20.709999,20.799999,20.709999,20.780001,128300,20.234071
2015-07-28,20.75,20.799999,20.709999,20.75,152700,20.204858
2015-07-27,20.73,20.809999,20.700001,20.75,91400,20.204858
2015-07-24,20.68,20.709999,20.610001,20.690001,113400,20.146435
2015-07-23,20.549999,20.639999,20.51,20.59,85300,20.049062
2015-07-22,20.549999,20.60,20.43,20.540001,187100,20.000376
2015-07-21,20.42,20.52,20.41,20.51,116000,19.971164
2015-07-20,20.51,20.52,20.40,20.50,121800,19.961426
2015-07-17,20.49,20.540001,20.440001,20.49,128100,19.951689
2015-07-16,20.440001,20.49,20.40,20.40,99400,19.864053
2015-07-15,20.280001,20.42,20.280001,20.389999,72700,19.854316
2015-07-14,20.299999,20.34,20.299999,20.33,79300,19.795893
2015-07-13,20.35,20.389999,20.290001,20.34,105300,19.80563
2015-07-10,20.42,20.50,20.370001,20.459999,120800,19.844579
2015-07-09,20.51,20.57,20.42,20.52,125900,19.902776
2015-07-08,20.48,20.59,20.48,20.52,161100,19.902776
2015-07-07,20.42,20.690001,20.42,20.48,137200,19.863978
2015-07-06,20.26,20.440001,20.26,20.34,121400,19.72819
2015-07-02,20.34,20.34,20.25,20.25,119400,19.640896
2015-07-01,20.309999,20.33,20.219999,20.25,169000,19.640896
2015-06-30,20.290001,20.32,20.17,20.27,221200,19.660295
2015-06-29,20.299999,20.32,20.16,20.27,176000,19.660295
2015-06-26,20.459999,20.48,20.309999,20.309999,201200,19.699091
2015-06-25,20.50,20.549999,20.450001,20.530001,153900,19.912475
2015-06-24,20.459999,20.60,20.459999,20.540001,191600,19.922174
2015-06-23,20.299999,20.50,20.27,20.469999,282200,19.854278
2015-06-22,20.35,20.40,20.32,20.40,225000,19.786384
2015-06-19,20.379999,20.50,20.299999,20.40,166800,19.786384
2015-06-18,20.17,20.299999,20.129999,20.290001,237800,19.679694
2015-06-17,20.040001,20.25,19.99,20.17,271200,19.563303
2015-06-16,20.07,20.07,19.93,20.040001,405900,19.437214
2015-06-15,19.75,20.15,19.73,20.15,501100,19.543904
2015-06-12,19.530001,19.75,19.51,19.620001,158400,19.029847
2015-06-11,19.610001,19.610001,19.49,19.549999,253400,18.961951
2015-06-10,19.67,19.709999,19.52,19.620001,231700,18.952253
2015-06-09,19.780001,19.780001,19.620001,19.690001,244900,19.019871
2015-06-08,19.790001,19.84,19.700001,19.82,211200,19.145446
2015-06-05,19.799999,19.91,19.77,19.82,180000,19.145446
2015-06-04,19.91,19.950001,19.85,19.879999,147300,19.203403
2015-06-03,19.99,20.02,19.90,19.93,168700,19.251702
2015-06-02,20.049999,20.09,20.02,20.049999,158500,19.367617
2015-06-01,20.040001,20.10,20.02,20.08,186300,19.396597
2015-05-29,19.98,20.059999,19.969999,19.98,101400,19.30
2015-05-28,20.00,20.01,19.91,19.98,163200,19.30
2015-05-27,19.950001,20.02,19.940001,19.969999,112500,19.29034
2015-05-26,19.969999,19.969999,19.91,19.92,145900,19.242043
2015-05-22,19.940001,19.98,19.92,19.959999,122800,19.28068
2015-05-21,20.00,20.040001,19.950001,19.959999,267600,19.28068
2015-05-20,20.07,20.08,19.950001,19.950001,221300,19.271022
2015-05-19,20.129999,20.17,20.030001,20.059999,303700,19.377277
2015-05-18,20.41,20.41,20.17,20.209999,270300,19.522172
2015-05-15,20.379999,20.450001,20.370001,20.440001,166000,19.744345
2015-05-14,20.35,20.41,20.35,20.360001,230400,19.667068
2015-05-13,20.559999,20.559999,20.379999,20.41,179400,19.715366
2015-05-12,20.450001,20.60,20.450001,20.60,221900,19.821622
2015-05-11,20.51,20.549999,20.450001,20.50,283100,19.7254
2015-05-08,20.610001,20.65,20.52,20.52,152000,19.744645
2015-05-07,20.48,20.540001,20.40,20.49,197000,19.715778
2015-05-06,20.639999,20.67,20.469999,20.50,267600,19.7254
2015-05-05,20.74,20.74,20.60,20.709999,147200,19.927464
2015-05-04,20.73,20.74,20.68,20.719999,146200,19.937087
2015-05-01,20.85,20.860001,20.68,20.709999,138800,19.927464
2015-04-30,20.870001,20.90,20.75,20.799999,170200,20.014064
2015-04-29,20.870001,20.889999,20.77,20.870001,151400,20.081421
2015-04-28,20.91,20.950001,20.879999,20.92,100000,20.129531
2015-04-27,20.950001,20.969999,20.91,20.91,100200,20.119908
2015-04-24,20.99,20.99,20.90,20.91,92500,20.119908
2015-04-23,20.91,20.969999,20.889999,20.950001,91500,20.158398
2015-04-22,20.969999,20.969999,20.91,20.940001,148700,20.148775
2015-04-21,20.940001,20.98,20.92,20.969999,145900,20.177641
2015-04-20,20.940001,20.98,20.889999,20.950001,76600,20.158398
2015-04-17,20.879999,20.90,20.809999,20.889999,105700,20.100663
2015-04-16,20.860001,20.93,20.84,20.879999,115100,20.091041
2015-04-15,20.91,20.98,20.860001,20.860001,134100,20.071798
2015-04-14,20.969999,21.030001,20.889999,20.889999,165100,20.100663
2015-04-13,20.98,20.98,20.870001,20.93,134700,20.139153
2015-04-10,21.049999,21.09,20.969999,21.01,95900,20.139153
2015-04-09,21.09,21.120001,20.99,20.99,96600,20.119981
2015-04-08,21.18,21.200001,21.07,21.09,100000,20.215837
2015-04-07,21.02,21.190001,21.01,21.129999,129800,20.254178
2015-04-06,21.030001,21.10,21.01,21.049999,76900,20.177494
2015-04-02,21.10,21.10,20.940001,20.98,135000,20.110396
2015-04-01,21.030001,21.120001,21.00,21.059999,158600,20.18708
2015-03-31,20.879999,21.00,20.809999,20.969999,97800,20.10081
2015-03-30,20.90,20.90,20.799999,20.860001,94700,19.99537
2015-03-27,20.83,21.00,20.83,20.92,86000,20.052883
2015-03-26,20.90,20.92,20.809999,20.809999,108500,19.947442
2015-03-25,20.969999,21.00,20.84,20.889999,212400,20.024126
2015-03-24,20.84,20.969999,20.83,20.969999,86600,20.10081
2015-03-23,20.809999,20.90,20.809999,20.860001,163600,19.99537
2015-03-20,20.639999,20.84,20.639999,20.84,119200,19.976199
2015-03-19,20.700001,20.75,20.57,20.639999,109500,19.784488
2015-03-18,20.43,20.85,20.40,20.77,309500,19.909101
2015-03-17,20.450001,20.50,20.370001,20.379999,187600,19.535265
2015-03-16,20.52,20.530001,20.42,20.469999,131600,19.621534
2015-03-13,20.530001,20.540001,20.459999,20.51,213700,19.659877
2015-03-12,20.610001,20.639999,20.540001,20.549999,232800,19.698218
2015-03-11,20.60,20.629999,20.52,20.58,263000,19.726976
2015-03-10,20.68,20.75,20.629999,20.66,152100,19.726976
2015-03-09,20.68,20.719999,20.610001,20.620001,242600,19.688783
2015-03-06,20.90,20.90,20.67,20.709999,185600,19.774717
2015-03-05,20.93,21.030001,20.92,21.02,126100,20.070719
2015-03-04,20.98,21.00,20.889999,20.98,183600,20.032524
2015-03-03,20.950001,20.98,20.82,20.959999,210900,20.013427
2015-03-02,21.10,21.129999,20.92,20.93,137400,19.984783
2015-02-27,20.969999,21.120001,20.969999,21.10,140800,20.147106
2015-02-26,20.940001,20.98,20.860001,20.93,128600,19.984783
2015-02-25,21.09,21.09,20.940001,20.940001,115500,19.994331
2015-02-24,20.99,21.049999,20.90,21.040001,171900,20.089816
2015-02-23,20.860001,20.99,20.77,20.93,196800,19.984783
2015-02-20,20.780001,20.90,20.74,20.75,202500,19.812912
2015-02-19,20.76,20.860001,20.690001,20.780001,225800,19.841557
2015-02-18,20.469999,20.85,20.440001,20.790001,302900,19.851106
2015-02-17,20.75,20.799999,20.440001,20.51,245800,19.58375
2015-02-13,20.950001,20.98,20.73,20.73,307300,19.793814
2015-02-12,20.85,20.969999,20.85,20.889999,169800,19.946588
2015-02-11,21.17,21.17,20.889999,20.92,262500,19.975234
2015-02-10,21.25,21.25,21.110001,21.200001,189600,20.166203
2015-02-09,21.40,21.42,21.25,21.27,147800,20.232789
2015-02-06,21.370001,21.459999,21.32,21.42,283700,20.375474
2015-02-05,21.559999,21.60,21.42,21.459999,175800,20.413523
2015-02-04,21.58,21.610001,21.450001,21.610001,302400,20.556209
2015-02-03,21.690001,21.75,21.60,21.629999,204000,20.575233
2015-02-02,21.629999,21.75,21.559999,21.75,224300,20.689382
2015-01-30,21.540001,21.629999,21.52,21.59,236400,20.537184
2015-01-29,21.43,21.620001,21.360001,21.52,288900,20.470598
2015-01-28,21.190001,21.43,21.190001,21.43,210900,20.384987
2015-01-27,21.110001,21.209999,21.110001,21.190001,180500,20.15669
2015-01-26,21.08,21.10,21.02,21.09,148400,20.061566
2015-01-23,21.120001,21.129999,21.030001,21.049999,191700,20.023516
2015-01-22,21.129999,21.129999,20.98,21.049999,205500,20.023516
2015-01-21,21.16,21.209999,21.049999,21.08,206200,20.052054
2015-01-20,21.25,21.32,21.15,21.17,273200,20.137665
2015-01-16,21.33,21.35,21.139999,21.23,423500,20.194739
2015-01-15,21.10,21.280001,21.08,21.27,490700,20.232789
2015-01-14,21.09,21.139999,21.00,21.049999,536000,20.023516
2015-01-13,21.00,21.02,20.90,20.99,373900,19.966442
2015-01-12,20.889999,21.040001,20.77,21.040001,834500,19.937906
2015-01-09,20.58,20.65,20.540001,20.629999,157600,19.549381
2015-01-08,20.65,20.66,20.530001,20.57,229900,19.492524
2015-01-07,20.52,20.66,20.48,20.65,276900,19.568334
2015-01-06,20.379999,20.559999,20.379999,20.48,277600,19.407238
2015-01-05,20.24,20.379999,20.24,20.34,154400,19.274572
2015-01-02,20.16,20.25,20.08,20.200001,131500,19.141906
2014-12-31,20.10,20.18,20.07,20.09,443600,19.037667
2014-12-30,20.040001,20.120001,20.040001,20.07,311800,19.018715
2014-12-29,20.129999,20.139999,20.049999,20.049999,370600,18.999762
2014-12-26,20.120001,20.17,20.040001,20.15,168800,19.094524
2014-12-24,19.91,20.10,19.91,20.09,249500,19.037667
2014-12-23,20.07,20.139999,19.940001,20.00,438600,18.952382
2014-12-22,20.16,20.219999,20.01,20.049999,425600,18.999762
2014-12-19,20.290001,20.290001,20.120001,20.16,187700,19.104001
2014-12-18,20.34,20.34,20.200001,20.23,249600,19.170334
2014-12-17,20.27,20.370001,20.27,20.309999,211800,19.246143
2014-12-16,20.26,20.34,20.26,20.26,229200,19.198763
2014-12-15,20.23,20.280001,20.23,20.26,278600,19.198763
2014-12-12,20.110001,20.23,20.110001,20.23,196800,19.170334
2014-12-11,20.17,20.219999,20.08,20.110001,289200,19.05662
2014-12-10,20.08,20.209999,20.08,20.190001,246300,19.13243
2014-12-09,20.120001,20.219999,20.120001,20.15,206000,19.018714
2014-12-08,20.15,20.190001,20.10,20.139999,232700,19.009275
2014-12-05,20.16,20.190001,20.110001,20.15,204800,19.018714
2014-12-04,20.209999,20.24,20.16,20.24,185900,19.103661
2014-12-03,20.10,20.219999,20.10,20.200001,182800,19.065908
2014-12-02,20.02,20.15,20.02,20.120001,207900,18.990399
2014-12-01,20.129999,20.18,20.00,20.01,187900,18.886574
2014-11-28,20.02,20.129999,20.02,20.049999,56700,18.924328
2014-11-26,20.040001,20.049999,19.969999,20.02,173200,18.896013
2014-11-25,19.950001,20.00,19.950001,19.959999,149000,18.83938
2014-11-24,20.00,20.030001,19.950001,19.950001,181500,18.829943
2014-11-21,19.98,20.040001,19.950001,19.99,279600,18.867697
2014-11-20,19.889999,19.98,19.889999,19.940001,159300,18.820505
2014-11-19,19.84,19.93,19.83,19.85,183900,18.735557
2014-11-18,19.860001,20.00,19.84,19.879999,207800,18.763872
2014-11-17,19.98,20.00,19.809999,19.860001,291200,18.744996
2014-11-14,20.00,20.030001,19.98,20.00,169400,18.877136
2014-11-13,20.08,20.10,20.00,20.030001,175800,18.905452
2014-11-12,20.09,20.10,20.02,20.040001,199500,18.914891
2014-11-11,20.08,20.16,20.08,20.110001,142100,18.905453
2014-11-10,20.129999,20.190001,20.07,20.08,148900,18.877249
2014-11-07,20.139999,20.15,20.08,20.139999,126200,18.933655
2014-11-06,20.07,20.129999,20.00,20.129999,209900,18.924253
2014-11-05,20.110001,20.15,20.07,20.07,142600,18.867848
2014-11-04,20.15,20.190001,20.09,20.129999,142000,18.924253
2014-11-03,20.18,20.219999,20.15,20.18,140600,18.971259
2014-10-31,20.200001,20.219999,20.139999,20.15,141100,18.943056
2014-10-30,20.18,20.25,20.110001,20.219999,142200,19.008863
2014-10-29,20.120001,20.219999,20.110001,20.16,156300,18.952457
2014-10-28,20.110001,20.17,20.110001,20.15,194300,18.943056
2014-10-27,20.18,20.200001,20.09,20.129999,166000,18.924253
2014-10-24,20.200001,20.209999,20.09,20.16,143100,18.952457
2014-10-23,20.15,20.190001,20.09,20.139999,170200,18.933655
2014-10-22,20.200001,20.200001,20.110001,20.18,100300,18.971259
2014-10-21,20.209999,20.219999,20.08,20.190001,193900,18.980661
2014-10-20,20.25,20.25,20.17,20.209999,85600,18.999461
2014-10-17,20.200001,20.280001,20.15,20.18,171000,18.971259
2014-10-16,20.07,20.209999,20.059999,20.16,209000,18.952457
2014-10-15,20.00,20.15,19.99,20.07,261600,18.867848
2014-10-14,19.98,20.030001,19.940001,19.99,176400,18.79264
2014-10-13,20.00,20.059999,19.969999,20.02,111600,18.820843
2014-10-10,19.98,20.030001,19.93,19.98,197800,18.783238
2014-10-09,20.059999,20.16,19.98,20.01,167700,18.736233
2014-10-08,19.99,20.09,19.98,20.040001,107200,18.764324
2014-10-07,19.90,20.01,19.90,19.99,129200,18.717506
2014-10-06,19.879999,20.00,19.879999,19.940001,92800,18.67069
2014-10-03,19.860001,19.90,19.84,19.870001,101200,18.605146
2014-10-02,19.91,19.940001,19.860001,19.860001,184700,18.595782
2014-10-01,19.84,19.950001,19.84,19.90,158000,18.633235
2014-09-30,19.700001,19.91,19.68,19.870001,315700,18.605146
2014-09-29,19.60,19.719999,19.59,19.709999,147400,18.455329
2014-09-26,19.620001,19.66,19.549999,19.610001,123300,18.361696
2014-09-25,19.549999,19.610001,19.549999,19.59,152000,18.342969
2014-09-24,19.530001,19.60,19.52,19.549999,170600,18.305515
2014-09-23,19.49,19.620001,19.49,19.549999,236200,18.305515
2014-09-22,19.58,19.620001,19.49,19.50,231700,18.258698
2014-09-19,19.58,19.629999,19.530001,19.610001,212700,18.361696
2014-09-18,19.559999,19.58,19.51,19.57,155000,18.324242
2014-09-17,19.549999,19.629999,19.51,19.530001,218000,18.286789
2014-09-16,19.50,19.58,19.49,19.530001,200400,18.286789
2014-09-15,19.65,19.719999,19.59,19.60,141500,18.352333
2014-09-12,19.690001,19.700001,19.629999,19.66,235700,18.408513
2014-09-11,19.799999,19.85,19.75,19.75,122100,18.492784
2014-09-10,19.809999,19.879999,19.780001,19.870001,143400,18.530239
2014-09-09,19.84,19.879999,19.809999,19.860001,83400,18.520913
2014-09-08,19.879999,19.889999,19.809999,19.879999,167600,18.539563
2014-09-05,19.90,19.969999,19.799999,19.82,226700,18.483609
2014-09-04,19.92,19.959999,19.83,19.83,213200,18.492935
2014-09-03,19.950001,20.02,19.940001,19.950001,156900,18.604844
2014-09-02,19.969999,20.01,19.91,19.98,133900,18.63282
2014-08-29,20.01,20.07,19.940001,20.00,242800,18.651472
2014-08-28,20.01,20.049999,19.99,20.00,166600,18.651472
2014-08-27,20.059999,20.10,19.969999,20.00,143800,18.651472
2014-08-26,19.879999,20.00,19.870001,20.00,187300,18.651472
2014-08-25,19.85,19.940001,19.84,19.90,226800,18.558215
2014-08-22,19.790001,19.879999,19.790001,19.83,111200,18.492935
2014-08-21,19.84,19.950001,19.799999,19.799999,259400,18.464957
2014-08-20,19.98,20.00,19.84,19.860001,221100,18.520913
2014-08-19,20.00,20.10,19.93,19.959999,229000,18.614169
2014-08-18,20.049999,20.18,19.98,20.00,156300,18.651472
2014-08-15,19.91,20.040001,19.91,20.030001,121100,18.67945
2014-08-14,19.91,19.969999,19.879999,19.90,113600,18.558215
2014-08-13,19.83,19.959999,19.780001,19.91,122600,18.567541
2014-08-12,19.889999,19.969999,19.780001,19.85,99000,18.436981
2014-08-11,19.82,19.950001,19.82,19.889999,133200,18.474132
2014-08-08,19.809999,19.90,19.77,19.82,117000,18.409116
2014-08-07,19.700001,19.809999,19.690001,19.790001,145200,18.381252
2014-08-06,19.620001,19.77,19.549999,19.629999,167300,18.23264
2014-08-05,19.51,19.620001,19.50,19.59,199800,18.195488
2014-08-04,19.610001,19.66,19.51,19.58,103000,18.1862
2014-08-01,19.58,19.68,19.57,19.65,131900,18.251217
2014-07-31,19.49,19.60,19.41,19.57,205300,18.176912
2014-07-30,19.77,19.790001,19.549999,19.60,158100,18.204777
2014-07-29,19.90,19.92,19.799999,19.809999,199300,18.399827
2014-07-28,19.82,19.879999,19.790001,19.85,247500,18.436981
2014-07-25,19.74,19.860001,19.68,19.860001,274000,18.446269
2014-07-24,19.610001,19.690001,19.559999,19.65,181700,18.251217
2014-07-23,19.700001,19.709999,19.60,19.639999,157300,18.241929
2014-07-22,19.620001,19.690001,19.59,19.60,185900,18.204777
2014-07-21,19.629999,19.709999,19.60,19.60,147500,18.204777
2014-07-18,19.559999,19.66,19.559999,19.60,159400,18.204777
2014-07-17,19.469999,19.629999,19.450001,19.629999,192300,18.23264
2014-07-16,19.33,19.43,19.299999,19.42,229200,18.03759
2014-07-15,19.34,19.379999,19.309999,19.33,166800,17.953996
2014-07-14,19.50,19.50,19.290001,19.309999,209400,17.93542
2014-07-11,19.379999,19.51,19.379999,19.48,131200,18.093318
2014-07-10,19.50,19.540001,19.450001,19.469999,190300,18.009725
2014-07-09,19.43,19.549999,19.309999,19.52,320900,18.055976
2014-07-08,19.360001,19.43,19.35,19.43,239300,17.972726
2014-07-07,19.26,19.42,19.200001,19.280001,620100,17.833977
2014-07-03,19.389999,19.40,19.17,19.33,536700,17.880226
2014-07-02,20.15,20.209999,19.51,19.51,1595600,18.046726
2014-07-01,20.33,20.389999,20.309999,20.34,160700,18.814475
2014-06-30,20.219999,20.32,20.219999,20.309999,146300,18.786724
2014-06-27,20.209999,20.26,20.17,20.23,100900,18.712724
2014-06-26,20.09,20.209999,20.07,20.110001,81300,18.601726
2014-06-25,20.059999,20.129999,20.030001,20.049999,126900,18.546224
2014-06-24,20.01,20.059999,19.99,20.030001,158600,18.527726
2014-06-23,20.00,20.00,19.92,20.00,97700,18.499975
2014-06-20,19.889999,19.98,19.85,19.98,119500,18.481475
2014-06-19,19.93,19.969999,19.77,19.83,268900,18.342725
2014-06-18,19.82,19.950001,19.809999,19.93,237300,18.435226
2014-06-17,19.959999,20.02,19.75,19.860001,208100,18.370476
2014-06-16,20.040001,20.10,19.950001,19.950001,128400,18.453726
2014-06-13,20.07,20.07,20.00,20.049999,92900,18.546224
2014-06-12,20.01,20.129999,20.01,20.10,129700,18.592475
2014-06-11,20.129999,20.139999,20.07,20.08,155700,18.487024
2014-06-10,20.129999,20.15,20.02,20.129999,169600,18.533057
2014-06-09,20.030001,20.120001,19.99,20.110001,174200,18.514645
2014-06-06,20.139999,20.139999,19.99,20.02,192900,18.431785
2014-06-05,19.99,20.10,19.99,20.02,193200,18.431785
2014-06-04,20.299999,20.33,20.030001,20.030001,205200,18.440992
2014-06-03,20.370001,20.43,20.290001,20.290001,140300,18.680366
2014-06-02,20.49,20.49,20.370001,20.40,154800,18.781638
2014-05-30,20.43,20.469999,20.370001,20.469999,206100,18.846084
2014-05-29,20.379999,20.459999,20.35,20.40,140900,18.781638
2014-05-28,20.33,20.360001,20.26,20.32,135600,18.707985
2014-05-27,20.299999,20.299999,20.209999,20.280001,145500,18.671159
2014-05-23,20.290001,20.299999,20.190001,20.25,106200,18.643538
2014-05-22,20.18,20.309999,20.15,20.23,260200,18.625124
2014-05-21,20.200001,20.23,20.129999,20.190001,263500,18.588298
2014-05-20,20.24,20.24,20.190001,20.24,111300,18.634331
2014-05-19,20.139999,20.23,20.139999,20.200001,143700,18.597505
2014-05-16,20.16,20.24,20.16,20.17,121700,18.569885
2014-05-15,20.09,20.18,20.09,20.16,147400,18.560678
2014-05-14,20.00,20.07,19.98,20.02,278800,18.431785
2014-05-13,20.02,20.02,19.969999,19.98,152300,18.394957
2014-05-12,20.129999,20.15,20.040001,20.07,163900,18.391275
2014-05-09,20.16,20.16,20.059999,20.07,261400,18.391275
2014-05-08,20.10,20.17,20.09,20.129999,105100,18.446256
2014-05-07,20.110001,20.15,20.059999,20.09,144200,18.409602
2014-05-06,20.110001,20.15,20.049999,20.10,109400,18.418766
2014-05-05,20.200001,20.219999,20.049999,20.059999,129900,18.382111
2014-05-02,20.049999,20.18,20.02,20.16,144100,18.473747
2014-05-01,20.030001,20.190001,20.030001,20.09,203600,18.409602
2014-04-30,19.90,20.00,19.90,20.00,137100,18.32713
2014-04-29,19.940001,19.969999,19.82,19.90,163200,18.235494
2014-04-28,19.879999,20.00,19.83,19.950001,166100,18.281313
2014-04-25,19.860001,19.92,19.83,19.90,102700,18.235494
2014-04-24,19.83,19.92,19.790001,19.860001,278300,18.198841
2014-04-23,19.76,19.889999,19.76,19.83,146100,18.171349
2014-04-22,19.77,19.83,19.690001,19.82,118000,18.162186
2014-04-21,19.51,19.709999,19.50,19.690001,173600,18.04306
2014-04-17,19.60,19.60,19.469999,19.48,215000,17.850624
2014-04-16,19.50,19.60,19.48,19.59,177300,17.951424
2014-04-15,19.370001,19.50,19.370001,19.49,137600,17.859788
2014-04-14,19.35,19.42,19.35,19.389999,130600,17.768152
2014-04-11,19.43,19.440001,19.299999,19.34,138000,17.722335
2014-04-10,19.389999,19.43,19.360001,19.389999,137700,17.682015
2014-04-09,19.26,19.379999,19.23,19.32,125900,17.618181
2014-04-08,19.16,19.27,19.16,19.25,116700,17.554348
2014-04-07,19.110001,19.24,19.10,19.190001,142700,17.499633
2014-04-04,19.02,19.15,19.02,19.15,157600,17.463156
2014-04-03,19.02,19.040001,18.969999,19.01,109900,17.335489
2014-04-02,18.98,18.99,18.889999,18.969999,173000,17.299011
2014-04-01,19.07,19.10,18.969999,19.00,232500,17.326369
2014-03-31,19.049999,19.10,18.98,19.08,159600,17.399322
2014-03-28,19.040001,19.120001,19.01,19.030001,169800,17.353727
2014-03-27,18.879999,19.059999,18.879999,19.040001,171800,17.362847
2014-03-26,18.889999,19.01,18.889999,18.950001,156600,17.280774
2014-03-25,18.92,18.93,18.860001,18.91,140600,17.244297
2014-03-24,18.84,18.92,18.83,18.90,194000,17.235177
2014-03-21,18.82,18.90,18.780001,18.82,136900,17.162224
2014-03-20,18.82,18.870001,18.76,18.82,169500,17.162224
2014-03-19,19.059999,19.10,18.889999,18.940001,189600,17.271655
2014-03-18,19.01,19.10,18.99,19.09,139100,17.408442
2014-03-17,19.00,19.07,18.99,19.049999,127800,17.371964
2014-03-14,18.940001,18.959999,18.91,18.940001,103300,17.271655
2014-03-13,18.809999,18.969999,18.799999,18.950001,137900,17.280774
2014-03-12,18.76,18.84,18.73,18.82,145900,17.162224
2014-03-11,18.799999,18.92,18.74,18.790001,154500,17.049148
2014-03-10,18.799999,18.860001,18.799999,18.799999,173500,17.05822
2014-03-07,18.889999,18.90,18.77,18.799999,226000,17.05822
2014-03-06,19.16,19.16,18.91,18.959999,348800,17.203396
2014-03-05,19.15,19.190001,19.10,19.17,184600,17.393941
2014-03-04,19.16,19.18,19.059999,19.10,155400,17.330426
2014-03-03,19.10,19.18,19.049999,19.18,205000,17.403015
2014-02-28,19.049999,19.16,19.030001,19.049999,141000,17.285058
2014-02-27,18.98,19.049999,18.950001,19.02,142400,17.257838
2014-02-26,18.77,19.030001,18.77,18.99,181000,17.230617
2014-02-25,18.809999,18.870001,18.76,18.82,268300,17.076367
2014-02-24,19.040001,19.040001,18.75,18.84,175100,17.094515
2014-02-21,18.950001,19.02,18.91,19.00,149700,17.239691
2014-02-20,18.92,18.98,18.879999,18.959999,135600,17.203396
2014-02-19,19.00,19.040001,18.879999,18.90,204600,17.148955
2014-02-18,19.030001,19.09,18.950001,18.959999,225500,17.203396
2014-02-14,18.93,19.059999,18.889999,19.030001,260400,17.266912
2014-02-13,18.879999,18.969999,18.83,18.969999,242500,17.21247
2014-02-12,18.93,18.93,18.719999,18.879999,252100,17.130808
2014-02-11,18.77,18.99,18.77,18.959999,268100,17.118105
2014-02-10,18.77,18.860001,18.77,18.809999,157500,16.982677
2014-02-07,18.610001,18.76,18.60,18.76,174000,16.937535
2014-02-06,18.73,18.73,18.59,18.60,152900,16.793079
2014-02-05,18.66,18.709999,18.559999,18.709999,165200,16.892391
2014-02-04,18.709999,18.780001,18.629999,18.639999,214500,16.829192
2014-02-03,18.719999,18.780001,18.67,18.75,224500,16.928506
2014-01-31,18.66,18.719999,18.620001,18.639999,219800,16.829192
2014-01-30,18.75,18.790001,18.629999,18.65,227100,16.838221
2014-01-29,18.76,18.84,18.67,18.75,427300,16.928506
2014-01-28,18.67,18.74,18.610001,18.74,263800,16.919478
2014-01-27,18.610001,18.690001,18.559999,18.620001,399900,16.811136
2014-01-24,18.67,18.690001,18.559999,18.65,339800,16.838221
2014-01-23,18.530001,18.639999,18.49,18.629999,312400,16.820163
2014-01-22,18.50,18.549999,18.49,18.50,331700,16.702793
2014-01-21,18.34,18.50,18.34,18.469999,391800,16.675707
2014-01-17,18.26,18.379999,18.25,18.360001,395200,16.576394
2014-01-16,18.02,18.219999,18.02,18.17,319000,16.404851
2014-01-15,17.98,18.07,17.969999,18.02,337700,16.269424
2014-01-14,17.90,18.00,17.879999,18.00,268500,16.251366
2014-01-13,17.90,18.09,17.870001,17.959999,409200,16.215251
2014-01-10,17.799999,18.030001,17.77,17.92,269200,16.09427
2014-01-09,17.73,17.780001,17.700001,17.75,301800,15.94159
2014-01-08,17.549999,17.77,17.530001,17.76,262200,15.950571
2014-01-07,17.68,17.809999,17.610001,17.610001,346400,15.815854
2014-01-06,17.59,17.709999,17.42,17.66,359600,15.860759
2014-01-03,17.48,17.60,17.35,17.58,264100,15.788909
2014-01-02,17.120001,17.51,17.02,17.43,373500,15.654192
2013-12-31,17.10,17.200001,16.959999,17.120001,1264400,15.375776
2013-12-30,17.15,17.290001,17.030001,17.129999,1135300,15.384756
2013-12-27,17.059999,17.290001,17.059999,17.18,664200,15.429663
2013-12-26,17.219999,17.27,17.08,17.129999,646900,15.384756
2013-12-24,17.40,17.40,17.219999,17.290001,343300,15.528456
2013-12-23,17.700001,17.809999,17.290001,17.469999,932600,15.690116
2013-12-20,17.68,17.84,17.549999,17.66,986700,15.860759
2013-12-19,17.25,17.76,17.200001,17.74,1264400,15.932608
2013-12-18,17.00,17.290001,16.969999,17.27,1349900,15.510493
2013-12-17,16.559999,17.00,16.559999,17.00,936900,15.268001
2013-12-16,16.67,16.690001,16.530001,16.59,791400,14.899773
2013-12-13,16.58,16.60,16.49,16.549999,666400,14.863848
2013-12-12,16.52,16.629999,16.52,16.60,670700,14.908755
2013-12-11,16.60,16.639999,16.51,16.540001,680200,14.854868
2013-12-10,16.700001,16.799999,16.57,16.66,753100,14.878218
2013-12-09,16.52,16.83,16.51,16.76,930100,14.967523
2013-12-06,16.530001,16.59,16.469999,16.540001,638000,14.771053
2013-12-05,16.52,16.629999,16.50,16.52,659400,14.753192
2013-12-04,16.60,16.66,16.51,16.57,581300,14.797843
2013-12-03,16.65,16.719999,16.60,16.610001,544600,14.833566
2013-12-02,16.700001,16.76,16.58,16.620001,629000,14.842497
2013-11-29,16.68,16.74,16.639999,16.700001,194500,14.913941
2013-11-27,16.68,16.75,16.629999,16.68,431600,14.896079
2013-11-26,16.700001,16.790001,16.639999,16.690001,573300,14.90501
2013-11-25,16.73,16.780001,16.559999,16.68,791200,14.896079
2013-11-22,16.870001,16.879999,16.700001,16.75,563800,14.958593
2013-11-21,16.889999,16.93,16.799999,16.860001,457000,15.056829
2013-11-20,16.84,16.969999,16.84,16.90,388100,15.09255
2013-11-19,16.950001,17.00,16.809999,16.84,482700,15.038967
2013-11-18,17.01,17.16,16.889999,16.940001,474800,15.128273
2013-11-15,16.959999,17.040001,16.870001,17.01,377500,15.190786
2013-11-14,16.940001,17.030001,16.82,16.940001,418000,15.128273
2013-11-13,16.90,17.030001,16.77,16.93,523000,15.119342
2013-11-12,17.00,17.08,16.870001,16.969999,450400,15.071117
2013-11-11,17.07,17.139999,16.99,17.00,269800,15.09776
2013-11-08,17.219999,17.280001,16.98,17.08,524900,15.168808
2013-11-07,17.32,17.379999,17.25,17.32,273300,15.381953
2013-11-06,17.40,17.43,17.190001,17.35,410100,15.408597
2013-11-05,17.43,17.469999,17.309999,17.309999,325200,15.373072
2013-11-04,17.540001,17.690001,17.42,17.469999,396300,15.515168
2013-11-01,17.700001,17.76,17.49,17.52,266600,15.559575
2013-10-31,17.74,17.85,17.559999,17.639999,348900,15.666146
2013-10-30,17.860001,17.870001,17.700001,17.780001,288400,15.790482
2013-10-29,17.90,17.92,17.709999,17.809999,272100,15.817124
2013-10-28,17.93,18.01,17.860001,17.940001,244300,15.932578
2013-10-25,17.75,18.00,17.700001,17.969999,193600,15.95922
2013-10-24,17.629999,17.809999,17.540001,17.77,264400,15.7816
2013-10-23,17.49,17.66,17.49,17.57,310200,15.603979
2013-10-22,17.57,17.65,17.450001,17.49,383900,15.532931
2013-10-21,17.709999,17.74,17.450001,17.50,332000,15.541812
2013-10-18,17.809999,17.90,17.620001,17.65,249000,15.675027
2013-10-17,17.559999,17.74,17.49,17.74,293000,15.754957
2013-10-16,17.67,17.67,17.40,17.559999,311100,15.595098
2013-10-15,17.809999,17.83,17.540001,17.559999,432300,15.595098
2013-10-14,18.00,18.00,17.75,17.780001,280500,15.790482
2013-10-11,18.07,18.139999,18.00,18.02,208400,16.003626
2013-10-10,18.209999,18.25,18.17,18.17,292400,16.053359
2013-10-09,18.17,18.33,18.17,18.18,192700,16.062195
2013-10-08,18.190001,18.24,18.17,18.17,204200,16.053359
2013-10-07,18.18,18.290001,18.17,18.17,232700,16.053359
2013-10-04,18.23,18.27,18.17,18.190001,178900,16.07103
2013-10-03,18.32,18.35,18.200001,18.209999,170400,16.088699
2013-10-02,18.18,18.42,17.85,18.32,222000,16.185885
2013-10-01,18.190001,18.25,18.15,18.209999,175000,16.088699
2013-09-30,18.07,18.290001,17.91,18.16,233700,16.044524
2013-09-27,18.049999,18.120001,17.950001,18.120001,218700,16.009185
2013-09-26,17.940001,18.10,17.93,18.07,262700,15.965008
2013-09-25,17.879999,18.030001,17.870001,17.879999,264800,15.797141
2013-09-24,17.879999,17.950001,17.700001,17.879999,448400,15.797141
2013-09-23,17.68,17.940001,17.629999,17.889999,351800,15.805976
2013-09-20,17.709999,17.870001,17.58,17.700001,320900,15.638111
2013-09-19,17.76,17.93,17.389999,17.639999,347500,15.585099
2013-09-18,17.450001,17.91,17.32,17.700001,332200,15.638111
2013-09-17,17.18,17.469999,17.139999,17.370001,298200,15.346553
2013-09-16,17.32,17.43,17.120001,17.139999,325000,15.143344
2013-09-13,17.200001,17.27,17.120001,17.17,282200,15.16985
2013-09-12,17.27,17.370001,17.10,17.26,276500,15.249366
2013-09-11,17.299999,17.43,17.280001,17.32,183500,15.219327
2013-09-10,17.34,17.52,17.129999,17.280001,240700,15.184179
2013-09-09,17.450001,17.66,17.360001,17.370001,210000,15.263263
2013-09-06,17.299999,17.42,17.200001,17.41,133700,15.298411
2013-09-05,17.219999,17.379999,17.200001,17.219999,208600,15.131455
2013-09-04,17.18,17.40,17.09,17.299999,251800,15.201752
2013-09-03,17.26,17.27,17.059999,17.24,230000,15.14903
2013-08-30,17.25,17.27,17.10,17.139999,200100,15.061158
2013-08-29,17.299999,17.40,17.110001,17.309999,246400,15.210539
2013-08-28,17.379999,17.60,17.379999,17.40,197700,15.289624
2013-08-27,17.60,17.700001,17.40,17.450001,299000,15.33356
2013-08-26,17.60,17.77,17.549999,17.74,253600,15.588387
2013-08-23,17.440001,17.74,17.42,17.629999,225600,15.491728
2013-08-22,17.040001,17.639999,17.00,17.50,272700,15.377495
2013-08-21,17.120001,17.209999,16.98,17.01,340800,14.946926
2013-08-20,17.01,17.43,16.98,17.07,295400,14.999648
2013-08-19,17.360001,17.40,16.879999,16.98,434000,14.920564
2013-08-16,17.73,17.74,17.27,17.33,256300,15.228114
2013-08-15,17.85,17.90,17.52,17.719999,316500,15.570812
2013-08-14,17.90,18.129999,17.90,17.90,292900,15.728981
2013-08-13,18.32,18.32,17.90,17.91,372400,15.737768
2013-08-12,18.299999,18.59,18.27,18.50,165000,16.173611
2013-08-09,18.41,18.559999,18.32,18.34,190200,16.033731
2013-08-08,18.389999,18.639999,18.35,18.42,157600,16.103671
2013-08-07,18.209999,18.49,18.200001,18.41,200500,16.094928
2013-08-06,18.200001,18.299999,18.059999,18.280001,208700,15.981276
2013-08-05,18.360001,18.50,18.209999,18.26,200900,15.963791
2013-08-02,18.25,18.35,18.16,18.309999,234600,16.007503
2013-08-01,18.58,18.58,18.15,18.18,307500,15.893851
2013-07-31,18.65,18.65,18.299999,18.42,338500,16.103671
2013-07-30,18.690001,18.870001,18.620001,18.74,192400,16.38343
2013-07-29,18.74,18.860001,18.52,18.620001,76800,16.278521
2013-07-26,18.639999,18.90,18.639999,18.870001,174500,16.497084
2013-07-25,18.60,18.67,18.450001,18.60,260000,16.261036
2013-07-24,18.82,18.860001,18.42,18.709999,284600,16.357202
2013-07-23,18.59,18.92,18.530001,18.84,282000,16.470855
2013-07-22,18.85,19.00,18.60,18.610001,422300,16.269779
2013-07-19,18.959999,19.00,18.65,18.75,251900,16.392173
2013-07-18,19.10,19.16,18.889999,19.07,245900,16.671932
2013-07-17,19.299999,19.50,19.049999,19.07,224200,16.671932
2013-07-16,19.15,19.200001,18.85,19.040001,334100,16.645706
2013-07-15,19.65,19.700001,19.15,19.17,235800,16.759358
2013-07-12,19.51,19.77,19.309999,19.68,181300,17.205225
2013-07-11,19.459999,19.59,19.309999,19.40,206100,16.960435
2013-07-10,19.870001,19.870001,19.34,19.370001,220300,16.852029
2013-07-09,19.549999,19.780001,19.40,19.67,160700,17.11303
2013-07-08,19.60,19.91,19.48,19.59,223600,17.04343
2013-07-05,19.59,19.700001,19.25,19.59,208500,17.04343
2013-07-03,19.969999,20.02,19.75,19.75,93000,17.182631
2013-07-02,20.15,20.27,19.75,20.01,293700,17.408833
2013-07-01,19.780001,20.200001,19.60,20.18,492500,17.556734
2013-06-28,19.10,19.540001,18.90,19.469999,423400,16.939028
2013-06-27,18.799999,19.10,18.700001,19.01,626100,16.538826
2013-06-26,19.01,19.200001,18.530001,18.65,804500,16.225623
2013-06-25,18.76,18.950001,18.299999,18.83,577600,16.382225
2013-06-24,19.51,19.60,18.41,18.59,773100,16.173423
2013-06-21,19.879999,20.00,19.42,19.719999,314000,17.15653
2013-06-20,19.90,20.00,19.60,19.870001,511100,17.287032
2013-06-19,20.17,20.379999,20.01,20.01,409000,17.408833
2013-06-18,20.549999,20.620001,20.25,20.290001,350000,17.652435
2013-06-17,20.959999,21.17,20.59,20.620001,243700,17.939537
2013-06-14,20.719999,21.07,20.60,20.92,299900,18.200539
2013-06-13,20.809999,20.91,20.60,20.65,369700,17.965636
2013-06-12,21.25,21.25,20.67,20.91,49000,18.191838
2013-06-11,21.290001,21.549999,21.10,21.309999,335500,18.458059
2013-06-10,21.16,21.49,21.02,21.49,536100,18.61397
2013-06-07,21.139999,21.23,21.00,21.059999,217900,18.241517
2013-06-06,20.780001,21.18,20.780001,21.129999,212400,18.302148
2013-06-05,20.84,21.00,20.40,20.879999,478400,18.085606
2013-06-04,20.91,21.139999,20.700001,20.799999,554600,18.016313
2013-06-03,21.299999,21.299999,20.90,20.93,373600,18.128916
2013-05-31,21.620001,21.639999,20.959999,21.15,343100,18.319472
2013-05-30,21.620001,21.84,21.450001,21.50,273000,18.622632
2013-05-29,21.940001,21.940001,21.530001,21.66,291400,18.761219
2013-05-28,22.23,22.23,21.879999,21.91,332100,18.977761
2013-05-24,22.200001,22.33,22.08,22.18,164200,19.211627
2013-05-23,22.49,22.549999,22.139999,22.33,305700,19.341552
2013-05-22,22.709999,22.799999,22.52,22.52,230900,19.506124
2013-05-21,22.780001,22.85,22.67,22.780001,147900,19.731329
2013-05-20,22.879999,22.940001,22.76,22.780001,161900,19.731329
2013-05-17,22.90,22.99,22.77,22.780001,134600,19.731329
2013-05-16,22.92,22.99,22.77,22.809999,161000,19.757313
2013-05-15,22.82,23.059999,22.77,23.01,209400,19.930547
2013-05-14,22.65,22.889999,22.639999,22.82,178000,19.765974
2013-05-13,23.00,23.02,22.700001,22.700001,180800,19.662035
2013-05-10,23.120001,23.17,22.889999,23.040001,135800,19.870783
2013-05-09,22.98,23.25,22.98,23.120001,109400,19.939779
2013-05-08,23.059999,23.129999,22.959999,23.01,161400,19.844909
2013-05-07,23.02,23.200001,23.01,23.09,166400,19.913905
2013-05-06,23.16,23.23,23.059999,23.08,114100,19.90528
2013-05-03,23.110001,23.26,23.01,23.200001,179900,20.008774
2013-05-02,23.07,23.299999,23.02,23.25,141700,20.051896
2013-05-01,22.809999,23.059999,22.799999,22.91,168100,19.758664
2013-04-30,22.66,22.809999,22.66,22.799999,104200,19.663794
2013-04-29,22.52,22.690001,22.52,22.67,161600,19.551677
2013-04-26,22.299999,22.58,22.299999,22.540001,133500,19.439559
2013-04-25,22.41,22.48,22.17,22.27,372600,19.206698
2013-04-24,22.60,22.690001,22.370001,22.40,280300,19.318816
2013-04-23,22.620001,22.780001,22.58,22.620001,250300,19.508555
2013-04-22,22.59,22.709999,22.50,22.58,171400,19.474056
2013-04-19,22.73,22.74,22.58,22.58,144500,19.474056
2013-04-18,22.809999,22.91,22.66,22.709999,127800,19.586174
2013-04-17,22.709999,22.82,22.549999,22.809999,130500,19.672419
2013-04-16,22.879999,22.969999,22.68,22.719999,132800,19.594798
2013-04-15,22.90,23.10,22.75,22.780001,129500,19.646547
2013-04-12,22.809999,23.16,22.74,22.90,40600,19.750039
2013-04-11,23.280001,23.280001,22.860001,22.99,36600,19.82766
2013-04-10,23.120001,23.35,23.02,23.290001,110400,20.001013
2013-04-09,23.139999,23.18,22.950001,23.07,142700,19.81208
2013-04-08,23.10,23.440001,23.02,23.09,160100,19.829256
2013-04-05,22.969999,23.469999,22.90,23.01,190200,19.760553
2013-04-04,22.90,22.98,22.780001,22.98,108500,19.734789
2013-04-03,22.809999,22.90,22.65,22.77,161100,19.554446
2013-04-02,22.73,22.959999,22.620001,22.93,128900,19.691851
2013-04-01,23.049999,23.049999,22.60,22.719999,137500,19.511506
2013-03-28,22.440001,23.040001,22.32,23.040001,161700,19.786317
2013-03-27,22.73,22.73,22.299999,22.33,177800,19.176582
2013-03-26,22.370001,22.67,22.35,22.48,179500,19.305399
2013-03-25,22.58,22.58,22.15,22.309999,294900,19.159406
2013-03-22,22.65,22.73,22.450001,22.610001,150400,19.417041
2013-03-21,22.719999,22.98,22.50,22.59,189800,19.399865
2013-03-20,22.66,22.92,22.530001,22.780001,144300,19.563034
2013-03-19,22.790001,22.90,22.40,22.530001,230600,19.348339
2013-03-18,22.360001,22.92,22.360001,22.85,159900,19.623148
2013-03-15,22.40,22.67,21.98,22.52,413700,19.339751
2013-03-14,23.200001,23.440001,22.190001,22.58,383200,19.391277
2013-03-13,23.52,23.52,23.059999,23.219999,34200,19.940897
2013-03-12,23.309999,23.93,23.309999,23.51,103600,20.104924
2013-03-11,23.700001,23.700001,23.389999,23.41,126300,20.019407
2013-03-08,23.77,23.879999,23.66,23.700001,117600,20.267406
2013-03-07,23.809999,24.00,23.74,23.75,114100,20.310163
2013-03-06,23.950001,24.02,23.809999,23.83,108300,20.378576
2013-03-05,23.85,24.030001,23.809999,23.82,85700,20.370024
2013-03-04,24.00,24.00,23.799999,23.82,91100,20.370024
2013-03-01,23.719999,23.99,23.51,23.90,124600,20.438438
2013-02-28,23.450001,23.75,23.40,23.57,93000,20.156233
2013-02-27,23.370001,23.610001,23.26,23.50,139000,20.096372
2013-02-26,23.549999,23.629999,23.190001,23.360001,226800,19.976649
2013-02-25,23.549999,23.60,23.35,23.469999,139200,20.070716
2013-02-22,23.559999,23.65,23.440001,23.52,180600,20.113476
2013-02-21,23.610001,23.799999,23.50,23.549999,200300,20.13913
2013-02-20,23.76,23.809999,23.59,23.65,182100,20.224646
2013-02-19,23.969999,23.969999,23.67,23.870001,126800,20.412784
2013-02-15,23.76,23.84,23.59,23.780001,161500,20.335819
2013-02-14,24.02,24.09,23.700001,23.879999,205100,20.421334
2013-02-13,24.139999,24.25,23.950001,23.99,150400,20.515403
2013-02-12,24.23,24.370001,24.200001,24.24,147500,20.644533
2013-02-11,24.299999,24.35,24.209999,24.34,79800,20.729701
2013-02-08,24.370001,24.469999,24.200001,24.25,115800,20.65305
2013-02-07,24.24,24.49,24.18,24.41,95100,20.789318
2013-02-06,24.110001,24.24,24.040001,24.23,86700,20.636016
2013-02-05,23.889999,24.16,23.860001,24.059999,134700,20.491232
2013-02-04,24.049999,24.110001,23.77,23.799999,144900,20.269797
2013-02-01,24.17,24.219999,23.950001,24.00,105800,20.440132
2013-01-31,24.00,24.18,23.76,23.93,148800,20.380515
2013-01-30,23.90,24.02,23.799999,23.91,120000,20.363482
2013-01-29,24.049999,24.190001,23.82,23.91,156100,20.363482
2013-01-28,24.08,24.17,23.76,24.02,232300,20.457166
2013-01-25,24.190001,24.33,24.059999,24.190001,115200,20.60195
2013-01-24,24.35,24.35,24.030001,24.309999,160800,20.70415
2013-01-23,24.15,24.299999,23.950001,24.290001,127900,20.687118
2013-01-22,24.50,24.65,24.00,24.129999,160600,20.550849
2013-01-18,24.60,24.700001,24.469999,24.469999,113800,20.840417
2013-01-17,24.639999,24.690001,24.50,24.57,89700,20.925585
2013-01-16,24.450001,24.67,24.450001,24.559999,132900,20.917068
2013-01-15,24.67,24.700001,24.450001,24.540001,102700,20.900036
2013-01-14,24.60,24.700001,24.530001,24.60,112000,20.951136
2013-01-11,24.629999,24.700001,24.49,24.629999,77200,20.976685
2013-01-10,24.67,24.700001,24.41,24.65,126000,20.909403
2013-01-09,24.60,24.809999,24.60,24.65,141300,20.909403
2013-01-08,24.360001,24.59,24.32,24.52,119600,20.799131
2013-01-07,24.32,24.40,24.219999,24.360001,86500,20.66341
2013-01-04,24.00,24.379999,23.84,24.370001,123500,20.671893
2013-01-03,23.85,24.27,23.85,23.959999,171800,20.324109
2013-01-02,23.51,23.83,23.26,23.790001,262500,20.179907
2012-12-31,23.51,23.700001,22.75,23.360001,428100,19.815159
2012-12-28,23.18,23.620001,23.00,23.299999,278400,19.764263
2012-12-27,23.450001,23.49,22.799999,23.049999,655400,19.5522
2012-12-26,23.40,23.719999,23.10,23.52,295600,19.950879
2012-12-24,23.700001,23.99,23.26,23.35,205000,19.806676
2012-12-21,23.799999,24.07,23.200001,23.870001,357900,20.247767
2012-12-20,24.10,24.32,23.799999,23.90,243800,20.273214
2012-12-19,24.60,24.60,24.00,24.120001,203200,20.45983
2012-12-18,24.629999,24.870001,23.950001,24.120001,205400,20.45983
2012-12-17,25.07,25.07,24.459999,24.719999,187200,20.96878
2012-12-14,24.879999,24.99,24.75,24.84,197300,21.070571
2012-12-13,25.07,25.08,24.93,24.93,132600,21.146914
2012-12-12,24.940001,25.08,24.90,25.02,35600,21.223256
2012-12-11,25.01,25.139999,24.98,25.049999,127900,21.164725
2012-12-10,24.940001,25.129999,24.940001,25.08,97600,21.190073
2012-12-07,25.040001,25.059999,24.92,24.940001,120200,21.071787
2012-12-06,25.10,25.209999,24.91,24.99,220200,21.114032
2012-12-05,25.00,25.09,24.99,25.07,139700,21.181624
2012-12-04,25.059999,25.07,24.950001,25.059999,121200,21.173174
2012-12-03,25.18,25.18,24.969999,25.00,133700,21.122481
2012-11-30,25.049999,25.120001,25.02,25.08,72700,21.190073
2012-11-29,25.08,25.129999,25.00,25.00,106000,21.122481
2012-11-28,25.049999,25.10,25.00,25.08,85400,21.190073
2012-11-27,25.059999,25.129999,24.950001,24.969999,179300,21.097133
2012-11-26,25.120001,25.120001,24.98,25.049999,127400,21.164725
2012-11-23,25.09,25.110001,24.93,25.00,37900,21.122481
2012-11-21,25.08,25.15,24.91,24.91,91800,21.04644
2012-11-20,25.10,25.15,24.969999,25.040001,108200,21.156278
2012-11-19,25.09,25.10,24.92,25.030001,133800,21.147828
2012-11-16,24.75,25.08,24.530001,24.93,127700,21.063338
2012-11-15,25.049999,25.049999,24.799999,24.82,79000,20.970399
2012-11-14,25.129999,25.129999,25.00,25.00,143900,21.122481
2012-11-13,25.17,25.17,24.959999,25.110001,125500,21.21542
2012-11-12,25.190001,25.25,25.01,25.18,114100,21.190918
2012-11-09,25.00,25.23,24.91,25.219999,180000,21.22458
2012-11-08,24.790001,25.139999,24.790001,25.01,210600,21.04785
2012-11-07,24.950001,25.10,24.950001,25.040001,144700,21.073098
2012-11-06,24.85,25.00,24.76,25.00,107500,21.039434
2012-11-05,24.860001,24.889999,24.610001,24.809999,123700,20.879534
2012-11-02,24.91,24.92,24.709999,24.799999,76100,20.871118
2012-11-01,24.93,24.950001,24.790001,24.950001,64200,20.997356
2012-10-31,25.00,25.02,24.66,24.83,185800,20.896366
2012-10-26,24.870001,25.00,24.870001,24.92,98800,20.972108
2012-10-25,24.93,25.00,24.85,24.92,100600,20.972108
2012-10-24,25.00,25.030001,24.93,24.959999,113800,21.00577
2012-10-23,24.85,25.00,24.77,25.00,148500,21.039434
2012-10-22,25.00,25.07,24.799999,24.799999,104100,20.871118
2012-10-19,25.049999,25.10,24.950001,25.00,86100,21.039434
2012-10-18,25.01,25.10,24.98,25.059999,74600,21.089928
2012-10-17,25.190001,25.190001,24.99,25.10,133400,21.040277
2012-10-16,25.24,25.25,25.10,25.17,89100,21.098955
2012-10-15,25.10,25.219999,25.049999,25.219999,106800,21.140867
2012-10-12,25.110001,25.23,25.10,25.15,59000,21.082189
2012-10-11,25.00,25.15,25.00,25.139999,92300,21.073806
2012-10-10,25.00,25.139999,25.00,25.07,164900,21.015129
2012-10-09,25.01,25.09,25.00,25.09,134500,21.031894
2012-10-08,25.00,25.10,24.93,25.08,492800,21.023511
2012-10-05,25.34,25.49,25.23,25.40,83000,21.291754
2012-10-04,25.25,25.35,25.200001,25.35,64900,21.249841
2012-10-03,25.35,25.389999,25.16,25.280001,82100,21.191164
2012-10-02,25.16,25.35,25.15,25.35,88300,21.249841
2012-10-01,25.129999,25.290001,25.10,25.23,50100,21.14925
2012-09-28,25.200001,25.27,25.10,25.18,32900,21.107337
2012-09-27,25.190001,25.190001,25.110001,25.15,80600,21.082189
2012-09-26,25.15,25.370001,25.049999,25.200001,47000,21.124103
2012-09-25,25.00,25.35,25.00,25.190001,141700,21.11572
2012-09-24,25.00,25.049999,25.00,25.00,156600,20.956451
2012-09-21,25.00,25.049999,25.00,25.00,68400,20.956451
2012-09-20,25.040001,25.09,25.00,25.01,53400,20.964833
2012-09-19,25.17,25.17,25.049999,25.049999,75900,20.998363
2012-09-18,25.450001,25.450001,25.030001,25.030001,99100,20.981599
2012-09-17,25.040001,25.049999,25.00,25.049999,52600,20.998363
2012-09-14,25.02,25.07,25.00,25.00,77800,20.956451
2012-09-13,25.09,25.10,25.00,25.07,52800,21.015129
2012-09-12,25.08,25.10,25.030001,25.049999,72700,20.998363
2012-09-11,25.049999,25.10,25.01,25.059999,61100,21.006746
2012-09-10,25.08,25.09,25.01,25.040001,69000,20.989982
2012-09-07,25.08,25.10,25.01,25.059999,172800,21.006746
2012-09-06,25.110001,25.110001,25.00,25.030001,94000,20.981599
2012-09-05,25.10,25.10,25.030001,25.09,117500,21.031894
2012-09-04,25.09,25.120001,25.07,25.110001,62800,21.04866
2012-08-31,25.120001,25.15,25.030001,25.049999,62500,20.998363
2012-08-30,25.00,25.120001,25.00,25.10,97100,21.040277
