Date,Open,High,Low,Close,Volume,Adj Close
2016-03-01,149.190002,151.369995,149.00,151.309998,309400,151.309998
2016-02-29,148.669998,150.149994,148.020004,148.059998,439200,148.059998
2016-02-26,150.610001,150.610001,148.380005,148.440002,410400,148.440002
2016-02-25,147.720001,150.649994,147.720001,150.429993,919600,150.429993
2016-02-24,146.399994,148.039993,146.039993,146.690002,405600,146.690002
2016-02-23,147.479996,149.889999,147.149994,147.410004,386700,147.410004
2016-02-22,148.100006,149.440002,147.360001,147.619995,397800,147.619995
2016-02-19,147.300003,148.149994,146.360001,146.899994,1519300,146.899994
2016-02-18,148.339996,151.00,146.429993,148.029999,558300,148.029999
2016-02-17,149.440002,150.539993,147.720001,148.190002,599200,148.190002
2016-02-16,146.199997,148.970001,144.910004,148.910004,578700,148.910004
2016-02-12,147.089996,148.039993,143.660004,144.889999,663300,144.889999
2016-02-11,144.830002,146.210007,144.470001,144.820007,510900,144.820007
2016-02-10,146.00,148.699997,143.710007,146.699997,693900,146.699997
2016-02-09,146.119995,148.440002,145.059998,146.770004,670600,146.770004
2016-02-08,149.080002,149.630005,145.009995,147.240005,486400,147.240005
2016-02-05,150.679993,151.369995,149.850006,150.710007,620800,150.710007
2016-02-04,151.529999,152.839996,150.139999,151.490005,492500,151.490005
2016-02-03,150.970001,152.889999,149.990005,152.339996,620800,152.339996
2016-02-02,152.089996,152.929993,149.029999,150.410004,698200,150.410004
2016-02-01,151.00,153.320007,150.259995,151.979996,953500,151.979996
2016-01-29,148.899994,151.990005,148.020004,150.830002,12223900,150.830002
2016-01-28,148.190002,149.419998,146.50,147.830002,631000,147.830002
2016-01-27,150.050003,150.050003,147.080002,148.089996,609400,148.089996
2016-01-26,148.889999,150.490005,148.559998,150.149994,887200,150.149994
2016-01-25,149.279999,150.529999,147.089996,148.860001,908100,148.860001
2016-01-22,147.479996,151.240005,146.75,150.289993,361000,150.289993
2016-01-21,146.25,148.139999,144.970001,145.720001,476800,145.720001
2016-01-20,147.220001,147.830002,141.809998,145.509995,457200,145.509995
2016-01-19,147.25,149.300003,147.119995,148.339996,500600,148.339996
2016-01-15,146.320007,147.479996,144.419998,146.740005,422500,146.740005
2016-01-14,147.130005,148.490005,146.529999,147.050003,377800,147.050003
2016-01-13,146.649994,148.270004,145.740005,146.809998,573600,146.809998
2016-01-12,147.380005,147.380005,145.259995,146.410004,399300,146.410004
2016-01-11,145.839996,147.100006,145.289993,146.240005,334800,146.240005
2016-01-08,145.720001,146.380005,144.600006,145.270004,502600,145.270004
2016-01-07,145.289993,146.550003,144.949997,145.029999,316600,145.029999
2016-01-06,146.25,147.550003,146.00,147.440002,273800,147.440002
2016-01-05,144.860001,147.039993,144.160004,146.539993,492500,146.539993
2016-01-04,145.169998,145.600006,143.460007,144.860001,443500,144.860001
2015-12-31,148.039993,148.779999,146.050003,146.100006,366700,146.100006
2015-12-30,149.029999,149.539993,148.020004,148.130005,265200,148.130005
2015-12-29,150.00,150.539993,149.25,149.960007,210300,149.020009
2015-12-28,147.660004,149.669998,147.089996,149.639999,221500,148.702008
2015-12-24,147.509995,148.309998,146.919998,147.75,116400,146.823855
2015-12-23,148.089996,148.350006,146.660004,147.669998,393300,146.744355
2015-12-22,148.240005,149.339996,147.669998,147.75,253700,146.823855
2015-12-21,149.139999,149.479996,146.970001,147.860001,393800,146.933166
2015-12-18,148.389999,148.789993,146.970001,147.240005,904200,146.317058
2015-12-17,148.729996,149.300003,147.399994,148.460007,302200,147.529412
2015-12-16,146.589996,149.100006,146.089996,148.649994,247300,147.718208
2015-12-15,144.679993,146.639999,144.679993,146.00,415400,145.084825
2015-12-14,142.080002,144.220001,141.100006,144.179993,400400,143.276226
2015-12-11,140.289993,142.50,140.110001,142.270004,344700,141.37821
2015-12-10,144.240005,145.009995,141.679993,141.679993,287700,140.791897
2015-12-09,143.940002,145.419998,143.169998,144.229996,253400,143.325916
2015-12-08,144.440002,145.160004,143.509995,144.690002,187600,143.783039
2015-12-07,144.440002,145.559998,143.229996,144.289993,209200,143.385537
2015-12-04,142.240005,145.259995,142.070007,144.729996,216000,143.822781
2015-12-03,143.949997,144.190002,141.339996,141.589996,239900,140.702465
2015-12-02,146.850006,147.470001,143.759995,144.009995,288700,143.107293
2015-12-01,147.259995,147.809998,146.850006,147.660004,268900,146.734423
2015-11-30,148.399994,148.639999,145.889999,146.520004,340500,145.60157
2015-11-27,145.740005,148.100006,145.740005,147.899994,148200,146.972909
2015-11-25,145.979996,146.720001,144.889999,146.020004,278600,145.104704
2015-11-24,146.110001,146.479996,144.339996,145.809998,265700,144.896013
2015-11-23,147.020004,148.279999,146.729996,147.110001,136300,146.187868
2015-11-20,147.089996,148.300003,146.600006,147.240005,336400,146.317058
2015-11-19,146.300003,147.619995,145.899994,146.639999,226300,145.720813
2015-11-18,144.860001,146.449997,143.610001,146.369995,247900,145.452501
2015-11-17,143.149994,145.960007,143.149994,144.660004,200800,143.753228
2015-11-16,141.660004,143.630005,141.160004,143.509995,227300,142.610428
2015-11-13,143.630005,144.080002,141.50,141.929993,314700,141.04033
2015-11-12,144.899994,145.779999,143.139999,143.149994,272800,142.252684
2015-11-11,144.479996,145.789993,143.649994,145.210007,307700,144.299784
2015-11-10,142.929993,144.649994,142.929993,144.289993,258200,143.385537
2015-11-09,143.710007,144.889999,141.050003,142.800003,416200,141.904887
2015-11-06,147.059998,147.979996,143.490005,144.130005,790000,143.226552
2015-11-05,140.889999,148.970001,140.889999,148.320007,647700,147.39029
2015-11-04,145.720001,146.119995,144.600006,145.220001,280200,144.309715
2015-11-03,146.779999,146.779999,145.119995,145.509995,354900,144.597891
2015-11-02,143.470001,147.399994,142.850006,147.399994,528500,146.476043
2015-10-30,143.860001,144.399994,142.759995,143.490005,792300,142.590564
2015-10-29,143.119995,143.960007,142.389999,143.580002,221800,142.679996
2015-10-28,143.410004,144.270004,141.229996,144.009995,499800,143.107293
2015-10-27,142.779999,143.850006,142.190002,143.100006,450700,142.203009
2015-10-26,143.070007,143.619995,142.110001,143.229996,378300,142.332184
2015-10-23,143.779999,144.100006,142.039993,143.00,413100,142.10363
2015-10-22,143.529999,144.770004,143.100006,144.350006,468700,143.445174
2015-10-21,145.529999,145.580002,142.110001,143.509995,783600,142.610428
2015-10-20,144.699997,145.419998,144.050003,144.860001,331900,143.951971
2015-10-19,142.970001,145.300003,142.970001,145.270004,311100,144.359405
2015-10-16,141.559998,143.770004,141.550003,143.509995,417700,142.610428
2015-10-15,139.699997,142.100006,139.350006,141.550003,364500,140.662722
2015-10-14,141.600006,141.800003,139.229996,139.539993,361900,138.665312
2015-10-13,141.679993,142.199997,140.830002,141.410004,596200,140.5236
2015-10-12,141.139999,142.940002,140.160004,142.050003,361200,141.159588
2015-10-09,142.449997,143.639999,141.100006,142.029999,370100,141.139709
2015-10-08,141.490005,143.419998,140.369995,142.809998,458400,141.914818
2015-10-07,138.770004,141.410004,138.529999,141.259995,473300,140.374531
2015-10-06,139.550003,140.009995,138.270004,138.610001,418300,137.741148
2015-10-05,138.520004,139.710007,137.919998,139.610001,353900,138.73488
2015-10-02,134.809998,137.520004,134.320007,137.520004,468400,136.657985
2015-10-01,136.789993,137.210007,133.979996,135.600006,684700,134.750022
2015-09-30,136.00,136.770004,135.149994,136.449997,652100,135.594684
2015-09-29,133.75,135.289993,132.699997,135.190002,662400,134.342588
2015-09-28,134.289993,134.690002,132.899994,133.509995,635900,132.673111
2015-09-25,134.119995,135.589996,133.229996,134.759995,418500,133.915275
2015-09-24,134.289993,135.860001,132.389999,133.610001,574900,132.77249
2015-09-23,133.839996,135.25,133.160004,134.330002,338200,133.487978
2015-09-22,134.850006,135.919998,133.539993,133.770004,410200,132.931491
2015-09-21,134.75,137.029999,134.50,136.080002,347800,135.227008
2015-09-18,132.429993,136.220001,132.429993,134.75,615600,133.905344
2015-09-17,133.589996,136.919998,132.800003,134.619995,362200,132.842042
2015-09-16,131.630005,134.179993,131.50,133.869995,479000,132.101948
2015-09-15,130.00,131.880005,128.940002,131.800003,520100,130.059294
2015-09-14,129.729996,129.929993,128.889999,129.570007,316600,127.858751
2015-09-11,126.589996,129.529999,126.559998,129.360001,294800,127.651518
2015-09-10,125.43,128.190002,125.43,126.730003,365300,125.056255
2015-09-09,129.300003,129.789993,126.019997,126.269997,248800,124.602324
2015-09-08,127.839996,128.490005,126.75,128.149994,234200,126.457492
2015-09-04,127.519997,127.830002,125.089996,126.269997,342800,124.602324
2015-09-03,128.630005,129.449997,127.900002,128.309998,290500,126.615382
2015-09-02,127.389999,128.619995,126.510002,127.660004,277300,125.973973
2015-09-01,127.120003,128.809998,125.57,126.470001,340200,124.799687
2015-08-31,132.490005,132.619995,128.910004,129.080002,517000,127.375217
2015-08-28,132.979996,133.330002,131.75,132.699997,378000,130.947402
2015-08-27,131.419998,134.699997,130.850006,133.210007,639400,131.450676
2015-08-26,127.230003,130.949997,126.019997,130.389999,725400,128.667913
2015-08-25,130.309998,130.360001,124.870003,124.959999,588900,123.309628
2015-08-24,130.110001,131.869995,127.379997,127.580002,477500,125.895028
2015-08-21,134.850006,136.070007,133.919998,134.00,429800,132.230236
2015-08-20,136.690002,137.309998,135.240005,135.809998,359900,134.016328
2015-08-19,137.00,137.940002,136.520004,136.720001,323800,134.914313
2015-08-18,137.990005,138.509995,137.240005,137.910004,313800,136.088599
2015-08-17,137.029999,138.210007,136.00,138.160004,312800,136.335297
2015-08-14,136.080002,137.050003,134.559998,137.00,217800,135.190614
2015-08-13,135.720001,137.190002,133.820007,136.559998,208700,134.756423
2015-08-12,135.059998,136.210007,134.360001,136.029999,404000,134.233424
2015-08-11,134.800003,136.240005,134.460007,135.330002,522700,133.542672
2015-08-10,137.160004,137.919998,134.380005,134.800003,397600,133.019673
2015-08-07,135.669998,136.860001,134.539993,136.610001,298400,134.805765
2015-08-06,136.990005,138.360001,134.130005,135.759995,495400,133.966985
2015-08-05,137.729996,138.990005,135.919998,136.179993,409900,134.381437
2015-08-04,139.330002,139.399994,137.160004,137.410004,208900,135.595203
2015-08-03,136.820007,139.080002,136.720001,139.050003,315200,137.213542
2015-07-31,137.649994,138.860001,136.699997,136.789993,512700,134.983381
2015-07-30,135.589996,136.679993,135.479996,136.559998,277000,134.756423
2015-07-29,134.949997,136.559998,134.00,136.410004,259000,134.60841
2015-07-28,134.139999,135.399994,133.589996,134.990005,235200,133.207166
2015-07-27,134.880005,135.759995,133.309998,134.029999,368300,132.259838
2015-07-24,133.759995,135.210007,133.220001,134.470001,272800,132.694029
2015-07-23,135.589996,135.899994,133.220001,133.839996,334000,132.072345
2015-07-22,135.630005,136.220001,135.279999,135.550003,285000,133.759767
2015-07-21,136.350006,137.00,135.089996,135.229996,277000,133.443987
2015-07-20,135.639999,136.389999,134.470001,136.309998,248900,134.509725
2015-07-17,136.699997,136.800003,135.220001,135.899994,313400,134.105136
2015-07-16,134.889999,137.00,134.889999,136.550003,235100,134.74656
2015-07-15,133.919998,135.580002,132.979996,134.600006,482200,132.822317
2015-07-14,134.740005,135.429993,133.970001,134.25,278400,132.476934
2015-07-13,135.080002,136.050003,133.720001,134.529999,172500,132.753235
2015-07-10,134.059998,135.619995,133.520004,134.059998,374700,132.289441
2015-07-09,134.940002,135.259995,132.990005,133.369995,241000,131.608551
2015-07-08,133.639999,134.690002,132.960007,134.470001,274600,132.694029
2015-07-07,132.990005,134.820007,132.539993,134.289993,340600,132.516399
2015-07-06,130.330002,132.759995,129.339996,132.589996,401400,130.838854
2015-07-02,132.039993,133.220001,130.669998,130.990005,253100,129.259995
2015-07-01,128.479996,130.479996,127.739998,130.449997,365200,128.727118
2015-06-30,128.50,129.449997,127.480003,128.089996,425500,126.398286
2015-06-29,130.289993,131.580002,127.690002,127.839996,255500,126.151588
2015-06-26,129.50,131.00,128.059998,130.50,637400,128.776461
2015-06-25,130.679993,132.509995,129.169998,129.399994,267900,127.690983
2015-06-24,131.809998,133.139999,130.75,130.850006,269900,129.121844
2015-06-23,132.50,133.800003,131.289993,131.610001,317900,129.871801
2015-06-22,133.850006,134.630005,132.669998,132.740005,560800,130.986882
2015-06-19,134.789993,135.00,132.210007,133.779999,577700,132.01314
2015-06-18,133.660004,135.860001,133.190002,135.259995,370600,133.473589
2015-06-17,133.059998,134.389999,131.789993,134.059998,452900,131.430931
2015-06-16,131.149994,132.800003,130.880005,132.679993,415500,130.077989
2015-06-15,131.130005,131.699997,130.490005,131.300003,341000,128.725063
2015-06-12,131.350006,131.889999,130.610001,131.479996,267100,128.901526
2015-06-11,130.710007,131.940002,130.630005,131.399994,849600,128.823093
2015-06-10,129.440002,131.380005,128.809998,130.270004,265000,127.715264
2015-06-09,130.759995,131.470001,129.279999,129.419998,292600,126.881927
2015-06-08,130.759995,131.570007,129.509995,130.929993,242700,128.362309
2015-06-05,129.820007,131.229996,129.130005,130.389999,350500,127.832905
2015-06-04,131.789993,132.369995,131.059998,131.429993,343300,128.852503
2015-06-03,134.570007,134.669998,131.559998,132.009995,498000,129.421131
2015-06-02,135.919998,135.970001,133.910004,134.330002,292200,131.69564
2015-06-01,134.50,136.899994,134.00,136.449997,645200,133.77406
2015-05-29,135.990005,135.990005,134.110001,134.470001,791900,131.832894
2015-05-28,135.130005,136.259995,134.660004,135.660004,340100,132.999559
2015-05-27,134.490005,135.889999,134.110001,135.580002,249200,132.921126
2015-05-26,134.460007,135.350006,133.800003,134.550003,443800,131.911327
2015-05-22,134.50,136.339996,134.389999,135.210007,159000,132.558387
2015-05-21,135.880005,136.190002,134.309998,135.020004,230600,132.372111
2015-05-20,136.759995,137.410004,135.809998,135.850006,303000,133.185835
2015-05-19,136.570007,137.009995,135.880005,136.509995,251200,133.832881
2015-05-18,135.740005,137.059998,135.279999,136.589996,375800,133.911313
2015-05-15,135.25,136.740005,134.779999,136.559998,367500,133.881903
2015-05-14,131.240005,134.869995,131.240005,134.809998,358100,132.166222
2015-05-13,134.039993,134.860001,130.589996,130.979996,535600,128.411331
2015-05-12,131.179993,133.479996,130.130005,133.050003,239300,130.440743
2015-05-11,133.740005,134.789993,131.669998,132.279999,306700,129.68584
2015-05-08,135.360001,136.330002,133.800003,134.029999,398800,131.40152
2015-05-07,132.089996,134.399994,131.570007,134.00,319400,131.37211
2015-05-06,132.479996,133.210007,130.990005,131.899994,286200,129.313287
2015-05-05,134.570007,134.850006,132.210007,132.50,386100,129.901527
2015-05-04,135.279999,136.600006,134.639999,134.979996,267600,132.332887
2015-05-01,134.199997,136.009995,133.649994,135.059998,288300,132.41132
2015-04-30,136.309998,136.869995,132.649994,133.669998,661700,131.04858
2015-04-29,137.860001,138.830002,136.169998,136.679993,292300,133.999545
2015-04-28,140.199997,140.270004,139.00,139.25,243100,136.519152
2015-04-27,140.639999,141.50,140.039993,140.440002,421300,137.685817
2015-04-24,140.729996,141.440002,139.630005,140.419998,233400,137.666205
2015-04-23,140.039993,140.990005,139.740005,140.270004,228400,137.519152
2015-04-22,140.179993,141.470001,139.949997,140.449997,206800,137.695615
2015-04-21,140.330002,141.229996,139.339996,140.210007,272000,137.460331
2015-04-20,139.270004,140.139999,138.800003,139.550003,289900,136.813271
2015-04-17,138.809998,139.630005,137.309998,139.020004,370600,136.293666
2015-04-16,139.009995,140.279999,138.380005,139.25,355500,136.519152
2015-04-15,141.339996,141.789993,139.259995,139.380005,315100,136.646607
2015-04-14,141.699997,142.479996,141.130005,141.229996,334500,138.460317
2015-04-13,142.559998,142.860001,141.020004,141.020004,302600,138.254444
2015-04-10,144.149994,145.059998,142.00,142.419998,397200,139.626982
2015-04-09,146.410004,146.410004,142.559998,142.839996,384900,140.038744
2015-04-08,146.25,147.059998,146.210007,146.759995,244100,143.881867
2015-04-07,149.050003,149.050003,146.070007,146.119995,332300,143.254418
2015-04-06,148.300003,150.490005,148.289993,149.199997,382500,146.274018
2015-04-02,146.169998,149.029999,146.169998,148.449997,279000,145.538726
2015-04-01,147.199997,147.479996,144.889999,146.429993,398100,143.558336
2015-03-31,148.710007,149.300003,146.610001,147.210007,606900,144.323054
2015-03-30,145.940002,148.919998,145.679993,148.860001,389800,145.940689
2015-03-27,144.860001,146.039993,144.830002,145.660004,241900,142.803448
2015-03-26,145.600006,145.979996,144.330002,144.929993,344300,142.087753
2015-03-25,149.029999,149.539993,145.589996,145.75,348500,142.891679
2015-03-24,150.169998,150.259995,148.740005,148.860001,406400,145.940689
2015-03-23,149.419998,151.110001,148.710007,150.270004,526900,147.323041
2015-03-20,146.690002,149.610001,146.559998,149.440002,773500,146.509317
2015-03-19,146.020004,148.00,145.779999,146.399994,407100,143.528926
2015-03-18,142.850006,147.240005,142.100006,146.699997,443200,143.823046
2015-03-17,143.300003,144.529999,142.699997,143.690002,378300,140.019141
2015-03-16,142.529999,144.660004,142.009995,143.520004,497400,139.853486
2015-03-13,140.910004,141.899994,139.880005,141.720001,340400,138.099468
2015-03-12,139.929993,141.970001,139.860001,141.119995,323100,137.51479
2015-03-11,138.410004,140.210007,137.910004,139.699997,401200,136.131069
2015-03-10,138.229996,138.789993,137.660004,138.020004,346400,134.493995
2015-03-09,138.020004,139.070007,137.759995,138.710007,302000,135.16637
2015-03-06,140.190002,140.190002,136.600006,137.110001,342900,133.607239
2015-03-05,141.880005,143.119995,140.630005,141.850006,264400,138.226152
2015-03-04,141.919998,142.259995,140.460007,140.910004,246200,137.310164
2015-03-03,142.419998,143.00,140.729996,141.679993,246700,138.060482
2015-03-02,142.039993,144.529999,141.660004,142.669998,379400,139.025195
2015-02-27,140.919998,142.539993,139.710007,142.029999,377900,138.401546
2015-02-26,142.699997,143.070007,140.509995,140.570007,242500,136.978853
2015-02-25,142.850006,144.119995,141.990005,142.529999,285900,138.888772
2015-02-24,144.309998,144.440002,142.350006,143.009995,403800,139.356506
2015-02-23,144.399994,145.509995,143.580002,145.419998,285700,141.704941
2015-02-20,141.630005,144.479996,141.130005,144.240005,266200,140.555093
2015-02-19,144.220001,144.50,141.899994,142.229996,340800,138.596434
2015-02-18,143.440002,145.00,142.149994,144.839996,334800,141.139756
2015-02-17,143.240005,145.490005,143.240005,143.580002,371900,139.911951
2015-02-13,144.169998,144.419998,142.899994,143.960007,354100,140.282248
2015-02-12,142.759995,144.570007,141.75,144.539993,302000,140.847417
2015-02-11,143.570007,144.279999,140.460007,142.240005,240200,138.606188
2015-02-10,142.020004,142.460007,140.169998,142.369995,256900,138.732856
2015-02-09,142.539993,143.199997,141.240005,141.410004,165800,137.79739
2015-02-06,146.960007,147.039993,141.289993,142.300003,445600,138.664652
2015-02-05,145.809998,147.139999,144.789993,147.039993,198800,143.28355
2015-02-04,145.100006,145.50,144.160004,144.720001,265600,141.022827
2015-02-03,143.860001,145.580002,142.75,145.520004,226600,141.802392
2015-02-02,144.229996,144.330002,141.020004,143.860001,399400,140.184797
2015-01-30,146.729996,147.139999,143.630005,143.770004,969000,140.097099
2015-01-29,146.740005,147.610001,145.600006,147.399994,238100,143.634353
2015-01-28,147.940002,148.309998,146.679993,146.75,274100,143.000965
2015-01-27,147.399994,148.460007,146.529999,147.240005,257900,143.478452
2015-01-26,144.699997,147.889999,143.690002,147.880005,325400,144.102102
2015-01-23,146.289993,146.699997,144.729996,145.070007,181000,141.363891
2015-01-22,143.580002,146.00,143.320007,145.679993,309400,141.958293
2015-01-21,142.860001,143.360001,141.610001,143.119995,213100,139.463696
2015-01-20,144.300003,144.869995,142.50,143.160004,283400,139.502683
2015-01-16,142.990005,144.520004,142.25,144.240005,295300,140.555093
2015-01-15,143.119995,143.910004,142.429993,142.979996,243500,139.327273
2015-01-14,141.160004,143.50,140.779999,143.110001,394800,139.453957
2015-01-13,143.009995,143.690002,141.220001,141.889999,352500,138.265123
2015-01-12,141.970001,143.309998,141.970001,142.649994,265700,139.005702
2015-01-09,141.699997,142.710007,140.50,141.809998,310200,138.187165
2015-01-08,142.300003,142.940002,141.100006,141.679993,419300,138.060482
2015-01-07,139.820007,142.490005,138.160004,142.300003,347500,138.664652
2015-01-06,138.270004,139.550003,137.779999,139.380005,563000,135.819252
2015-01-05,135.240005,137.639999,135.020004,137.580002,500200,134.065234
2015-01-02,134.419998,135.800003,133.369995,135.740005,250400,132.272244
2014-12-31,136.820007,137.770004,133.259995,133.460007,311300,130.050492
2014-12-30,136.509995,137.330002,136.009995,136.339996,186600,132.856907
2014-12-29,136.580002,137.460007,136.50,137.179993,276500,132.827673
2014-12-26,136.210007,137.089996,136.210007,136.460007,104700,132.13053
2014-12-24,136.410004,137.800003,135.899994,136.259995,89200,131.936863
2014-12-23,136.929993,137.509995,135.889999,136.389999,219900,132.062744
2014-12-22,134.539993,137.059998,134.350006,136.929993,229100,132.585604
2014-12-19,135.220001,135.630005,133.610001,134.089996,809500,129.835713
2014-12-18,133.309998,135.25,133.080002,135.210007,414900,130.920189
2014-12-17,129.679993,132.860001,128.720001,132.820007,381500,128.606017
2014-12-16,129.279999,130.350006,128.100006,129.160004,456100,125.062134
2014-12-15,131.179993,132.270004,129.509995,129.690002,401100,125.575318
2014-12-12,132.240005,133.199997,131.220001,131.289993,268400,127.124546
2014-12-11,133.279999,133.300003,132.149994,132.470001,263700,128.267115
2014-12-10,132.779999,133.50,131.850006,132.559998,225200,128.354256
2014-12-09,131.979996,133.520004,131.979996,133.089996,299900,128.86744
2014-12-08,131.990005,134.039993,131.990005,133.119995,286200,128.896487
2014-12-05,132.600006,132.600006,131.199997,132.389999,241500,128.189652
2014-12-04,132.309998,133.080002,131.910004,132.809998,353400,128.596325
2014-12-03,132.529999,133.179993,132.110001,132.679993,283300,128.470445
2014-12-02,131.619995,132.610001,130.809998,132.529999,263300,128.325209
2014-12-01,132.25,133.240005,131.800003,131.949997,414300,127.763609
2014-11-28,133.259995,134.899994,132.410004,132.660004,218800,128.45109
2014-11-26,131.070007,133.009995,130.710007,132.949997,390100,128.731882
2014-11-25,130.899994,131.300003,130.679993,130.789993,509400,126.640409
2014-11-24,130.679993,132.190002,130.679993,131.050003,422700,126.89217
2014-11-21,130.649994,131.419998,130.449997,130.669998,450600,126.524221
2014-11-20,130.940002,130.940002,129.570007,130.339996,354300,126.204689
2014-11-19,131.960007,132.440002,130.619995,130.75,427800,126.601685
2014-11-18,132.009995,132.610001,131.520004,132.130005,337300,127.937906
2014-11-17,130.800003,132.309998,130.759995,131.619995,276600,127.444078
2014-11-14,132.240005,132.759995,130.820007,131.210007,234800,127.047097
2014-11-13,131.910004,132.919998,131.50,132.179993,429400,127.986308
2014-11-12,133.580002,133.889999,131.330002,131.470001,591000,127.298843
2014-11-11,134.949997,135.050003,133.630005,133.679993,335600,129.438717
2014-11-10,132.880005,134.830002,132.639999,134.720001,403900,130.44573
2014-11-07,134.179993,134.490005,132.809998,132.899994,739100,128.683466
2014-11-06,135.199997,135.839996,133.979996,134.169998,369700,129.913176
2014-11-05,136.50,136.539993,134.160004,134.919998,360700,130.639381
2014-11-04,134.830002,135.970001,134.440002,135.910004,295600,131.597977
2014-11-03,132.570007,135.350006,132.350006,135.309998,503100,131.017007
2014-10-31,133.600006,133.600006,130.220001,131.800003,497700,127.618374
2014-10-30,130.210007,131.089996,129.429993,131.089996,293600,126.930894
2014-10-29,129.830002,130.559998,129.059998,130.50,316800,126.359617
2014-10-28,129.199997,130.089996,128.690002,130.089996,249800,125.962621
2014-10-27,127.970001,129.330002,127.879997,129.169998,367300,125.071812
2014-10-24,127.489998,128.220001,127.220001,127.989998,241400,123.92925
2014-10-23,127.110001,127.800003,126.50,127.699997,381700,123.648449
2014-10-22,125.529999,127.089996,125.019997,126.489998,341700,122.47684
2014-10-21,123.459999,125.400002,123.400002,125.379997,294000,121.402057
2014-10-20,122.010002,123.620003,121.970001,123.57,256600,119.649485
2014-10-17,123.18,123.18,120.769997,122.139999,598600,118.264854
2014-10-16,121.550003,122.519997,120.160004,122.169998,505700,118.293901
2014-10-15,121.660004,123.720001,120.900002,122.550003,582400,118.66185
2014-10-14,120.18,122.839996,120.18,122.449997,455700,118.565017
2014-10-13,120.980003,121.760002,120.160004,120.309998,428100,116.492913
2014-10-10,121.830002,122.93,120.919998,120.959999,319400,117.122292
2014-10-09,120.93,122.480003,120.93,121.43,364700,117.577382
2014-10-08,118.330002,120.970001,117.860001,120.940002,286200,117.10293
2014-10-07,119.120003,119.629997,118.199997,118.279999,331100,114.52732
2014-10-06,119.449997,120.160004,119.010002,119.779999,244800,115.97973
2014-10-03,118.919998,119.669998,118.129997,119.279999,315600,115.495593
2014-10-02,118.879997,119.290001,117.57,118.57,344500,114.80812
2014-10-01,118.440002,119.510002,118.019997,118.709999,691500,114.943678
2014-09-30,119.019997,119.18,117.620003,118.459999,503500,114.70161
2014-09-29,117.779999,118.639999,117.25,118.589996,347300,114.827483
2014-09-26,117.00,118.730003,116.629997,118.540001,298100,114.779073
2014-09-25,117.470001,117.93,116.50,117.120003,286400,113.404128
2014-09-24,118.419998,119.190002,117.279999,117.50,328700,113.772069
2014-09-23,118.68,119.360001,118.139999,118.18,394600,114.430495
2014-09-22,119.260002,119.589996,118.360001,118.849998,391600,115.079236
2014-09-19,119.199997,119.970001,118.980003,119.389999,531000,115.602104
2014-09-18,120.519997,120.709999,119.080002,119.099998,239100,115.321304
2014-09-17,120.989998,122.040001,120.540001,121.190002,520200,116.502602
2014-09-16,119.68,121.150002,119.040001,120.589996,547700,115.925803
2014-09-15,120.169998,120.699997,119.349998,119.580002,233800,114.954873
2014-09-12,123.239998,123.239998,119.150002,119.779999,357900,115.147135
2014-09-11,123.18,124.050003,123.00,123.669998,208000,118.886676
2014-09-10,124.639999,124.790001,123.339996,123.540001,321100,118.761707
2014-09-09,125.330002,125.529999,124.879997,125.230003,241600,120.386344
2014-09-08,125.510002,125.830002,124.889999,125.650002,306100,120.790097
2014-09-05,124.900002,126.00,124.839996,125.720001,441800,120.857389
2014-09-04,125.019997,126.059998,124.75,125.190002,350700,120.34789
2014-09-03,124.980003,125.260002,124.019997,125.110001,425200,120.270982
2014-09-02,124.68,125.330002,124.150002,124.550003,628100,119.732644
2014-08-29,124.400002,124.900002,124.080002,124.779999,179100,119.953744
2014-08-28,124.080002,124.650002,123.970001,124.25,130900,119.444245
2014-08-27,124.739998,124.739998,124.00,124.550003,161400,119.732644
2014-08-26,124.309998,124.919998,123.980003,124.440002,193300,119.626898
2014-08-25,124.889999,125.290001,123.720001,124.059998,169700,119.261591
2014-08-22,125.260002,126.279999,124.400002,124.610001,386200,119.790321
2014-08-21,125.989998,126.400002,125.300003,125.540001,224100,120.684351
2014-08-20,124.980003,125.949997,124.199997,125.800003,250700,120.934297
2014-08-19,124.580002,125.169998,123.889999,125.120003,368200,120.280598
2014-08-18,123.75,124.360001,123.120003,124.330002,303600,119.521152
2014-08-15,123.839996,124.790001,123.18,123.699997,253400,118.915515
2014-08-14,124.300003,124.790001,123.25,123.790001,249300,119.002038
2014-08-13,123.25,124.43,122.959999,124.309998,309300,119.501922
2014-08-12,123.089996,123.470001,122.50,122.809998,228600,118.059939
2014-08-11,122.089996,123.440002,121.879997,123.190002,217600,118.425246
2014-08-08,122.629997,123.019997,120.580002,121.699997,360300,116.992871
2014-08-07,121.129997,121.860001,120.949997,121.419998,249100,116.723702
2014-08-06,121.559998,121.730003,121.059998,121.129997,168300,116.444918
2014-08-05,122.25,122.940002,121.400002,121.599998,316400,116.89674
2014-08-04,122.220001,123.059998,121.980003,122.769997,411300,118.021485
2014-08-01,122.00,122.709999,121.370003,122.220001,629800,117.492763
2014-07-31,122.010002,123.230003,122.010002,122.099998,565800,117.377401
2014-07-30,123.449997,123.82,122.68,123.339996,301800,118.569438
2014-07-29,124.209999,124.209999,123.25,123.300003,282000,118.530992
2014-07-28,123.339996,124.699997,122.720001,124.139999,165900,119.338499
2014-07-25,124.099998,124.57,122.980003,123.25,264000,118.482923
2014-07-24,124.580002,124.959999,123.779999,124.400002,253000,119.588445
2014-07-23,124.209999,124.779999,124.019997,124.610001,155300,119.790321
2014-07-22,124.279999,124.790001,124.029999,124.330002,224100,119.521152
2014-07-21,123.75,124.120003,123.269997,123.870003,217900,119.078945
2014-07-18,122.769997,124.379997,122.769997,124.220001,338700,119.415406
2014-07-17,122.949997,123.220001,122.370003,122.720001,379000,117.973424
2014-07-16,123.580002,124.220001,122.43,123.089996,368200,118.329108
2014-07-15,123.50,123.75,122.639999,123.160004,244000,118.396408
2014-07-14,123.220001,123.480003,122.620003,123.360001,209000,118.588669
2014-07-11,122.900002,123.690002,122.690002,123.050003,205200,118.290662
2014-07-10,122.580002,123.75,122.510002,123.010002,279700,118.252208
2014-07-09,122.720001,122.860001,121.629997,122.82,252400,118.069554
2014-07-08,121.529999,122.830002,120.980003,122.779999,308500,118.031101
2014-07-07,120.959999,121.910004,120.959999,121.529999,229300,116.829448
2014-07-03,121.650002,121.800003,120.870003,121.379997,282500,116.685248
2014-07-02,121.650002,121.910004,120.449997,121.709999,422800,117.002486
2014-07-01,121.209999,122.129997,120.309998,121.910004,550700,117.194755
2014-06-30,121.400002,121.949997,120.029999,120.919998,414300,116.243041
2014-06-27,119.620003,121.349998,119.480003,121.339996,475800,116.646795
2014-06-26,120.550003,120.639999,119.269997,119.620003,266300,114.993327
2014-06-25,119.849998,120.709999,119.400002,120.400002,383700,115.743157
2014-06-24,120.019997,120.529999,119.349998,119.760002,382800,115.127912
2014-06-23,120.550003,121.610001,119.879997,119.980003,302300,115.339404
2014-06-20,120.669998,120.949997,119.339996,120.669998,459700,116.002711
2014-06-19,119.029999,120.339996,118.059998,120.300003,287200,115.647026
2014-06-18,118.959999,120.150002,118.709999,119.900002,326300,114.512661
2014-06-17,118.459999,119.959999,118.25,118.980003,498000,113.634
2014-06-16,119.690002,120.290001,118.389999,118.470001,315900,113.146913
2014-06-13,119.139999,119.760002,118.459999,119.720001,237100,114.340748
2014-06-12,118.980003,119.459999,118.190002,119.129997,231100,113.777254
2014-06-11,119.370003,119.650002,118.169998,119.269997,237800,113.910963
2014-06-10,119.839996,120.690002,118.550003,119.389999,389600,114.025574
2014-06-09,121.599998,122.32,119.790001,120.230003,328300,114.827835
2014-06-06,123.370003,123.370003,122.059998,122.339996,275000,116.843022
2014-06-05,121.50,123.199997,121.209999,123.110001,369600,117.578428
2014-06-04,120.480003,121.699997,120.370003,121.419998,291400,115.964361
2014-06-03,120.419998,121.199997,120.309998,120.730003,138800,115.305369
2014-06-02,119.93,121.010002,119.580002,120.860001,289600,115.429525
2014-05-30,119.190002,120.089996,118.889999,119.519997,563100,114.14973
2014-05-29,119.260002,119.50,118.610001,119.00,375800,113.653098
2014-05-28,119.980003,120.00,118.830002,119.00,487300,113.653098
2014-05-27,119.959999,120.349998,119.610001,120.220001,291400,114.818282
2014-05-23,118.800003,119.800003,118.800003,119.559998,359400,114.187934
2014-05-22,118.75,119.360001,118.480003,118.980003,355500,113.634
2014-05-21,119.389999,119.709999,118.269997,118.889999,360100,113.54804
2014-05-20,119.120003,119.900002,118.459999,118.989998,523700,113.643545
2014-05-19,119.75,120.220001,118.959999,119.389999,387400,114.025574
2014-05-16,118.169998,120.010002,117.790001,119.980003,418200,114.589068
2014-05-15,118.209999,118.639999,117.400002,118.360001,414800,113.041855
2014-05-14,118.199997,118.639999,117.510002,118.379997,400200,113.060953
2014-05-13,118.730003,119.720001,117.629997,117.980003,292300,112.678932
2014-05-12,118.980003,119.610001,118.300003,118.739998,354600,113.404778
2014-05-09,119.75,119.75,117.089996,118.779999,452400,113.442982
2014-05-08,119.760002,120.620003,119.449997,119.660004,301800,114.283447
2014-05-07,118.910004,119.900002,118.580002,119.709999,383700,114.331196
2014-05-06,117.860001,118.730003,117.489998,118.349998,342200,113.032302
2014-05-05,117.650002,118.860001,117.010002,118.279999,269900,112.965448
2014-05-02,117.940002,119.07,117.470001,118.089996,178600,112.783983
2014-05-01,117.879997,118.50,116.25,118.339996,373500,113.02275
2014-04-30,116.629997,117.580002,116.339996,117.540001,269400,112.2587
2014-04-29,117.57,118.07,116.440002,116.709999,303000,111.465991
2014-04-28,116.32,117.379997,115.800003,117.370003,333500,112.09634
2014-04-25,116.510002,116.779999,115.849998,115.93,352200,110.72104
2014-04-24,115.660004,116.629997,115.32,116.599998,242600,111.360933
2014-04-23,116.150002,116.50,115.230003,115.540001,480700,110.348564
2014-04-22,115.589996,116.220001,114.559998,116.010002,341900,110.797447
2014-04-21,115.199997,115.760002,114.669998,115.690002,332600,110.491825
2014-04-17,115.389999,115.529999,114.379997,115.279999,1102300,110.100244
2014-04-16,114.660004,116.160004,114.120003,116.120003,520200,110.902505
2014-04-15,113.529999,114.620003,113.459999,114.589996,493400,109.441245
2014-04-14,112.889999,113.669998,112.269997,113.589996,377100,108.486177
2014-04-11,112.18,112.940002,111.599998,112.07,580400,107.034476
2014-04-10,113.629997,114.300003,112.510002,112.580002,431800,107.521563
2014-04-09,114.589996,114.68,113.43,113.779999,357000,108.667642
2014-04-08,114.309998,114.730003,113.589996,114.650002,336800,109.498554
2014-04-07,114.129997,115.129997,113.860001,114.129997,421500,109.001914
2014-04-04,114.389999,115.050003,113.669998,114.010002,404500,108.887311
2014-04-03,114.540001,114.68,113.57,113.830002,737600,108.715398
2014-04-02,115.330002,115.480003,114.540001,114.720001,640800,109.565408
2014-04-01,114.940002,115.599998,113.790001,115.599998,648300,110.405865
2014-03-31,114.089996,114.959999,112.720001,114.720001,547200,109.565408
2014-03-28,113.660004,114.550003,113.290001,113.529999,413900,108.428875
2014-03-27,112.209999,113.599998,111.830002,113.279999,275800,108.190108
2014-03-26,113.360001,113.43,112.019997,112.540001,348600,107.483359
2014-03-25,112.550003,113.589996,112.150002,113.209999,296400,108.123253
2014-03-24,113.309998,113.669998,111.599998,112.199997,360100,107.158632
2014-03-21,111.949997,113.089996,111.120003,112.93,1064300,107.855835
2014-03-20,109.410004,111.059998,108.919998,111.00,452900,106.012554
2014-03-19,111.400002,112.220001,109.220001,109.660004,516500,104.732766
2014-03-18,110.599998,112.129997,110.589996,112.059998,490700,106.279975
2014-03-17,111.510002,111.940002,110.540001,110.699997,339000,104.990123
2014-03-14,110.629997,111.830002,110.629997,110.870003,201500,105.15136
2014-03-13,111.400002,112.080002,110.400002,111.029999,360900,105.303103
2014-03-12,110.589996,111.809998,110.589996,111.360001,383400,105.616084
2014-03-11,110.410004,110.870003,110.150002,110.82,426700,105.103936
2014-03-10,110.139999,110.75,109.519997,110.110001,321800,104.430558
2014-03-07,110.510002,110.82,109.650002,110.230003,513100,104.544371
2014-03-06,111.209999,111.790001,110.029999,110.690002,529000,104.980644
2014-03-05,112.220001,112.690002,110.839996,111.239998,407600,105.502271
2014-03-04,112.00,112.370003,111.620003,112.260002,452700,106.469663
2014-03-03,110.849998,111.440002,110.019997,110.68,433000,104.971158
2014-02-28,110.639999,111.830002,110.410004,111.309998,626400,105.56866
2014-02-27,111.279999,112.00,110.43,110.940002,237600,105.217749
2014-02-26,111.949997,111.949997,111.00,111.260002,350000,105.521243
2014-02-25,111.00,112.07,110.769997,111.489998,360000,105.739376
2014-02-24,111.970001,112.239998,110.949997,110.959999,436600,105.236714
2014-02-21,110.849998,111.68,109.900002,111.57,367700,105.815251
2014-02-20,111.389999,112.220001,109.919998,110.480003,424000,104.781476
2014-02-19,111.410004,112.449997,111.019997,111.199997,572100,105.464333
2014-02-18,111.610001,111.660004,110.580002,111.529999,558200,105.777313
2014-02-14,111.019997,111.589996,110.68,111.43,508000,105.682473
2014-02-13,110.440002,111.459999,110.199997,110.760002,606600,105.047033
2014-02-12,112.120003,113.809998,109.629997,111.080002,813400,105.350527
2014-02-11,112.830002,113.660004,112.660004,113.260002,532500,107.418084
2014-02-10,112.50,113.18,111.839996,113.00,479200,107.171492
2014-02-07,112.019997,112.910004,111.849998,112.620003,664100,106.811095
2014-02-06,110.459999,111.800003,110.120003,111.699997,678100,105.938543
2014-02-05,108.480003,110.589996,107.93,110.370003,902800,104.67715
2014-02-04,106.449997,108.68,105.879997,108.50,717500,102.903601
2014-02-03,108.529999,109.199997,105.800003,106.220001,855600,100.741204
2014-01-31,107.50,109.629997,107.50,109.00,529800,103.377811
2014-01-30,108.559998,109.610001,108.150002,108.379997,534100,102.789788
2014-01-29,111.449997,111.449997,107.339996,108.160004,534800,102.581142
2014-01-28,106.550003,108.330002,106.550003,108.279999,607100,102.694947
2014-01-27,107.110001,107.620003,105.769997,106.550003,556600,101.054184
2014-01-24,107.50,107.839996,106.639999,107.080002,747100,101.556846
2014-01-23,106.110001,107.739998,106.050003,107.709999,642700,102.154348
2014-01-22,105.400002,106.779999,105.400002,106.720001,681100,101.215414
2014-01-21,104.43,105.050003,104.199997,104.940002,460200,99.527227
2014-01-17,104.760002,104.82,103.720001,103.720001,708000,98.370153
2014-01-16,104.769997,105.419998,104.389999,104.50,525300,99.10992
2014-01-15,105.970001,106.300003,104.660004,104.720001,546400,99.318574
2014-01-14,104.330002,105.389999,103.900002,105.160004,668700,99.735881
2014-01-13,104.389999,104.550003,103.68,104.269997,759900,98.89178
2014-01-10,103.660004,104.800003,103.18,104.779999,366900,99.375476
2014-01-09,103.639999,103.669998,102.199997,103.32,276400,97.990784
2014-01-08,103.709999,103.919998,102.07,103.470001,460300,98.133048
2014-01-07,103.339996,104.360001,101.800003,103.970001,529000,98.607258
2014-01-06,103.050003,103.580002,102.269997,103.260002,698700,97.933881
2014-01-03,101.129997,102.279999,100.970001,101.93,374000,96.67248
2014-01-02,101.379997,101.839996,100.370003,100.900002,501800,95.695608
2013-12-31,101.260002,101.699997,100.959999,101.410004,418600,96.179305
2013-12-30,100.779999,101.639999,100.699997,101.370003,276700,96.141367
2013-12-27,101.910004,102.150002,100.970001,101.690002,260200,95.705092
2013-12-26,102.529999,103.120003,101.25,101.959999,277400,95.959198
2013-12-24,101.779999,102.510002,101.669998,102.150002,212500,96.138018
2013-12-23,102.300003,102.489998,101.480003,101.720001,471700,95.733325
2013-12-20,101.110001,102.00,100.959999,101.830002,546200,95.836852
2013-12-19,102.349998,102.349998,100.190002,100.839996,473600,94.905113
2013-12-18,101.00,103.059998,99.849998,102.699997,634000,96.655644
2013-12-17,101.120003,101.379997,100.480003,101.00,463600,95.055699
2013-12-16,100.760002,100.879997,100.25,100.370003,396200,94.46278
2013-12-13,100.93,102.260002,99.830002,100.300003,322900,94.3969
2013-12-12,101.169998,102.059998,100.269997,100.419998,420200,94.509833
2013-12-11,103.57,103.57,100.830002,101.029999,462800,95.083933
2013-12-10,104.00,104.18,103.209999,103.720001,352800,97.615616
2013-12-09,103.540001,104.129997,103.300003,103.980003,489100,97.860316
2013-12-06,104.339996,104.519997,103.480003,104.040001,320600,97.916783
2013-12-05,103.010002,103.870003,102.239998,103.800003,387100,97.69091
2013-12-04,104.010002,104.239998,101.989998,103.32,332900,97.239157
2013-12-03,103.010002,104.099998,102.779999,103.790001,367600,97.681496
2013-12-02,103.25,104.580002,102.410004,103.139999,415100,97.06975
2013-11-29,105.25,105.260002,103.279999,103.519997,173800,97.427383
2013-11-27,104.900002,105.050003,103.849998,104.910004,269500,98.735582
2013-11-26,104.419998,105.059998,104.209999,104.389999,634100,98.246182
2013-11-25,105.50,105.599998,104.480003,104.610001,242000,98.453235
2013-11-22,105.870003,106.019997,105.040001,105.419998,210400,99.215561
2013-11-21,105.639999,106.040001,104.779999,105.980003,374500,99.742607
2013-11-20,106.010002,107.080002,104.709999,105.269997,633500,99.074388
2013-11-19,106.809998,106.809998,105.519997,106.00,365200,99.761427
2013-11-18,107.730003,107.800003,106.57,106.660004,376500,100.382587
2013-11-15,107.120003,107.910004,106.589996,107.480003,369000,101.154326
2013-11-14,105.970001,107.989998,105.889999,107.370003,389900,101.050799
2013-11-13,104.489998,105.690002,102.980003,105.639999,411000,99.422614
2013-11-12,105.080002,105.080002,103.400002,104.82,297300,98.650875
2013-11-11,105.169998,105.910004,104.470001,105.07,263100,98.886162
2013-11-08,105.040001,105.690002,102.550003,105.029999,516800,98.848515
2013-11-07,107.019997,107.709999,105.080002,105.400002,580000,99.196741
2013-11-06,109.400002,109.400002,106.629997,106.970001,287700,100.674339
2013-11-05,107.269997,107.830002,106.889999,107.080002,661100,100.777866
2013-11-04,108.160004,109.220001,107.43,108.010002,427600,101.653132
2013-11-01,108.82,111.989998,105.690002,108.150002,705200,101.784892
2013-10-31,104.779999,105.209999,103.459999,103.599998,698400,97.502676
2013-10-30,105.839996,106.309998,104.50,105.050003,346900,98.867342
2013-10-29,105.709999,106.160004,104.809998,106.010002,322100,99.770841
2013-10-28,107.360001,107.360001,105.18,105.860001,369600,99.629667
2013-10-25,106.889999,107.489998,106.50,107.18,299500,100.871979
2013-10-24,106.199997,106.720001,105.699997,106.470001,189000,100.203767
2013-10-23,105.849998,106.769997,105.260002,106.339996,286100,100.081413
2013-10-22,105.480003,106.599998,104.00,106.059998,264400,99.817894
2013-10-21,106.550003,106.550003,104.870003,105.199997,357200,99.008508
2013-10-18,107.099998,107.25,105.779999,106.529999,680600,100.260233
2013-10-17,105.349998,107.080002,105.220001,106.889999,456200,100.599046
2013-10-16,104.790001,106.110001,104.510002,106.00,260600,99.761427
2013-10-15,105.489998,105.489998,103.839996,104.019997,303500,97.897956
2013-10-14,104.269997,104.769997,103.330002,104.449997,320400,98.302649
2013-10-11,103.389999,104.419998,102.830002,104.389999,286500,98.246182
2013-10-10,101.669998,103.980003,101.669998,103.959999,318200,97.841489
2013-10-09,102.089996,102.75,101.010002,101.239998,453600,95.281572
2013-10-08,102.889999,103.519997,101.900002,102.040001,316700,96.034492
2013-10-07,102.07,103.519997,101.779999,103.129997,327500,97.060337
2013-10-04,102.400002,103.269997,101.50,102.639999,279800,96.599178
2013-10-03,102.989998,103.239998,101.760002,102.540001,565500,96.505064
2013-10-02,102.900002,103.739998,102.080002,103.510002,416800,97.417977
2013-10-01,101.730003,104.760002,101.050003,103.370003,605600,97.286217
2013-09-30,101.709999,102.870003,101.029999,101.449997,358400,95.479212
2013-09-27,102.080002,102.870003,101.620003,102.290001,230900,96.269778
2013-09-26,101.580002,102.599998,101.239998,102.440002,289300,96.410951
2013-09-25,101.940002,102.830002,101.040001,101.589996,393600,95.610972
2013-09-24,102.480003,102.970001,101.800003,102.029999,434400,96.025078
2013-09-23,102.379997,103.529999,102.059998,102.57,321400,96.533298
2013-09-20,104.32,104.389999,102.580002,102.760002,540200,96.712118
2013-09-19,104.720001,105.550003,104.00,104.400002,453600,98.255596
2013-09-18,101.040001,105.129997,100.25,105.010002,543000,98.095598
2013-09-17,100.580002,101.360001,100.279999,100.75,256100,94.116097
2013-09-16,101.309998,102.330002,100.209999,100.580002,262000,93.957292
2013-09-13,99.720001,100.800003,99.639999,100.550003,342800,93.929269
2013-09-12,100.25,100.730003,99.389999,99.82,308100,93.247333
2013-09-11,99.610001,100.900002,98.389999,100.059998,317400,93.471528
2013-09-10,99.82,100.32,99.18,99.540001,619400,92.98577
2013-09-09,98.910004,99.889999,98.43,99.790001,386800,93.219309
2013-09-06,97.940002,99.330002,97.760002,98.480003,307800,91.995569
2013-09-05,97.860001,98.769997,97.07,97.190002,297200,90.790508
2013-09-04,97.279999,98.279999,96.75,98.010002,426400,91.556515
2013-09-03,97.970001,97.970001,95.839996,96.989998,737900,90.603673
2013-08-30,99.190002,99.480003,97.099998,97.309998,548200,90.902602
2013-08-29,97.730003,99.010002,97.650002,99.010002,199800,92.49067
2013-08-28,99.410004,99.410004,97.900002,98.410004,270600,91.930178
2013-08-27,99.089996,100.129997,98.510002,99.199997,213300,92.668154
2013-08-26,100.389999,100.489998,99.239998,99.480003,233300,92.929723
2013-08-23,99.919998,100.489998,99.029999,100.330002,376500,93.723754
2013-08-22,99.669998,99.75,98.459999,99.480003,199100,92.929723
2013-08-21,100.269997,100.989998,98.980003,99.339996,357800,92.798935
2013-08-20,98.989998,100.82,98.599998,100.370003,601300,93.761121
2013-08-19,100.059998,100.309998,98.129997,98.150002,278400,91.687296
2013-08-16,101.980003,101.980003,99.800003,99.980003,472700,93.396801
2013-08-15,102.120003,102.43,100.610001,102.360001,420400,95.620087
2013-08-14,103.160004,103.809998,102.730003,103.449997,434500,96.638312
2013-08-13,103.519997,103.839996,102.32,103.400002,561400,96.591609
2013-08-12,104.040001,104.169998,103.269997,104.099998,472800,97.245514
2013-08-09,102.699997,104.919998,102.459999,104.349998,598500,97.479053
2013-08-08,104.00,104.139999,102.970001,103.720001,442900,96.890538
2013-08-07,103.830002,104.139999,103.040001,103.510002,561400,96.694366
2013-08-06,104.209999,104.800003,103.629997,103.870003,809700,97.030663
2013-08-05,104.129997,104.720001,103.82,104.540001,253400,97.656545
2013-08-02,105.900002,107.400002,104.519997,104.580002,345800,97.693912
2013-08-01,106.099998,107.290001,105.25,106.00,735400,99.02041
2013-07-31,106.290001,106.800003,104.970001,105.330002,804900,98.394528
2013-07-30,106.230003,107.160004,105.919998,106.169998,440300,99.179214
2013-07-29,105.879997,106.199997,105.190002,105.809998,339200,98.842918
2013-07-26,105.129997,105.93,104.239998,105.830002,190000,98.861605
2013-07-25,104.199997,105.540001,104.029999,105.510002,342900,98.562676
2013-07-24,107.440002,107.440002,103.900002,104.650002,397500,97.759302
2013-07-23,106.099998,107.669998,105.440002,107.440002,508300,100.365595
2013-07-22,105.860001,106.25,105.050003,105.900002,389300,98.926996
2013-07-19,105.589996,106.290001,105.389999,105.650002,766600,98.693457
2013-07-18,105.209999,106.029999,105.07,105.82,317300,98.852262
2013-07-17,105.849998,106.449997,104.760002,104.900002,322600,97.992841
2013-07-16,105.550003,106.220001,105.32,105.690002,391800,98.730824
2013-07-15,105.230003,106.059998,104.339996,105.650002,293300,98.693457
2013-07-12,104.489998,105.470001,104.190002,105.160004,339900,98.235723
2013-07-11,104.300003,105.290001,104.110001,104.809998,389900,97.908763
2013-07-10,103.290001,103.419998,102.169998,102.93,378500,96.152555
2013-07-09,102.620003,103.599998,102.410004,103.470001,409200,96.656999
2013-07-08,102.089996,103.269997,101.959999,102.160004,316900,95.433259
2013-07-05,102.93,102.93,99.660004,102.080002,398500,95.358525
2013-07-03,103.190002,103.760002,101.519997,102.209999,284100,95.479962
2013-07-02,102.260002,104.690002,102.260002,103.889999,439100,97.049342
2013-07-01,104.120003,104.529999,101.660004,102.480003,441700,95.732188
2013-06-28,103.230003,104.160004,102.110001,103.68,894900,96.853171
2013-06-27,100.459999,103.379997,100.389999,103.110001,482900,96.320703
2013-06-26,99.339996,100.290001,99.139999,99.650002,493300,93.088528
2013-06-25,97.290001,99.220001,96.190002,98.57,554200,92.079639
2013-06-24,96.160004,98.50,94.349998,96.68,422000,90.314087
2013-06-21,96.82,98.160004,94.839996,97.230003,712200,90.827875
2013-06-20,99.510002,99.75,95.809998,96.209999,472200,89.875033
2013-06-19,103.779999,104.589996,100.110001,100.769997,354600,94.134777
2013-06-18,105.239998,105.739998,104.349998,104.849998,430600,97.264198
2013-06-17,106.489998,106.860001,104.68,105.300003,443000,97.681646
2013-06-14,105.699997,107.220001,105.300003,105.800003,442900,98.145471
2013-06-13,103.18,105.800003,103.18,105.459999,556000,97.830066
2013-06-12,105.870003,106.260002,103.269997,103.480003,591200,95.993321
2013-06-11,104.940002,106.580002,104.559998,105.709999,476300,98.061979
2013-06-10,107.480003,107.660004,106.449997,106.690002,298900,98.97108
2013-06-07,107.779999,107.82,105.959999,107.400002,646400,99.629711
2013-06-06,105.879997,107.620003,105.059998,107.589996,500500,99.80596
2013-06-05,106.93,107.269997,105.760002,106.059998,288800,98.386655
2013-06-04,108.480003,108.480003,106.93,106.949997,432200,99.212264
2013-06-03,107.889999,108.940002,106.610001,108.239998,360900,100.408935
2013-05-31,109.07,110.029999,107.699997,107.75,534700,99.954388
2013-05-30,110.459999,111.080002,109.080002,109.120003,410000,101.225272
2013-05-29,111.57,112.059998,108.769997,110.220001,432700,102.245686
2013-05-28,114.059998,114.489998,111.449997,112.459999,420100,104.323623
2013-05-24,111.389999,113.629997,110.760002,113.339996,434400,105.139953
2013-05-23,112.349998,112.809998,111.190002,111.599998,545900,103.525842
2013-05-22,117.410004,118.040001,113.75,114.139999,441600,105.882076
2013-05-21,117.080002,117.940002,116.970001,117.419998,281300,108.92477
2013-05-20,116.599998,117.050003,116.519997,116.760002,255700,108.312524
2013-05-17,117.010002,117.290001,116.239998,116.82,335700,108.368181
2013-05-16,118.059998,118.209999,116.209999,116.540001,229300,108.10844
2013-05-15,116.800003,117.980003,116.360001,117.959999,480500,109.425703
2013-05-14,116.900002,118.050003,116.57,116.699997,328600,108.256861
2013-05-13,116.419998,117.120003,116.059998,117.120003,282500,108.646479
2013-05-10,116.150002,116.550003,115.860001,116.410004,161400,107.987848
2013-05-09,116.940002,116.940002,115.830002,116.010002,242300,107.616786
2013-05-08,116.629997,117.080002,115.779999,116.709999,348600,108.266139
2013-05-07,117.239998,117.830002,116.419998,116.639999,316400,108.201204
2013-05-06,117.25,118.519997,116.870003,117.290001,242300,108.804178
2013-05-03,118.110001,118.129997,116.82,117.370003,271900,108.878392
2013-05-02,115.940002,117.339996,115.400002,116.660004,434600,108.219761
2013-05-01,116.220001,117.120003,115.489998,115.779999,315400,107.403423
2013-04-30,115.25,117.18,114.769997,117.010002,460300,108.544437
2013-04-29,114.709999,115.410004,113.919998,115.279999,201200,106.939598
2013-04-26,114.459999,114.730003,113.879997,114.279999,314100,106.011947
2013-04-25,114.07,115.349998,112.959999,114.57,273700,106.280967
2013-04-24,113.980003,114.769997,113.300003,113.970001,202100,105.724377
2013-04-23,113.849998,114.459999,113.470001,113.940002,245700,105.696549
2013-04-22,113.540001,113.739998,112.099998,113.419998,278600,105.214167
2013-04-19,111.18,113.550003,110.800003,113.370003,386400,105.167788
2013-04-18,110.989998,111.480003,110.150002,111.00,234400,102.969253
2013-04-17,111.099998,111.190002,109.900002,110.809998,369600,102.792997
2013-04-16,111.730003,112.82,110.769997,111.809998,444700,103.720648
2013-04-15,113.120003,113.400002,111.050003,111.260002,327000,103.210444
2013-04-12,112.699997,113.720001,112.489998,113.720001,237800,105.492465
2013-04-11,112.610001,113.650002,112.440002,112.940002,248600,104.768898
2013-04-10,112.150002,112.910004,111.82,112.690002,256700,104.536985
2013-04-09,112.029999,112.559998,110.800003,111.830002,324400,103.739205
2013-04-08,110.519997,111.779999,110.099998,111.739998,342000,103.655713
2013-04-05,109.190002,110.650002,108.559998,110.610001,381000,102.60747
2013-04-04,108.559998,109.839996,108.50,109.730003,258800,101.791139
2013-04-03,108.839996,108.839996,107.550003,108.620003,455600,100.761446
2013-04-02,108.550003,109.260002,107.809998,108.169998,329900,100.343999
2013-04-01,108.099998,108.669998,107.459999,108.669998,273700,100.807825
2013-03-28,106.949997,108.089996,106.860001,108.040001,410700,100.223407
2013-03-27,105.790001,107.620003,105.790001,107.209999,369700,99.453455
2013-03-26,106.580002,106.949997,106.139999,106.779999,286700,99.054565
2013-03-25,106.489998,107.059998,106.199997,106.440002,369700,98.739167
2013-03-22,105.980003,106.580002,105.910004,106.580002,289400,98.869038
2013-03-21,105.419998,106.32,105.419998,105.650002,271100,98.006322
2013-03-20,106.040001,106.040001,105.360001,105.900002,288500,98.238235
2013-03-19,104.93,105.620003,104.550003,105.57,460600,97.932108
2013-03-18,104.480003,105.010002,104.129997,105.00,446000,97.403347
2013-03-15,104.970001,105.279999,104.489998,105.25,454600,97.63526
2013-03-14,105.00,105.260002,104.860001,104.970001,442600,97.375519
2013-03-13,104.970001,105.57,104.629997,104.93,326900,97.338412
2013-03-12,105.440002,105.599998,104.699997,104.970001,360400,97.375519
2013-03-11,106.230003,106.470001,105.730003,106.199997,355600,97.839341
2013-03-08,107.809998,107.860001,106.239998,106.370003,312300,97.995963
2013-03-07,107.839996,108.449997,106.839996,107.150002,694600,98.714556
2013-03-06,108.010002,108.010002,107.029999,107.720001,306600,99.239682
2013-03-05,106.989998,108.050003,106.400002,108.010002,427500,99.506852
2013-03-04,105.800003,106.709999,105.470001,106.559998,431400,98.171
2013-03-01,106.349998,106.839996,104.900002,105.739998,624800,97.415556
2013-02-28,107.050003,107.169998,106.209999,106.209999,637900,97.848556
2013-02-27,106.370003,107.550003,106.150002,107.040001,468700,98.613215
2013-02-26,106.489998,107.440002,105.559998,106.18,747700,97.820919
2013-02-25,108.00,108.360001,106.129997,106.150002,420300,97.793281
2013-02-22,107.849998,108.019997,107.470001,107.849998,321800,99.359445
2013-02-21,108.550003,108.739998,107.330002,107.419998,339500,98.963297
2013-02-20,109.050003,109.889999,108.489998,108.489998,329900,99.94906
2013-02-19,108.459999,109.639999,108.410004,109.300003,303800,100.695297
2013-02-15,108.43,108.730003,107.660004,108.529999,264700,99.985912
2013-02-14,108.949997,109.370003,108.370003,108.529999,196400,99.985912
2013-02-13,108.989998,110.25,106.489998,109.18,409600,100.584742
2013-02-12,107.620003,109.029999,107.620003,108.949997,657100,100.372846
2013-02-11,107.550003,108.00,107.00,107.82,336500,99.331808
2013-02-08,106.949997,107.830002,106.610001,107.760002,317100,99.276534
2013-02-07,107.199997,107.32,106.50,106.989998,471300,98.567149
2013-02-06,105.75,106.900002,105.75,106.849998,258500,98.438171
2013-02-05,106.57,106.57,105.889999,106.230003,260200,97.866985
2013-02-04,106.230003,106.769997,105.809998,106.019997,381900,97.673511
2013-02-01,106.419998,106.68,105.940002,106.269997,375900,97.90383
2013-01-31,106.360001,106.43,105.809998,105.849998,595400,97.516896
2013-01-30,105.730003,106.550003,105.25,106.360001,493000,97.986748
2013-01-29,105.370003,106.199997,105.370003,105.940002,484900,97.599815
2013-01-28,106.160004,106.160004,105.269997,105.68,398600,97.360281
2013-01-25,106.00,106.00,105.010002,105.449997,379800,97.148385
2013-01-24,105.639999,106.269997,105.400002,105.540001,330200,97.231304
2013-01-23,105.290001,106.089996,105.290001,105.809998,201600,97.480045
2013-01-22,104.849998,105.879997,104.849998,105.709999,317200,97.387918
2013-01-18,105.029999,105.209999,104.480003,105.089996,377700,96.816726
2013-01-17,105.470001,105.940002,104.760002,104.830002,287500,96.5772
2013-01-16,105.440002,106.18,105.059998,105.160004,332600,96.881222
2013-01-15,106.330002,106.529999,105.769997,106.260002,273700,97.894622
2013-01-14,105.379997,106.239998,105.32,106.18,239000,97.820919
2013-01-11,105.480003,105.989998,105.18,105.480003,619500,97.176029
2013-01-10,105.589996,105.589996,104.809998,105.410004,304300,97.11154
2013-01-09,105.150002,105.809998,104.849998,105.139999,257900,96.862792
2013-01-08,104.669998,105.199997,104.110001,104.769997,356900,96.521918
2013-01-07,104.919998,105.849998,104.82,105.709999,338900,97.387918
2013-01-04,104.540001,105.290001,104.07,105.169998,304700,96.890429
2013-01-03,106.150002,106.150002,104.220001,104.50,380100,96.273177
2013-01-02,105.629997,105.900002,104.480003,105.32,326100,97.028622
2012-12-31,103.459999,104.150002,103.190002,104.019997,259600,95.830962
2012-12-28,104.32,104.650002,103.489998,103.580002,137000,95.425606
2012-12-27,104.440002,105.199997,104.040001,105.010002,209500,96.070497
2012-12-26,104.970001,105.160004,104.040001,104.470001,217600,95.576466
2012-12-24,104.029999,105.190002,103.629997,104.669998,156300,95.759437
2012-12-21,103.739998,105.580002,103.440002,104.519997,894700,95.622206
2012-12-20,104.360001,105.32,104.120003,105.080002,329500,96.134538
2012-12-19,104.50,104.75,104.150002,104.209999,281000,95.338598
2012-12-18,103.809998,104.940002,103.809998,104.720001,377900,95.805184
2012-12-17,103.660004,104.769997,103.559998,103.779999,578600,94.945204
2012-12-14,103.720001,104.669998,103.139999,103.400002,231200,94.597556
2012-12-13,103.75,104.220001,103.459999,104.050003,416700,95.192223
2012-12-12,104.050003,104.379997,103.75,104.00,251700,95.146476
2012-12-11,103.919998,104.480003,103.889999,104.260002,223900,95.384344
2012-12-10,104.199997,104.580002,103.18,104.110001,313500,95.247113
2012-12-07,104.050003,104.629997,103.769997,104.220001,466300,95.347749
2012-12-06,103.739998,104.910004,103.209999,104.410004,441100,95.521576
2012-12-05,103.75,103.949997,103.239998,103.519997,225900,94.707336
2012-12-04,103.550003,104.120003,103.269997,103.760002,283300,94.926909
2012-12-03,103.919998,104.089996,102.959999,103.739998,307600,94.908608
2012-11-30,102.720001,104.040001,102.32,104.040001,958300,95.183072
2012-11-29,103.029999,103.540001,101.739998,102.489998,533600,93.765021
2012-11-28,103.32,103.43,102.25,102.480003,404400,93.755877
2012-11-27,103.529999,103.779999,101.849998,103.510002,432500,94.698192
2012-11-26,103.00,104.879997,103.00,104.00,484000,95.146476
2012-11-23,103.239998,103.660004,99.00,103.660004,130800,94.835424
2012-11-21,102.32,103.029999,101.269997,102.660004,248100,93.920554
2012-11-20,101.529999,102.739998,100.709999,102.300003,330500,93.5912
2012-11-19,101.470001,102.360001,101.18,101.290001,308800,92.66718
2012-11-16,100.160004,101.639999,99.910004,100.739998,433100,92.163998
2012-11-15,100.93,101.900002,99.580002,99.82,408600,91.32232
2012-11-14,102.75,102.790001,100.57,100.75,302000,92.173149
2012-11-13,102.879997,103.760002,101.93,102.839996,335500,94.085224
2012-11-12,102.790001,104.019997,102.790001,103.18,138200,94.396283
2012-11-09,103.730003,104.489998,103.199997,103.650002,311700,94.826273
2012-11-08,105.440002,105.440002,104.199997,104.199997,405200,95.329447
2012-11-07,104.050003,105.980003,103.900002,105.330002,440200,96.363255
2012-11-06,106.110001,106.639999,104.160004,104.489998,589800,95.594761
2012-11-05,106.07,107.080002,104.779999,105.709999,400800,96.710903
2012-11-02,106.75,107.580002,105.620003,105.93,476600,96.912176
2012-11-01,107.639999,108.150002,105.82,107.00,532400,97.891086
2012-10-31,106.120003,107.830002,104.529999,107.830002,637300,98.65043
2012-10-26,106.589996,106.589996,104.959999,105.540001,318100,96.555377
2012-10-25,107.279999,107.830002,105.099998,106.309998,488900,97.259824
2012-10-24,108.199997,108.400002,106.559998,106.870003,348800,97.772156
2012-10-23,108.050003,108.260002,106.919998,107.790001,296100,98.613834
2012-10-22,107.43,109.800003,107.43,108.830002,324000,99.5653
2012-10-19,109.910004,110.510002,109.07,109.07,596100,99.784867
2012-10-18,108.739998,110.199997,108.739998,110.029999,508200,100.663141
2012-10-17,108.629997,109.209999,107.800003,108.889999,473000,99.62019
2012-10-16,108.629997,109.18,108.269997,108.989998,243700,99.711675
2012-10-15,107.830002,108.480003,107.209999,108.470001,289400,99.235946
2012-10-12,107.610001,107.919998,107.07,107.449997,307700,98.302775
2012-10-11,107.739998,108.220001,107.25,107.410004,527600,98.266186
2012-10-10,107.18,107.629997,106.610001,107.599998,206700,98.440007
2012-10-09,107.290001,107.779999,106.800003,106.900002,210400,97.799601
2012-10-08,106.830002,107.540001,106.779999,107.50,173900,98.348521
2012-10-05,107.690002,108.00,106.660004,107.459999,260700,98.311926
2012-10-04,107.589996,107.879997,106.690002,107.230003,360900,98.101509
2012-10-03,105.830002,107.669998,105.830002,107.370003,486100,98.229591
2012-10-02,105.339996,106.139999,104.940002,106.110001,255400,97.076852
2012-10-01,105.300003,105.790001,103.510002,105.129997,578700,96.180277
2012-09-28,104.900002,106.589996,104.540001,105.300003,587100,96.33581
2012-09-27,105.129997,105.800003,104.779999,105.00,344700,96.061346
2012-09-26,103.790001,105.510002,103.50,105.059998,476200,96.116236
2012-09-25,104.669998,104.980003,103.480003,103.57,362600,94.753082
2012-09-24,104.959999,106.220001,104.330002,104.360001,403500,95.47583
2012-09-21,105.32,105.970001,104.779999,104.779999,532900,95.860074
2012-09-20,105.910004,106.099998,104.889999,105.07,494700,96.125387
2012-09-19,107.059998,107.57,106.580002,106.620003,196400,97.543438
2012-09-18,108.410004,108.860001,107.519997,107.739998,251300,97.900233
2012-09-17,108.57,109.510002,108.349998,108.360001,323000,98.463612
2012-09-14,109.089996,110.00,108.660004,108.709999,255900,98.781645
2012-09-13,108.410004,109.379997,108.410004,109.00,337800,99.045161
2012-09-12,108.459999,108.879997,108.059998,108.43,187400,98.527219
2012-09-11,108.080002,108.879997,108.080002,108.540001,164800,98.627173
2012-09-10,108.919998,109.059998,108.00,108.239998,217500,98.354569
2012-09-07,109.089996,109.400002,108.449997,108.93,202800,98.981554
2012-09-06,109.330002,109.769997,108.870003,109.120003,383700,99.154204
2012-09-05,109.440002,109.529999,108.199997,109.050003,345600,99.090597
2012-09-04,108.150002,109.489998,107.339996,109.489998,422100,99.490408
2012-08-31,108.00,108.099998,107.040001,107.910004,398400,98.054713
2012-08-30,107.019997,107.82,106.870003,107.599998,190700,97.77302
2012-08-29,107.18,107.980003,107.18,107.559998,194000,97.736672
2012-08-28,107.449997,107.68,106.739998,107.599998,216100,97.77302
2012-08-27,107.629997,107.660004,107.050003,107.440002,193200,97.627636
2012-08-24,107.07,107.699997,106.730003,107.43,198000,97.618547
2012-08-23,106.970001,107.50,106.790001,107.43,364800,97.618547
2012-08-22,107.110001,107.389999,106.50,107.300003,321200,97.500423
2012-08-21,106.980003,107.209999,106.589996,107.080002,278200,97.300514
2012-08-20,106.370003,106.800003,105.940002,106.589996,312400,96.85526
2012-08-17,106.800003,107.040001,106.480003,106.690002,212100,96.946133
2012-08-16,105.900002,107.010002,105.480003,106.809998,341000,97.055169
2012-08-15,104.860001,106.010002,104.75,105.82,390500,96.155586
2012-08-14,104.75,105.629997,104.620003,105.029999,224600,95.437735
2012-08-13,104.480003,104.910004,104.080002,104.360001,224900,94.828927
2012-08-10,104.470001,104.919998,103.989998,104.360001,192500,94.828927
2012-08-09,104.989998,105.93,104.25,104.589996,249900,95.037918
2012-08-08,105.629997,105.870003,104.57,105.160004,273200,95.555867
2012-08-07,106.589996,106.779999,104.379997,105.489998,526700,95.855723
2012-08-06,108.559998,108.559998,106.830002,106.889999,449000,97.127864
2012-08-03,107.970001,108.910004,107.82,108.220001,312800,98.336398
2012-08-02,107.620003,107.620003,105.419998,107.150002,461500,97.36412
2012-08-01,108.629997,109.989998,107.739998,107.940002,339000,98.081972
2012-07-31,108.230003,108.910004,108.080002,108.660004,285800,98.736216
2012-07-30,107.559998,109.010002,107.080002,108.419998,216200,98.51813
2012-07-27,107.239998,108.690002,107.239998,107.660004,233800,97.827545
2012-07-26,107.230003,108.169998,106.230003,106.769997,285400,97.018821
2012-07-25,106.269997,106.690002,105.519997,106.209999,268900,96.509967
2012-07-24,106.550003,106.940002,105.629997,106.110001,463100,96.419102
2012-07-23,105.919998,106.830002,105.529999,106.550003,316700,96.818919
2012-07-20,106.440002,107.379997,106.239998,106.629997,811800,96.891608
2012-07-19,107.519997,108.099998,106.610001,107.209999,353000,97.418639
2012-07-18,107.220001,108.190002,107.07,107.559998,247900,97.736672
2012-07-17,108.00,108.480003,106.419998,108.279999,366800,98.390916
2012-07-16,106.779999,107.889999,106.389999,107.400002,246400,97.591288
2012-07-13,107.010002,107.910004,106.769997,107.470001,359200,97.654895
2012-07-12,105.129997,107.32,104.510002,106.93,412500,97.164212
2012-07-11,105.849998,106.120003,104.93,105.900002,422800,96.228281
2012-07-10,107.010002,107.220001,105.209999,105.889999,268400,96.219193
2012-07-09,105.980003,106.660004,105.739998,106.529999,253800,96.800742
2012-07-06,105.470001,106.239998,104.879997,106.080002,240800,96.391843
2012-07-05,106.419998,107.209999,105.489998,106.080002,297000,96.391843
2012-07-03,105.360001,106.639999,104.870003,106.50,478700,96.773483
2012-07-02,104.330002,105.230003,103.940002,105.150002,434900,95.546778
2012-06-29,103.620003,104.089996,102.910004,104.089996,490100,94.583582
2012-06-28,100.18,102.239998,99.959999,102.139999,370400,92.811676
2012-06-27,100.290001,101.099998,99.849998,100.93,330800,91.712185
2012-06-26,100.209999,100.730003,99.50,100.379997,259500,91.212413
2012-06-25,99.260002,100.459999,99.150002,100.050003,308000,90.912556
2012-06-22,100.50,100.779999,99.480003,100.139999,467500,90.994333
2012-06-21,101.300003,101.639999,99.919998,100.349998,402700,91.185154
2012-06-20,101.18,101.720001,99.129997,101.160004,410800,91.921182
2012-06-19,100.760002,102.040001,100.50,101.699997,320200,91.784875
2012-06-18,99.400002,101.18,99.010002,100.860001,270800,91.026773
2012-06-15,99.559998,99.989998,98.730003,99.610001,466400,89.89864
2012-06-14,98.43,99.50,97.980003,99.18,303800,89.510562
2012-06-13,98.849998,99.540001,97.699997,97.970001,297200,88.418531
2012-06-12,98.269997,98.970001,97.739998,98.970001,304800,89.321037
2012-06-11,100.150002,100.529999,97.879997,97.949997,428300,88.400477
2012-06-08,99.029999,99.980003,98.800003,99.970001,392900,90.223543
2012-06-07,100.790001,100.790001,98.730003,99.099998,864000,89.43836
2012-06-06,99.169998,100.029999,98.529999,99.949997,420300,90.205489
2012-06-05,96.330002,98.349998,95.830002,98.190002,355800,88.617083
2012-06-04,96.629997,96.989998,95.660004,96.330002,462900,86.938421
2012-06-01,96.610001,97.199997,96.00,96.650002,544900,87.227223
2012-05-31,97.769997,98.75,96.760002,98.279999,643400,88.698306
2012-05-30,98.82,99.160004,97.410004,97.599998,298000,88.084601
2012-05-29,98.870003,100.339996,98.760002,99.849998,363600,90.11524
2012-05-25,99.059998,99.459999,98.18,98.589996,244000,88.97808
2012-05-24,98.769997,99.389999,97.830002,99.190002,213700,89.519589
2012-05-23,98.010002,98.589996,96.949997,98.410004,327000,88.815636
2012-05-22,97.459999,98.760002,97.220001,98.260002,420600,88.680258
2012-05-21,95.839996,97.360001,94.870003,97.139999,632300,87.669449
2012-05-18,97.050003,97.220001,95.18,95.330002,473500,86.035915
2012-05-17,99.25,99.910004,96.470001,96.470001,625300,87.064772
2012-05-16,101.00,101.00,99.209999,99.540001,388500,89.835465
2012-05-15,100.699997,101.550003,100.290001,100.800003,392400,90.972625
2012-05-14,100.809998,101.510002,100.43,100.470001,359200,90.674796
2012-05-11,100.980003,101.910004,100.449997,101.540001,487700,91.640478
2012-05-10,101.949997,102.00,100.449997,101.00,367100,91.153123
2012-05-09,101.18,101.959999,100.860001,101.330002,450300,91.450952
2012-05-08,101.389999,102.50,101.379997,101.900002,522400,91.96538
2012-05-07,100.349998,102.410004,99.059998,102.029999,268000,92.082704
2012-05-04,101.440002,101.720001,100.940002,101.169998,309400,91.306548
2012-05-03,102.269997,102.419998,101.50,101.50,363200,91.604377
2012-05-02,100.830002,102.110001,100.50,101.959999,339500,92.019529
2012-05-01,100.620003,102.639999,100.620003,101.620003,340700,91.71268
2012-04-30,100.610001,100.910004,99.889999,100.660004,294000,90.846275
2012-04-27,99.949997,101.379997,99.760002,100.830002,371400,90.999699
2012-04-26,99.620003,100.57,99.260002,100.199997,381500,90.431116
2012-04-25,99.400002,100.040001,98.839996,99.970001,333900,90.223543
2012-04-24,97.459999,98.760002,97.400002,98.760002,324900,89.131512
2012-04-23,97.610001,97.75,96.459999,97.220001,334500,87.741651
2012-04-20,97.190002,98.610001,97.169998,98.190002,270500,88.617083
2012-04-19,96.989998,97.529999,96.389999,96.870003,298500,87.425775
2012-04-18,97.160004,97.50,96.779999,97.00,402000,87.543099
2012-04-17,97.480003,97.970001,96.839996,97.220001,521800,87.741651
2012-04-16,96.25,97.610001,96.25,96.870003,449500,87.425775
2012-04-13,96.059998,96.699997,95.660004,95.779999,217300,86.44204
2012-04-12,96.129997,96.489998,95.559998,96.480003,382300,87.073799
2012-04-11,95.660004,96.169998,94.860001,96.160004,431900,86.784997
2012-04-10,96.349998,96.349998,94.639999,94.949997,700400,85.692958
2012-04-09,95.360001,96.660004,95.339996,96.18,427500,86.803044
2012-04-05,96.389999,97.00,96.25,96.580002,226400,87.164048
2012-04-04,97.150002,97.389999,96.389999,96.809998,296800,87.37162
2012-04-03,97.110001,97.690002,96.709999,97.639999,407800,88.120702
2012-04-02,96.879997,97.559998,96.25,96.949997,399000,87.497971
2012-03-30,96.599998,97.629997,96.080002,96.790001,419000,87.353573
2012-03-29,95.620003,96.489998,95.129997,96.129997,340100,86.757916
2012-03-28,97.129997,97.239998,95.459999,96.410004,545300,87.010623
2012-03-27,97.32,97.800003,96.980003,97.290001,292900,87.804826
2012-03-26,97.050003,97.639999,96.639999,97.379997,310500,87.886049
2012-03-23,95.959999,97.290001,95.610001,96.400002,562300,87.001596
2012-03-22,96.480003,96.690002,95.160004,95.800003,375000,86.460094
2012-03-21,97.379997,97.940002,97.07,97.209999,499700,87.732624
2012-03-20,97.029999,97.720001,96.82,97.360001,407100,87.868002
2012-03-19,96.459999,98.040001,96.010002,97.50,520500,87.994352
2012-03-16,96.260002,96.830002,95.160004,96.510002,737800,87.100873
2012-03-15,96.75,97.370003,95.849998,96.260002,632400,86.875246
2012-03-14,97.730003,98.550003,97.00,97.150002,503800,87.05575
2012-03-13,96.360001,97.730003,95.959999,97.730003,613600,87.575488
2012-03-12,96.040001,96.540001,95.650002,95.879997,557800,85.917704
2012-03-09,95.93,96.410004,95.540001,95.870003,349900,85.908748
2012-03-08,96.550003,96.989998,95.029999,95.720001,524300,85.774332
2012-03-07,96.360001,96.790001,95.389999,96.50,690300,86.473286
2012-03-06,95.650002,96.559998,95.599998,96.080002,501800,86.096927
2012-03-05,96.440002,96.720001,95.660004,96.540001,415800,86.509131
2012-03-02,96.010002,96.50,95.489998,96.360001,402800,86.347833
2012-03-01,95.699997,96.43,95.550003,96.080002,453700,86.096927
2012-02-29,95.730003,96.199997,94.93,95.349998,720000,85.442774
2012-02-28,96.809998,97.190002,95.160004,95.440002,388900,85.523426
2012-02-27,96.809998,97.00,95.459999,96.690002,516000,86.643547
2012-02-24,97.099998,97.199997,95.730003,97.07,469200,86.984061
2012-02-23,95.489998,96.879997,95.400002,96.699997,563800,86.652503
2012-02-22,95.290001,96.169998,95.029999,95.769997,611800,85.819133
2012-02-21,96.839996,97.370003,94.879997,95.150002,615500,85.263558
2012-02-17,97.129997,97.389999,96.290001,96.589996,477600,86.553932
2012-02-16,96.029999,97.43,95.029999,96.660004,492600,86.616665
2012-02-15,97.209999,97.349998,95.760002,96.510002,565700,86.482249
2012-02-14,97.459999,97.68,96.389999,96.940002,343700,86.867571
2012-02-13,96.099998,97.839996,95.800003,97.839996,485700,87.674052
2012-02-10,94.559998,96.32,94.559998,95.190002,464200,85.299402
2012-02-09,96.690002,96.940002,95.25,95.959999,450800,85.989393
2012-02-08,96.410004,96.949997,95.559998,96.760002,359700,86.706273
2012-02-07,96.550003,96.940002,96.18,96.510002,298300,86.482249
2012-02-06,95.970001,96.690002,95.419998,96.639999,317400,86.598739
2012-02-03,96.059998,96.419998,95.400002,96.309998,378800,86.303026
2012-02-02,95.720001,96.019997,94.910004,95.120003,272500,85.236676
2012-02-01,94.839996,95.50,94.790001,95.449997,407900,85.532382
2012-01-31,95.129997,95.349998,93.760002,94.459999,670000,84.645249
2012-01-30,94.50,95.160004,94.290001,94.989998,493700,85.120179
2012-01-27,94.739998,95.419998,93.900002,95.150002,416700,85.263558
2012-01-26,94.660004,95.269997,94.309998,95.139999,496400,85.254595
2012-01-25,92.940002,94.349998,92.660004,94.169998,418700,84.38538
2012-01-24,92.279999,93.239998,92.139999,93.120003,244600,83.444483
2012-01-23,92.230003,93.160004,92.080002,92.75,317300,83.112925
2012-01-20,91.470001,92.440002,91.089996,92.230003,728800,82.646958
2012-01-19,91.050003,92.110001,90.830002,91.720001,436800,82.189947
2012-01-18,91.050003,91.690002,90.68,90.910004,495100,81.464112
2012-01-17,90.669998,91.010002,90.559998,90.75,482600,81.320733
2012-01-13,90.25,90.389999,89.489998,90.129997,349300,80.765151
2012-01-12,91.620003,91.709999,90.43,90.580002,464000,81.168398
2012-01-11,90.93,91.809998,90.760002,91.559998,474500,82.046569
2012-01-10,90.519997,91.82,90.419998,91.32,463200,81.831507
2012-01-09,89.940002,90.419998,89.360001,89.580002,201800,80.272302
2012-01-06,90.290001,90.639999,89.389999,89.959999,239900,80.612816
2012-01-05,89.220001,90.309998,88.790001,90.110001,443100,80.747232
2012-01-04,90.410004,90.800003,89.209999,89.230003,561000,79.95867
2012-01-03,92.080002,92.870003,90.400002,90.75,545900,81.320733
2011-12-30,91.25,91.470001,90.739998,90.75,396500,81.320733
2011-12-29,91.089996,91.50,90.730003,91.209999,362600,81.732936
2011-12-28,92.769997,92.769997,91.300003,91.300003,268800,81.195279
2011-12-27,92.129997,92.970001,91.870003,92.449997,478700,82.217996
2011-12-23,92.599998,93.18,92.190002,92.300003,501000,82.084603
2011-12-22,91.690002,93.129997,91.379997,92.160004,580900,81.960098
2011-12-21,91.760002,91.839996,91.029999,91.230003,454800,81.133027
2011-12-20,91.169998,92.419998,91.110001,91.620003,547300,81.479863
2011-12-19,90.57,91.209999,89.949997,90.050003,388100,80.083624
2011-12-16,90.050003,91.449997,89.809998,90.449997,962100,80.439349
2011-12-15,90.389999,90.389999,88.599998,89.50,746600,79.594494
2011-12-14,88.50,90.709999,88.190002,89.529999,602700,79.621172
2011-12-13,89.849998,90.639999,88.389999,88.980003,635700,79.132048
2011-12-12,89.110001,89.349998,87.720001,89.129997,490400,79.265441
2011-12-09,89.139999,90.739998,88.839996,90.00,396800,80.039155
2011-12-08,89.150002,89.669998,88.360001,88.650002,384800,78.83857
2011-12-07,88.889999,90.279999,88.220001,90.089996,2186800,80.119191
2011-12-06,89.309998,89.629997,88.550003,88.980003,402800,79.132048
2011-12-05,89.279999,89.959999,88.870003,89.400002,716500,79.505562
2011-12-02,88.900002,91.379997,88.860001,89.400002,1508800,79.505562
2011-12-01,87.839996,88.370003,87.269997,87.419998,336400,77.744698
2011-11-30,87.830002,88.599998,86.769997,88.43,689700,78.642917
2011-11-29,85.839996,85.839996,84.779999,85.360001,286700,75.912693
2011-11-28,85.650002,85.830002,84.18,85.610001,401600,76.135024
2011-11-25,82.870003,84.489998,82.400002,83.040001,108600,73.849462
2011-11-23,84.650002,84.739998,82.82,82.860001,376700,73.689383
2011-11-22,85.470001,85.849998,84.860001,85.419998,287600,75.96605
2011-11-21,85.300003,86.160004,84.870003,85.440002,590700,75.98384
2011-11-18,86.470001,86.650002,85.379997,86.540001,324700,76.962095
2011-11-17,86.779999,87.410004,85.449997,85.919998,316400,76.410712
2011-11-16,86.919998,88.129997,86.379997,86.980003,353700,77.3534
2011-11-15,86.470001,88.18,86.040001,87.510002,213500,77.824741
2011-11-14,87.769997,87.849998,86.300003,86.459999,513500,76.890948
2011-11-11,86.699997,88.269997,86.389999,88.00,489000,78.260508
2011-11-10,87.169998,87.32,85.239998,86.239998,590200,76.695296
2011-11-09,88.989998,89.279999,85.970001,86.389999,426600,76.828695
2011-11-08,90.099998,90.699997,87.849998,90.559998,325500,80.537175
2011-11-07,89.00,90.00,88.309998,89.589996,291900,79.674529
2011-11-04,88.440002,89.610001,87.589996,89.290001,298500,79.407736
2011-11-03,88.389999,89.110001,87.010002,88.709999,345800,78.891927
2011-11-02,86.480003,87.93,85.660004,87.739998,622700,78.029281
2011-11-01,87.050003,88.580002,84.849998,85.029999,736100,75.619214
2011-10-31,87.760002,90.129997,87.650002,88.760002,397000,78.936396
2011-10-28,89.32,89.370003,88.110001,88.970001,448900,79.123153
2011-10-27,89.239998,90.040001,87.860001,89.330002,614400,79.44331
2011-10-26,87.040001,87.040001,85.540001,86.720001,424400,77.122174
2011-10-25,86.730003,87.220001,85.900002,86.099998,435400,76.570791
2011-10-24,85.010002,87.379997,84.68,87.330002,435600,77.664662
2011-10-21,84.650002,85.190002,83.709999,85.00,487200,75.592536
2011-10-20,83.650002,84.169998,81.919998,83.470001,522800,74.231871
2011-10-19,83.440002,84.190002,82.82,83.260002,563500,74.045114
2011-10-18,81.779999,83.790001,81.269997,83.480003,549100,74.240766
2011-10-17,83.580002,83.580002,81.300003,81.57,445800,72.542154
2011-10-14,83.190002,83.970001,82.230003,83.779999,365700,74.507559
2011-10-13,82.839996,82.989998,80.959999,82.199997,537400,73.102426
2011-10-12,82.730003,84.400002,82.010002,83.260002,541800,74.045114
2011-10-11,83.879997,84.68,81.790001,82.029999,778300,72.951243
2011-10-10,82.910004,84.980003,82.839996,84.910004,449300,75.5125
2011-10-07,83.410004,83.730003,81.510002,81.639999,643100,72.604407
2011-10-06,81.379997,83.269997,80.75,83.160004,761600,73.956183
2011-10-05,82.970001,82.970001,77.669998,81.699997,855700,72.657764
2011-10-04,79.220001,83.349998,78.25,83.230003,762800,74.018435
2011-10-03,82.099998,83.129997,80.080002,80.150002,1187200,71.279316
2011-09-30,83.43,84.379997,82.349998,82.410004,686000,73.28919
2011-09-29,82.830002,84.220001,82.559998,84.209999,647600,74.889969
2011-09-28,84.360001,84.769997,81.580002,81.690002,537400,72.648876
2011-09-27,85.43,85.57,83.75,84.18,601000,74.86329
2011-09-26,85.00,85.00,83.209999,84.120003,1026900,74.809933
2011-09-23,83.93,84.489998,82.199997,84.410004,709800,75.067838
2011-09-22,81.769997,84.660004,81.720001,84.160004,1147000,74.845507
2011-09-21,84.879997,85.959999,83.440002,83.709999,1096000,74.445307
2011-09-20,84.889999,86.019997,84.379997,84.879997,613000,75.485814
2011-09-19,86.57,86.690002,85.199997,85.290001,769800,75.23681
2011-09-16,87.730003,88.639999,86.150002,87.419998,734100,77.115743
2011-09-15,88.029999,88.129997,86.870003,87.870003,375500,77.512705
2011-09-14,87.400002,87.68,85.589996,87.239998,407000,76.956959
2011-09-13,87.040001,87.32,85.910004,86.910004,339900,76.665862
2011-09-12,85.449997,86.849998,85.010002,86.82,378900,76.586467
2011-09-09,87.800003,88.400002,85.940002,86.559998,487000,76.357111
2011-09-08,89.040001,89.830002,88.330002,88.839996,452400,78.368365
2011-09-07,88.339996,89.459999,86.400002,89.379997,569100,78.844715
2011-09-06,85.120003,87.360001,83.919998,87.150002,605400,76.877571
2011-09-02,86.970001,88.160004,86.470001,86.510002,454900,76.313009
2011-09-01,90.919998,91.010002,87.779999,88.410004,426500,77.989056
2011-08-31,90.739998,91.470001,89.75,90.550003,647900,79.876812
2011-08-30,88.620003,90.830002,87.550003,90.349998,503900,79.700382
2011-08-29,87.459999,89.07,87.07,89.010002,483500,78.518332
2011-08-26,85.699997,86.910004,84.330002,86.760002,641800,76.533541
2011-08-25,87.639999,87.959999,85.50,86.400002,1095600,76.215974
2011-08-24,85.919998,87.769997,85.00,87.019997,867400,76.76289
2011-08-23,84.169998,85.650002,83.279999,85.589996,570600,75.501445
2011-08-22,84.949997,85.150002,82.970001,84.040001,532300,74.134148
2011-08-19,83.760002,85.489998,83.470001,83.660004,518200,73.798941
2011-08-18,84.690002,86.769997,84.220001,84.849998,774900,74.848671
2011-08-17,87.379997,88.080002,86.440002,87.139999,429700,76.868748
2011-08-16,86.279999,87.419998,85.839996,86.980003,1005900,76.72761
2011-08-15,85.730003,87.410004,85.599998,87.25,780300,76.965782
2011-08-12,86.57,87.400002,84.699997,85.129997,581500,75.095666
2011-08-11,83.260002,87.540001,82.900002,86.019997,1098900,75.88076
2011-08-10,81.019997,86.949997,80.00,82.900002,1621400,73.128521
2011-08-09,76.660004,83.019997,75.860001,82.93,1406900,73.154984
2011-08-08,78.839996,78.839996,75.309998,75.309998,1309600,66.433156
2011-08-05,82.459999,82.50,80.059998,80.540001,1074200,71.046696
2011-08-04,82.940002,83.839996,81.610001,81.610001,1143400,71.990574
2011-08-03,84.690002,84.690002,81.470001,83.779999,334700,73.904793
2011-08-02,85.730003,86.010002,84.160004,84.230003,396200,74.301755
2011-08-01,87.769997,89.080002,85.599998,86.169998,516900,76.013081
2011-07-29,85.389999,87.43,84.910004,87.339996,565700,77.045171
2011-07-28,86.68,87.269997,85.709999,86.610001,573700,76.40122
2011-07-27,88.620003,88.669998,86.309998,86.419998,467300,76.233613
2011-07-26,89.389999,89.760002,88.669998,88.970001,323100,78.483046
2011-07-25,89.410004,89.699997,88.970001,89.239998,414100,78.721218
2011-07-22,89.580002,90.580002,89.290001,90.290001,404600,79.647456
2011-07-21,89.669998,90.00,89.419998,89.610001,438700,79.047608
2011-07-20,89.18,89.599998,88.639999,89.309998,323300,78.782967
2011-07-19,88.43,89.080002,88.18,88.919998,358800,78.438937
2011-07-18,88.279999,88.370003,87.00,88.00,326500,77.627379
2011-07-15,87.580002,88.529999,86.830002,88.470001,346300,78.041981
2011-07-14,88.279999,88.809998,87.059998,87.150002,597200,76.877571
2011-07-13,89.089996,89.099998,88.089996,88.190002,637000,77.794986
2011-07-12,87.93,89.690002,87.93,88.639999,497400,78.191942
2011-07-11,88.279999,88.93,88.00,88.230003,438400,77.830272
2011-07-08,88.489998,89.379997,88.00,89.379997,336400,78.844715
2011-07-07,88.870003,89.529999,88.459999,89.43,314800,78.888825
2011-07-06,87.169998,88.650002,87.029999,88.410004,341000,77.989056
2011-07-05,86.209999,87.540001,86.160004,87.449997,505700,77.142206
2011-07-01,85.379997,86.959999,85.309998,86.860001,498700,76.621753
2011-06-30,85.940002,85.980003,85.120003,85.18,678500,75.139775
2011-06-29,85.040001,86.050003,84.589996,85.900002,469400,75.774909
2011-06-28,84.209999,84.720001,83.610001,84.720001,317200,74.733996
2011-06-27,83.989998,84.43,83.730003,84.129997,331600,74.213537
2011-06-24,84.199997,84.650002,83.419998,83.809998,557900,73.931255
2011-06-23,85.459999,85.459999,83.620003,84.209999,617300,74.284109
2011-06-22,86.300003,87.00,86.050003,86.120003,723900,75.968979
2011-06-21,86.099998,86.57,85.32,86.400002,660400,76.215974
2011-06-20,84.940002,86.32,84.800003,86.139999,484300,75.395589
2011-06-17,84.709999,85.339996,84.010002,85.050003,954400,74.44155
2011-06-16,82.459999,84.43,82.239998,84.150002,684500,73.653807
2011-06-15,82.629997,82.82,81.760002,82.330002,546700,72.06082
2011-06-14,83.529999,83.660004,82.730003,83.339996,542900,72.944835
2011-06-13,81.769997,82.959999,81.709999,82.419998,572200,72.13959
2011-06-10,83.080002,83.260002,81.550003,81.690002,497600,71.500648
2011-06-09,84.379997,84.379997,83.269997,83.480003,609100,73.067379
2011-06-08,84.330002,84.879997,83.720001,84.279999,377500,73.76759
2011-06-07,84.400002,85.080002,83.839996,84.709999,505700,74.143955
2011-06-06,84.730003,85.099998,84.110001,84.18,423500,73.680064
2011-06-03,84.529999,85.449997,83.650002,84.870003,524100,74.284001
2011-06-02,85.449997,85.889999,84.800003,84.900002,435800,74.310258
2011-06-01,87.650002,87.82,85.209999,85.330002,570100,74.686624
2011-05-31,86.040001,87.980003,85.699997,87.599998,1342300,76.673479
2011-05-27,85.559998,85.660004,84.910004,85.209999,412100,74.581589
2011-05-26,84.839996,85.370003,84.629997,85.260002,473900,74.625355
2011-05-25,84.489998,85.550003,83.879997,85.099998,362500,74.485309
2011-05-24,84.779999,85.029999,84.150002,84.690002,271400,74.126453
2011-05-23,84.199997,85.169998,84.040001,84.699997,386000,74.1352
2011-05-20,85.959999,86.120003,84.620003,84.910004,524000,74.319013
2011-05-19,86.260002,86.620003,85.790001,86.239998,494900,75.483114
2011-05-18,85.510002,86.449997,85.190002,86.220001,398400,75.465612
2011-05-17,85.480003,86.040001,85.040001,85.529999,317100,74.861675
2011-05-16,84.879997,86.029999,84.879997,85.699997,480800,75.010469
2011-05-13,85.730003,85.970001,84.93,85.269997,410100,74.634103
2011-05-12,86.010002,86.43,85.470001,85.610001,546000,74.931698
2011-05-11,87.010002,87.389999,85.790001,86.029999,821000,75.299309
2011-05-10,87.07,87.260002,86.779999,87.209999,788400,76.332125
2011-05-09,87.720001,87.959999,86.93,87.07,585300,76.209588
2011-05-06,88.43,88.75,87.010002,87.989998,782900,77.014833
2011-05-05,87.360001,87.879997,86.620003,87.410004,427700,76.507183
2011-05-04,87.580002,87.809998,87.010002,87.57,403300,76.647222
2011-05-03,87.839996,88.139999,86.410004,87.580002,369000,76.655977
2011-05-02,87.559998,88.00,86.720001,87.669998,323200,76.734748
2011-04-29,87.949997,88.199997,86.760002,87.559998,411000,76.638468
2011-04-28,86.110001,88.300003,85.730003,88.120003,692000,77.128622
2011-04-27,85.940002,86.209999,85.330002,86.209999,596500,75.456857
2011-04-26,85.809998,86.400002,85.459999,85.949997,401800,75.229286
2011-04-25,85.230003,86.379997,84.849998,85.699997,431900,75.010469
2011-04-21,84.709999,85.959999,83.93,85.32,664900,74.677869
2011-04-20,83.980003,84.790001,83.379997,84.709999,438400,74.143955
2011-04-19,83.279999,83.970001,83.209999,83.589996,486800,73.163652
2011-04-18,82.910004,83.220001,82.610001,83.150002,805200,72.778539
2011-04-15,82.620003,83.650002,82.459999,83.639999,447100,73.207419
2011-04-14,80.669998,82.809998,80.660004,82.669998,392100,72.358407
2011-04-13,81.610001,81.75,80.889999,81.099998,316600,70.984237
2011-04-12,81.099998,81.699997,80.970001,81.360001,526800,71.211808
2011-04-11,80.650002,81.75,80.519997,81.449997,403200,71.290579
2011-04-08,80.50,80.830002,79.739998,80.720001,535700,70.651637
2011-04-07,81.110001,81.360001,79.769997,80.209999,550400,70.205249
2011-04-06,81.800003,81.910004,81.169998,81.330002,343500,71.185551
2011-04-05,81.550003,82.120003,81.25,81.529999,299300,71.360602
2011-04-04,81.690002,82.300003,81.32,81.849998,210900,71.640688
2011-04-01,81.910004,82.230003,81.25,81.589996,339400,71.413116
2011-03-31,81.00,82.050003,80.919998,81.559998,432200,71.386859
2011-03-30,80.970001,81.169998,80.589996,81.110001,495800,70.992991
2011-03-29,80.480003,81.029999,79.739998,80.849998,295200,70.76542
2011-03-28,81.199997,81.419998,80.470001,80.580002,237100,70.5291
2011-03-25,80.480003,81.75,80.279999,80.989998,191600,70.887957
2011-03-24,80.150002,80.629997,79.470001,80.400002,312400,70.371552
2011-03-23,81.089996,81.089996,79.519997,79.839996,329000,69.881397
2011-03-22,81.910004,82.040001,80.830002,80.989998,223600,70.887957
2011-03-21,81.599998,82.120003,81.580002,81.739998,416000,71.544408
2011-03-18,81.129997,81.339996,80.519997,81.25,807500,71.115528
2011-03-17,80.620003,80.639999,79.830002,80.459999,391200,70.424066
2011-03-16,80.529999,81.010002,79.470001,79.690002,424000,69.750112
2011-03-15,79.860001,81.169998,79.129997,80.50,445100,70.459077
2011-03-14,81.889999,82.309998,81.449997,81.459999,477100,70.712904
2011-03-11,82.099998,82.620003,81.800003,82.360001,714900,71.494168
2011-03-10,82.400002,82.949997,81.989998,82.239998,728700,71.389997
2011-03-09,82.599998,83.440002,82.199997,82.900002,321900,71.962926
2011-03-08,81.720001,82.959999,81.720001,82.68,290700,71.77195
2011-03-07,82.209999,82.690002,81.459999,81.709999,419500,70.929922
2011-03-04,82.389999,82.540001,81.639999,81.910004,340400,71.103539
2011-03-03,81.489998,82.449997,81.459999,82.449997,379000,71.572291
2011-03-02,81.419998,81.75,80.760002,80.830002,586700,70.166023
2011-03-01,84.080002,84.330002,82.059998,82.169998,492700,71.329232
2011-02-28,83.110001,84.400002,83.089996,84.18,553800,73.074053
2011-02-25,82.110001,83.07,81.870003,83.029999,537600,72.075772
2011-02-24,81.50,81.860001,81.230003,81.510002,535700,70.75631
2011-02-23,81.360001,81.769997,81.360001,81.669998,512600,70.895198
2011-02-22,81.25,81.860001,81.129997,81.510002,436800,70.75631
2011-02-18,81.760002,81.93,81.309998,81.589996,465400,70.825751
2011-02-17,81.610001,82.00,81.190002,81.559998,406400,70.79971
2011-02-16,82.330002,83.330002,81.550003,81.93,381400,71.120898
2011-02-15,81.75,82.290001,81.330002,82.010002,368700,71.190345
2011-02-14,82.339996,82.389999,81.559998,82.120003,106600,71.285833
2011-02-11,81.879997,82.339996,81.059998,82.190002,255600,71.346598
2011-02-10,81.269997,81.980003,80.970001,81.980003,319200,71.164304
2011-02-09,80.040001,81.559998,80.00,81.440002,477700,70.695546
2011-02-08,80.209999,80.690002,80.129997,80.309998,511200,69.714624
2011-02-07,79.650002,80.50,79.379997,80.330002,255900,69.731989
2011-02-04,80.349998,80.540001,79.160004,79.269997,334900,68.811831
2011-02-03,80.110001,80.790001,79.959999,80.239998,210900,69.653859
2011-02-02,79.75,80.809998,79.639999,80.360001,351300,69.75803
2011-02-01,80.839996,80.889999,79.230003,79.809998,403600,69.280589
2011-01-31,79.669998,81.07,79.370003,80.43,403300,69.818794
2011-01-28,80.339996,80.610001,78.830002,79.25,333200,68.794472
2011-01-27,79.510002,80.599998,79.309998,80.50,339300,69.879559
2011-01-26,79.389999,79.50,78.68,79.410004,314000,68.933367
2011-01-25,77.610001,79.290001,77.220001,79.230003,445700,68.777114
2011-01-24,77.699997,77.949997,77.230003,77.769997,229300,67.509727
2011-01-21,77.410004,77.629997,76.919998,77.519997,280000,67.29271
2011-01-20,76.529999,77.519997,76.43,77.169998,312400,66.988887
2011-01-19,77.089996,77.279999,76.470001,76.769997,344700,66.641658
2011-01-18,76.910004,77.489998,76.190002,77.470001,587400,67.249311
2011-01-14,75.989998,76.900002,75.809998,76.870003,291500,66.72847
2011-01-13,76.230003,76.550003,75.82,76.230003,303900,66.172907
2011-01-12,76.669998,76.989998,75.43,76.139999,394000,66.094777
2011-01-11,77.529999,77.550003,76.059998,76.32,336400,66.25103
2011-01-10,76.889999,77.370003,76.559998,77.150002,651400,66.971529
2011-01-07,77.230003,77.599998,76.660004,77.360001,307600,67.153822
2011-01-06,77.760002,78.110001,77.169998,77.209999,331900,67.023611
2011-01-05,78.150002,78.830002,77.309998,77.580002,553500,67.344799
2011-01-04,79.940002,80.00,78.129997,78.389999,818800,68.047933
2011-01-03,78.480003,80.059998,78.480003,80.010002,663800,69.454207
2010-12-31,78.139999,78.769997,77.919998,77.93,348800,67.648622
2010-12-30,77.910004,78.480003,77.68,78.269997,277300,67.943762
2010-12-29,78.00,78.449997,77.470001,78.309998,334800,67.396879
2010-12-28,77.50,77.989998,77.00,77.970001,344300,67.104264
2010-12-27,76.489998,77.519997,76.269997,77.489998,264000,66.691153
2010-12-23,77.230003,77.75,76.650002,76.690002,306800,66.002643
2010-12-22,77.029999,78.150002,77.029999,77.349998,338400,66.570663
2010-12-21,76.470001,77.290001,76.330002,77.139999,368600,66.389929
2010-12-20,75.980003,76.489998,75.610001,76.43,467100,65.778874
2010-12-17,75.470001,76.120003,74.93,75.650002,1248000,65.107574
2010-12-16,75.089996,75.599998,74.660004,75.150002,520300,64.677253
2010-12-15,75.529999,76.620003,74.839996,74.870003,558100,64.436275
2010-12-14,76.550003,77.110001,75.519997,75.779999,475800,65.219455
2010-12-13,77.260002,77.260002,76.370003,76.50,386000,65.839119
2010-12-10,76.599998,77.120003,76.599998,77.00,434400,66.26944
2010-12-09,77.449997,77.449997,76.370003,76.599998,396000,65.925182
2010-12-08,77.790001,78.300003,76.410004,77.220001,712400,66.458782
2010-12-07,78.00,78.669998,77.410004,77.769997,603000,66.932131
2010-12-06,78.099998,78.129997,77.169998,77.75,329500,66.914921
2010-12-03,78.029999,78.360001,77.440002,78.160004,496600,67.267788
2010-12-02,78.050003,78.440002,77.730003,78.309998,617700,67.396879
2010-12-01,78.00,78.269997,76.589996,78.089996,593900,67.207537
2010-11-30,77.989998,78.00,77.089996,77.389999,700100,66.60509
2010-11-29,78.610001,78.830002,77.57,78.599998,351500,67.646466
2010-11-26,78.870003,79.370003,78.599998,78.900002,82800,67.904661
2010-11-24,78.559998,79.370003,78.470001,79.339996,285500,68.283339
2010-11-23,78.150002,78.349998,77.730003,77.959999,389500,67.095655
2010-11-22,77.709999,78.970001,77.68,78.860001,551000,67.870235
2010-11-19,77.790001,78.209999,77.059998,78.059998,409000,67.181718
2010-11-18,78.279999,78.800003,77.870003,78.099998,474400,67.216145
2010-11-17,77.389999,77.93,77.019997,77.760002,391400,66.92353
2010-11-16,78.660004,78.699997,76.720001,77.239998,726600,66.475992
2010-11-15,79.800003,80.25,79.010002,79.059998,454100,68.04236
2010-11-12,79.669998,80.489998,79.459999,79.690002,493700,68.584569
2010-11-11,80.260002,80.93,79.910004,80.120003,348700,68.954645
2010-11-10,79.580002,80.949997,79.50,80.709999,538600,69.462421
2010-11-09,82.339996,82.339996,78.889999,79.589996,819100,68.4985
2010-11-08,81.949997,82.300003,81.419998,82.029999,503000,70.598468
2010-11-05,82.110001,83.169998,81.989998,82.540001,597500,71.037398
2010-11-04,81.940002,82.110001,80.459999,82.110001,1199200,70.667321
2010-11-03,82.959999,83.309998,82.129997,82.449997,332200,70.959937
2010-11-02,83.43,83.68,82.839996,82.989998,326200,71.424684
2010-11-01,82.290001,83.629997,82.129997,82.989998,432000,71.424684
2010-10-29,81.529999,82.690002,81.449997,81.980003,339700,70.55544
2010-10-28,82.699997,83.129997,81.440002,81.779999,556200,70.383308
2010-10-27,82.769997,83.220001,82.099998,82.400002,488800,70.916908
2010-10-26,84.019997,84.019997,83.150002,83.269997,559800,71.665663
2010-10-25,84.699997,85.00,84.00,84.32,341700,72.56934
2010-10-22,84.550003,84.550003,83.529999,84.269997,864500,72.526305
2010-10-21,83.779999,84.720001,83.489998,84.309998,542800,72.560731
2010-10-20,82.489998,84.230003,82.25,83.550003,572400,71.906648
2010-10-19,81.639999,83.160004,81.610001,82.139999,495400,70.69314
2010-10-18,82.150002,82.669998,82.00,82.669998,475900,71.149279
2010-10-15,82.779999,82.779999,81.919998,82.010002,394600,70.581258
2010-10-14,82.290001,82.889999,81.449997,82.110001,467500,70.667321
2010-10-13,82.690002,83.410004,82.230003,82.290001,720400,70.822237
2010-10-12,82.25,82.559998,81.68,82.059998,521600,70.624287
2010-10-11,82.650002,83.629997,81.690002,82.389999,648800,70.9083
2010-10-08,82.830002,83.110001,82.290001,82.650002,299200,71.132069
2010-10-07,83.50,83.919998,82.650002,82.910004,355500,71.355838
2010-10-06,83.989998,84.099998,82.889999,83.150002,569200,71.56239
2010-10-05,83.339996,84.440002,82.599998,84.25,452100,72.509095
2010-10-04,81.82,83.120003,81.580002,82.910004,491500,71.355838
2010-10-01,82.510002,82.510002,81.00,81.900002,645800,70.486587
2010-09-30,82.379997,83.099998,81.470001,81.660004,731800,70.280035
2010-09-29,81.660004,82.370003,81.279999,81.720001,638600,70.331671
2010-09-28,80.879997,82.110001,79.860001,81.910004,624600,70.495196
2010-09-27,80.809998,81.580002,79.860001,81.019997,542900,69.729218
2010-09-24,80.199997,81.139999,79.849998,81.059998,700200,69.763645
2010-09-23,80.610001,80.860001,79.00,79.099998,459800,68.076787
2010-09-22,81.839996,82.099998,81.059998,81.239998,326800,69.91856
2010-09-21,82.730003,83.029999,81.82,81.879997,403600,70.469371
2010-09-20,82.309998,83.629997,82.290001,83.32,552800,71.13207
2010-09-17,82.639999,82.639999,81.639999,82.169998,410700,70.150289
2010-09-16,82.279999,82.559998,81.610001,82.300003,425400,70.261277
2010-09-15,80.900002,82.629997,80.470001,82.480003,635500,70.414947
2010-09-14,80.699997,81.470001,80.459999,80.910004,492200,69.074605
2010-09-13,80.940002,81.550003,80.379997,81.029999,480300,69.177047
2010-09-10,80.300003,80.459999,79.739998,80.18,399800,68.451385
2010-09-09,82.540001,82.540001,79.730003,80.019997,621500,68.314787
2010-09-08,81.709999,82.370003,81.059998,81.349998,482000,69.450238
2010-09-07,82.419998,82.419998,81.529999,81.589996,333700,69.655129
2010-09-03,82.480003,82.959999,81.82,82.669998,391700,70.57715
2010-09-02,81.870003,81.989998,81.07,81.870003,564100,69.894177
2010-09-01,80.230003,81.809998,79.720001,81.629997,708200,69.689279
2010-08-31,78.07,79.309998,77.800003,79.290001,444200,67.691574
2010-08-30,78.779999,79.699997,78.339996,78.379997,326800,66.914684
2010-08-27,78.510002,79.050003,76.68,78.940002,385200,67.392773
2010-08-26,78.540001,78.709999,77.639999,77.870003,398800,66.479291
2010-08-25,76.209999,78.300003,76.059998,78.059998,400700,66.641494
2010-08-24,76.349998,77.599998,75.980003,76.940002,416700,65.68533
2010-08-23,77.559998,78.360001,77.230003,77.43,532600,66.103651
2010-08-20,77.800003,77.800003,76.699997,77.169998,383900,65.881682
2010-08-19,79.050003,79.480003,77.690002,78.040001,625300,66.624422
2010-08-18,79.940002,80.059998,79.190002,79.480003,447700,67.853783
2010-08-17,78.879997,80.209999,78.699997,79.870003,462700,68.186734
2010-08-16,77.239998,78.599998,77.019997,78.059998,418300,66.641494
2010-08-13,77.290001,78.160004,77.160004,77.559998,405000,66.214633
2010-08-12,77.199997,78.239998,76.709999,77.489998,645700,66.154873
2010-08-11,78.279999,79.230003,77.650002,78.040001,555200,66.624422
2010-08-10,79.580002,80.82,79.300003,79.730003,554500,68.067213
2010-08-09,79.629997,80.470001,78.82,80.32,366400,68.570906
2010-08-06,78.769997,79.230003,77.93,78.989998,717700,67.435455
2010-08-05,81.190002,81.540001,79.269997,79.279999,855200,67.683035
2010-08-04,81.209999,81.760002,80.769997,81.540001,395400,69.612447
2010-08-03,80.709999,81.989998,80.709999,80.959999,735500,69.117287
2010-08-02,79.449997,81.349998,78.870003,81.349998,595100,69.450238
2010-07-30,77.470001,78.629997,76.940002,78.190002,805200,66.752481
2010-07-29,79.160004,79.540001,77.290001,77.910004,444100,66.513441
2010-07-28,78.110001,79.260002,77.650002,78.68,520300,67.170803
2010-07-27,79.160004,79.589996,77.580002,78.160004,476400,66.726871
2010-07-26,77.230003,78.910004,76.68,78.879997,510700,67.341545
2010-07-23,75.419998,77.209999,74.629997,77.139999,666700,65.856071
2010-07-22,73.919998,75.959999,73.919998,75.639999,897900,64.575489
2010-07-21,74.980003,74.980003,73.010002,73.120003,524300,62.424114
2010-07-20,72.330002,74.669998,71.68,74.589996,652800,63.679079
2010-07-19,72.620003,73.349998,71.459999,73.220001,775400,62.509485
2010-07-16,73.389999,73.459999,71.919998,72.349998,582300,61.766745
2010-07-15,74.029999,74.089996,72.410004,73.870003,286700,63.064405
2010-07-14,73.980003,74.510002,73.110001,73.900002,358900,63.090016
2010-07-13,74.209999,74.779999,73.860001,74.529999,415700,63.627858
2010-07-12,73.050003,73.82,72.610001,73.43,230800,62.688766
2010-07-09,72.93,73.599998,72.410004,73.410004,385200,62.671694
2010-07-08,72.629997,73.400002,72.010002,73.080002,1220400,62.389964
2010-07-07,68.93,72.279999,68.93,72.269997,1126600,61.698446
2010-07-06,70.459999,71.239998,68.419998,68.910004,1007400,58.829948
2010-07-02,70.879997,71.010002,69.190002,69.889999,570000,59.666591
2010-07-01,70.559998,70.889999,68.550003,70.540001,457600,60.221511
2010-06-30,71.059998,72.150002,70.269997,70.269997,677400,59.991003
2010-06-29,72.050003,72.370003,70.68,71.029999,695800,60.639833
2010-06-28,73.650002,73.959999,72.540001,72.900002,366900,62.236294
2010-06-25,71.720001,73.580002,71.529999,73.550003,926000,62.791215
2010-06-24,72.379997,73.040001,71.300003,71.389999,473100,60.947173
2010-06-23,72.099998,73.540001,71.18,72.760002,397800,62.116774
2010-06-22,74.029999,74.769997,72.059998,72.089996,577400,61.544775
2010-06-21,76.099998,76.459999,74.370003,74.650002,377100,63.16685
2010-06-18,76.209999,76.709999,75.190002,75.309998,721600,63.725322
2010-06-17,76.019997,76.669998,75.480003,76.150002,239100,64.436111
2010-06-16,76.199997,76.629997,75.559998,75.989998,305400,64.30072
2010-06-15,75.50,76.610001,75.050003,76.470001,499600,64.706886
2010-06-14,75.00,75.779999,74.480003,75.260002,595100,63.683017
2010-06-11,73.07,74.559998,72.699997,74.50,330200,63.039923
2010-06-10,72.169998,73.839996,72.089996,73.699997,549100,62.362982
2010-06-09,71.660004,73.309998,71.150002,71.470001,564600,60.476019
2010-06-08,70.32,71.120003,69.099998,70.93,874900,60.019084
2010-06-07,70.510002,71.589996,69.970001,70.32,662200,59.502918
2010-06-04,72.059998,73.309998,69.809998,70.080002,812000,59.299838
2010-06-03,74.629997,74.650002,73.379997,73.580002,382700,62.261445
2010-06-02,73.190002,74.309998,71.879997,74.269997,698600,62.8453
2010-06-01,73.290001,74.160004,72.410004,72.529999,596000,61.37296
2010-05-28,73.870003,74.540001,73.150002,73.699997,639300,62.362982
2010-05-27,71.910004,74.360001,71.169998,74.230003,839600,62.811459
2010-05-26,71.160004,72.290001,70.269997,70.449997,828700,59.612918
2010-05-25,67.949997,70.790001,67.440002,70.57,704100,59.714461
2010-05-24,70.650002,71.209999,69.650002,69.669998,628100,58.952904
2010-05-21,67.830002,70.849998,67.50,70.720001,1008400,59.841388
2010-05-20,70.050003,71.120003,68.239998,68.349998,1248000,57.835955
2010-05-19,72.389999,73.449997,70.669998,71.889999,525200,60.83141
2010-05-18,75.650002,75.919998,72.510002,72.790001,570900,61.592967
2010-05-17,75.849998,76.660004,72.809998,74.870003,461500,63.35301
2010-05-14,76.940002,77.040001,74.940002,75.489998,548000,63.877633
2010-05-13,78.660004,78.849998,77.239998,77.43,739400,65.519212
2010-05-12,78.440002,78.949997,77.970001,78.860001,516400,66.72924
2010-05-11,77.120003,78.790001,76.410004,78.239998,528100,66.20461
2010-05-10,76.639999,78.349998,75.959999,78.300003,883800,66.255385
2010-05-07,74.300003,75.75,72.089996,73.529999,871300,62.219134
2010-05-06,76.540001,76.879997,69.870003,74.25,827200,62.82838
2010-05-05,78.330002,78.489998,76.669998,76.839996,511200,65.019966
2010-05-04,78.089996,79.419998,77.43,77.959999,585700,65.967683
2010-05-03,77.970001,79.669998,77.970001,79.519997,499500,67.287711
2010-04-30,78.779999,79.790001,77.099998,77.389999,512400,65.485364
2010-04-29,77.080002,78.93,76.720001,78.800003,537500,66.678472
2010-04-28,76.68,77.029999,75.860001,76.169998,405900,64.453031
2010-04-27,78.080002,78.790001,75.959999,76.07,545400,64.368415
2010-04-26,78.589996,79.080002,78.18,78.599998,639000,66.509233
2010-04-23,77.68,78.93,77.110001,78.550003,747200,66.466928
2010-04-22,75.370003,78.010002,75.150002,77.830002,492100,65.857682
2010-04-21,74.580002,76.339996,74.260002,76.07,780300,64.368415
2010-04-20,73.769997,74.580002,72.919998,74.559998,554400,63.090692
2010-04-19,73.139999,74.230003,72.779999,73.43,549300,62.134518
2010-04-16,73.209999,74.279999,72.709999,73.279999,1329600,62.007591
2010-04-15,74.82,75.260002,73.290001,73.620003,901800,62.295293
2010-04-14,76.43,76.459999,74.660004,75.150002,569600,63.589937
2010-04-13,74.290001,76.190002,74.290001,75.870003,424300,64.199183
2010-04-12,75.120003,75.290001,74.330002,74.529999,461700,63.065307
2010-04-09,74.029999,75.370003,73.769997,75.150002,505700,63.589937
2010-04-08,73.75,74.160004,73.389999,74.059998,370800,62.667605
2010-04-07,75.75,76.410004,73.769997,74.07,711800,62.676068
2010-04-06,74.43,76.440002,73.989998,76.07,554700,64.368415
2010-04-05,72.849998,74.589996,72.660004,74.589996,589100,63.116076
2010-04-01,73.230003,73.400002,72.00,72.669998,363100,61.491424
2010-03-31,72.709999,73.389999,72.25,72.809998,628600,61.609888
2010-03-30,73.75,73.860001,72.589996,72.910004,386400,61.69451
2010-03-29,73.68,73.68,72.93,73.599998,431200,62.278366
2010-03-26,74.559998,74.849998,73.199997,73.43,408000,62.134518
2010-03-25,74.269997,75.639999,74.019997,74.110001,740100,62.709916
2010-03-24,73.150002,74.309998,73.150002,73.82,443300,62.464525
2010-03-23,73.68,73.730003,72.849998,73.559998,407900,62.244518
2010-03-22,72.300003,73.879997,72.150002,73.550003,434400,62.236061
2010-03-19,72.779999,73.57,72.629997,72.779999,682600,61.584504
2010-03-18,73.660004,73.769997,73.230003,73.50,646300,62.19375
2010-03-17,73.43,74.00,73.040001,73.669998,805000,62.337598
2010-03-16,71.849998,73.199997,71.559998,73.089996,631200,61.846815
2010-03-15,71.75,72.139999,71.290001,71.599998,598800,60.586019
2010-03-12,71.959999,72.370003,71.75,72.360001,400400,60.670636
2010-03-11,71.470001,71.889999,71.209999,71.779999,559800,60.18433
2010-03-10,71.669998,72.220001,71.400002,71.870003,501300,60.259795
2010-03-09,71.959999,72.540001,71.589996,71.809998,1127300,60.209483
2010-03-08,71.370003,72.370003,71.050003,72.209999,434000,60.544866
2010-03-05,70.279999,71.57,69.650002,71.449997,1113800,59.907639
2010-03-04,69.839996,70.050003,69.57,69.910004,319500,58.616423
2010-03-03,70.080002,70.080002,69.480003,69.779999,544400,58.507419
2010-03-02,69.639999,70.029999,69.389999,69.959999,390500,58.658342
2010-03-01,69.150002,69.580002,68.650002,69.57,378500,58.331345
2010-02-26,69.089996,69.629997,68.519997,68.959999,596000,57.819886
2010-02-25,67.580002,69.150002,67.339996,69.050003,410900,57.895351
2010-02-24,68.269997,68.779999,68.190002,68.620003,554500,57.534815
2010-02-23,68.410004,68.730003,68.07,68.269997,1038800,57.24135
2010-02-22,68.730003,68.980003,68.220001,68.580002,543100,57.501276
2010-02-19,67.959999,68.959999,67.57,68.489998,567500,57.425811
2010-02-18,67.260002,68.110001,66.660004,68.080002,659400,57.082048
2010-02-17,66.43,67.139999,66.209999,67.129997,600000,56.285511
2010-02-16,65.029999,66.400002,64.940002,66.220001,547300,55.52252
2010-02-12,62.889999,64.580002,62.68,64.459999,601500,54.046837
2010-02-11,62.790001,64.010002,62.43,63.740002,740900,53.443151
2010-02-10,63.00,64.040001,61.93,63.07,604700,52.881384
2010-02-09,64.489998,64.489998,62.43,63.099998,1325900,52.906537
2010-02-08,65.050003,65.440002,63.419998,63.580002,659000,53.308998
2010-02-05,63.880001,65.209999,63.360001,65.019997,612600,54.51637
2010-02-04,66.190002,66.419998,63.619999,63.73,1122200,53.434765
2010-02-03,67.489998,67.809998,66.290001,66.75,451500,55.966901
2010-02-02,66.209999,67.940002,65.589996,67.809998,1016300,56.855661
2010-02-01,64.830002,65.959999,64.629997,65.879997,680600,55.237442
2010-01-29,64.919998,65.400002,64.239998,64.379997,653900,53.979759
2010-01-28,65.209999,65.260002,63.68,64.540001,537800,54.113915
2010-01-27,65.07,65.620003,64.199997,65.07,660600,54.558295
2010-01-26,65.360001,66.489998,65.059998,65.370003,452600,54.809834
2010-01-25,66.089996,66.220001,64.470001,65.629997,597100,55.027828
2010-01-22,66.860001,67.800003,65.330002,65.50,730100,54.918831
2010-01-21,68.449997,68.919998,66.830002,66.980003,810300,56.159748
2010-01-20,68.559998,68.809998,68.089996,68.360001,665900,57.316814
2010-01-19,67.550003,69.599998,67.269997,69.260002,943600,58.071425
2010-01-15,66.940002,67.699997,66.379997,67.589996,916500,56.6712
2010-01-14,67.290001,67.470001,66.589996,67.050003,522800,56.21844
2010-01-13,66.309998,67.529999,66.139999,67.32,737000,56.44482
2010-01-12,66.68,67.00,65.309998,66.010002,763400,55.346445
2010-01-11,66.900002,67.220001,66.650002,67.160004,373900,56.31067
2010-01-08,66.589996,66.75,65.489998,66.330002,770900,55.614751
2010-01-07,66.550003,67.489998,65.879997,66.75,689700,55.966901
2010-01-06,67.00,67.559998,66.120003,66.769997,578300,55.983667
2010-01-05,66.57,67.029999,65.480003,66.949997,778800,56.134589
2010-01-04,68.059998,68.349998,66.470001,67.029999,662400,56.201667
2009-12-31,68.809998,69.629997,67.519997,67.720001,484400,56.780203
2009-12-30,68.470001,68.739998,67.639999,68.50,276300,57.434198
2009-12-29,70.660004,71.120003,69.07,69.230003,332800,57.492894
2009-12-28,70.349998,71.919998,70.18,70.489998,531500,58.539272
2009-12-24,69.980003,70.220001,69.690002,70.160004,206100,58.265224
2009-12-23,68.540001,70.330002,68.540001,69.839996,623000,57.99947
2009-12-22,67.330002,68.459999,67.25,68.449997,512200,56.845128
2009-12-21,66.389999,67.339996,66.25,67.290001,490100,55.881795
2009-12-18,64.360001,66.199997,64.099998,66.129997,1011100,54.918456
2009-12-17,64.739998,64.800003,63.669998,64.099998,641300,53.232619
2009-12-16,65.43,65.660004,64.620003,64.949997,496500,53.938511
2009-12-15,65.839996,66.080002,64.809998,65.00,428800,53.980036
2009-12-14,65.699997,66.279999,64.860001,66.190002,482300,54.968288
2009-12-11,65.330002,65.660004,64.760002,65.529999,432000,54.42018
2009-12-10,65.160004,65.269997,64.50,65.00,393400,53.980036
2009-12-09,64.599998,65.230003,64.389999,64.660004,601300,53.697682
2009-12-08,64.589996,65.639999,64.00,64.620003,558900,53.664463
2009-12-07,65.660004,66.199997,64.260002,64.760002,495000,53.780727
2009-12-04,65.559998,66.769997,64.540001,65.860001,846100,54.694234
2009-12-03,65.50,66.480003,64.529999,64.790001,762800,53.80564
2009-12-02,64.669998,65.75,64.400002,65.139999,793200,54.096301
2009-12-01,64.610001,65.089996,63.68,64.459999,821500,53.531586
2009-11-30,61.919998,64.370003,61.77,64.32,1252500,53.415322
2009-11-27,62.00,63.299999,61.650002,62.139999,390200,51.604914
2009-11-25,63.619999,64.279999,63.330002,63.490002,648600,52.72604
2009-11-24,63.98,64.199997,63.130001,63.52,698600,52.750953
2009-11-23,65.360001,66.139999,64.00,64.519997,870600,53.581412
2009-11-20,64.529999,64.940002,63.799999,64.559998,896700,53.614631
2009-11-19,65.550003,65.720001,64.510002,65.029999,851400,54.004949
2009-11-18,65.050003,66.349998,65.040001,66.18,881000,54.959982
2009-11-17,66.610001,66.839996,64.830002,64.860001,861500,53.863772
2009-11-16,65.879997,67.540001,65.879997,66.800003,687600,55.474871
2009-11-13,66.00,66.209999,64.900002,65.629997,840900,54.503225
2009-11-12,66.050003,66.830002,65.669998,65.889999,968900,54.719147
2009-11-11,66.650002,66.949997,65.339996,66.190002,1032600,54.968288
2009-11-10,66.43,66.760002,64.82,65.870003,1008000,54.702541
2009-11-09,63.889999,67.040001,63.889999,66.980003,1416800,55.624354
2009-11-06,63.889999,64.389999,63.029999,63.419998,995000,52.667905
2009-11-05,63.400002,64.610001,62.09,64.339996,1782400,53.431928
2009-11-04,61.889999,62.689999,60.66,60.68,1458000,50.39244
2009-11-03,59.09,61.650002,58.889999,61.57,1088300,51.131551
2009-11-02,59.599998,61.009998,58.619999,59.849998,1118300,49.703155
2009-10-30,59.32,60.099998,58.169998,59.029999,1763300,49.022177
2009-10-29,57.880001,60.209999,57.880001,59.900002,921700,49.744681
2009-10-28,59.150002,60.18,57.419998,57.490002,1143100,47.743267
2009-10-27,59.709999,60.580002,58.459999,59.290001,1720800,49.238099
2009-10-26,59.27,60.240002,58.91,59.220001,1053100,49.179966
2009-10-23,58.93,59.459999,58.299999,59.200001,1088500,49.163357
2009-10-22,58.529999,58.849998,58.099998,58.639999,1509000,48.698297
2009-10-21,59.549999,60.360001,58.240002,58.439999,1065000,48.532204
2009-10-20,60.439999,60.439999,59.099998,59.32,893700,49.263011
2009-10-19,60.27,61.02,59.919998,60.400002,604500,50.159912
2009-10-16,60.669998,60.669998,59.860001,60.099998,680200,49.910771
2009-10-15,61.279999,61.490002,60.810001,60.939999,768500,50.608359
2009-10-14,60.68,61.959999,60.580002,61.709999,941200,51.247815
2009-10-13,60.869999,60.939999,59.919998,60.200001,614600,49.993819
2009-10-12,61.75,61.939999,60.52,60.91,392400,50.583446
2009-10-09,60.939999,61.439999,60.209999,61.240002,637000,50.8575
2009-10-08,61.23,62.02,60.810001,61.110001,681300,50.749539
2009-10-07,60.41,61.150002,59.959999,60.669998,664500,50.384134
2009-10-06,60.98,61.84,59.799999,60.540001,792800,50.276176
2009-10-05,59.16,60.889999,58.990002,60.540001,1188600,50.276176
2009-10-02,58.720001,60.189999,57.98,58.650002,1367900,48.706603
2009-10-01,61.150002,61.259998,59.18,59.349998,1452900,49.287924
2009-09-30,61.639999,62.709999,60.220001,61.369999,1200100,50.965458
2009-09-29,62.400002,63.200001,61.259998,61.57,753500,51.131551
2009-09-28,60.439999,62.599998,60.299999,62.470001,775400,51.878968
2009-09-25,60.169998,61.220001,59.939999,60.349998,873800,50.118386
2009-09-24,63.77,64.169998,60.380001,60.43,1923800,50.184825
2009-09-23,65.879997,66.099998,63.139999,63.419998,1769800,52.667905
2009-09-22,64.029999,65.989998,64.029999,65.860001,753200,54.694234
2009-09-21,64.239998,64.68,63.040001,63.689999,932800,52.89213
2009-09-18,65.519997,65.940002,63.779999,65.410004,1050500,53.772425
2009-09-17,65.940002,68.639999,64.589996,65.239998,1198700,53.632666
2009-09-16,63.439999,66.129997,62.970001,66.029999,1059600,54.282112
2009-09-15,62.360001,63.380001,61.419998,63.00,1350400,51.791202
2009-09-14,60.599998,62.459999,60.580002,62.189999,1281700,51.125314
2009-09-11,62.110001,62.439999,60.720001,61.41,968800,50.484091
2009-09-10,62.25,62.400002,61.029999,62.130001,1030300,51.075992
2009-09-09,60.950001,62.23,60.43,62.139999,1023500,51.084211
2009-09-08,59.740002,60.93,59.43,60.889999,1175000,50.056608
2009-09-04,59.139999,59.259998,57.959999,59.09,1257500,48.57686
2009-09-03,58.549999,59.52,57.619999,59.400002,1855700,48.831706
2009-09-02,59.209999,59.57,57.98,58.009998,1924600,47.689009
2009-09-01,62.049999,63.16,59.560001,59.720001,1700300,49.094773
2009-08-31,61.959999,62.68,61.360001,62.369999,1598700,51.27329
2009-08-28,61.939999,62.689999,61.369999,62.689999,1001600,51.536356
2009-08-27,60.830002,61.889999,59.66,61.830002,692200,50.829367
2009-08-26,61.040001,61.57,60.470001,61.290001,825200,50.385442
2009-08-25,61.16,61.790001,60.25,61.27,803300,50.369
2009-08-24,61.27,61.529999,60.34,60.529999,793100,49.760658
2009-08-21,59.900002,61.740002,59.52,60.860001,1145600,50.031946
2009-08-20,56.93,59.349998,56.84,59.16,1040000,48.634405
2009-08-19,57.200001,57.450001,56.360001,56.900002,798200,46.7765
2009-08-18,57.650002,58.400002,57.07,57.75,775000,47.475269
2009-08-17,58.93,58.93,57.299999,57.439999,1333700,47.220422
2009-08-14,60.150002,60.41,59.060001,60.23,1087000,49.514033
2009-08-13,60.23,61.73,59.790001,60.57,1062800,49.793542
2009-08-12,59.610001,60.189999,59.049999,59.580002,1668600,48.979682
2009-08-11,58.599998,60.41,57.610001,59.75,2675500,49.119434
2009-08-10,61.130001,61.610001,59.439999,60.119999,1037600,49.423604
2009-08-07,58.540001,62.610001,57.650002,61.439999,2088600,50.508753
2009-08-06,59.43,60.599998,57.189999,57.23,1914300,47.047786
2009-08-05,58.349998,59.709999,57.59,59.259998,1779700,48.716612
2009-08-04,56.98,60.50,56.290001,59.52,1535800,48.930355
2009-08-03,57.889999,58.009998,56.279999,57.32,1005000,47.121773
2009-07-31,56.880001,57.330002,56.23,57.049999,636100,46.899811
2009-07-30,55.93,58.279999,55.93,57.48,835900,47.253306
2009-07-29,55.459999,55.919998,54.790001,55.43,644800,45.568038
2009-07-28,55.32,56.040001,55.009998,55.93,629900,45.979079
2009-07-27,55.18,55.77,54.419998,55.669998,606500,45.765336
2009-07-24,54.209999,55.279999,53.48,55.23,524700,45.40362
2009-07-23,52.75,55.060001,52.650002,54.77,1239000,45.025463
2009-07-22,52.00,53.490002,51.59,52.950001,823300,43.529273
2009-07-21,53.34,53.349998,51.48,52.509998,699700,43.167555
2009-07-20,51.41,52.77,51.290001,52.490002,1145600,43.151116
2009-07-17,53.419998,53.459999,50.380001,51.07,1588400,41.983757
2009-07-16,51.84,54.029999,50.380001,53.740002,931600,44.178719
2009-07-15,51.099998,53.029999,50.830002,52.68,1036000,43.307311
2009-07-14,50.049999,50.959999,49.34,50.77,597800,41.737133
2009-07-13,48.709999,50.16,48.330002,50.040001,1445700,41.137013
2009-07-10,47.98,48.860001,46.799999,48.529999,702800,39.895667
2009-07-09,49.639999,49.669998,48.110001,48.240002,687400,39.657265
2009-07-08,49.529999,49.990002,48.009998,49.16,913700,40.413579
2009-07-07,51.52,51.630001,49.169998,49.349998,923500,40.569774
2009-07-06,49.66,51.73,49.259998,51.630001,971200,42.444124
2009-07-02,51.439999,51.900002,49.43,49.43,1001300,40.635542
2009-07-01,51.82,52.650002,51.73,52.23,545000,42.937373
2009-06-30,51.610001,52.029999,51.040001,51.52,746300,42.353695
2009-06-29,51.470001,51.790001,50.529999,51.43,828100,42.279707
2009-06-26,50.209999,51.900002,50.060001,51.599998,1102100,42.41946
2009-06-25,49.650002,50.209999,48.91,50.18,980100,41.252104
2009-06-24,49.610001,50.290001,49.290001,49.84,807500,40.972596
2009-06-23,49.299999,50.360001,49.00,49.369999,842900,40.586216
2009-06-22,51.360001,51.84,49.02,49.169998,1279000,40.421799
2009-06-19,52.419998,52.919998,51.959999,52.810001,958400,42.879828
2009-06-18,52.139999,52.830002,51.619999,52.130001,1128000,42.327692
2009-06-17,52.650002,53.48,51.68,52.25,997700,42.425127
2009-06-16,53.330002,53.900002,51.709999,52.50,746300,42.628118
2009-06-15,55.639999,55.639999,52.540001,53.07,1292600,43.090937
2009-06-12,54.16,56.130001,53.959999,55.98,1103000,45.453753
2009-06-11,54.150002,55.049999,53.369999,53.509998,1032000,43.448201
2009-06-10,56.240002,56.240002,53.25,54.00,1430500,43.846064
2009-06-09,55.119999,55.91,54.459999,55.16,1463500,44.787943
2009-06-08,54.529999,55.790001,54.189999,54.990002,828400,44.64991
2009-06-05,55.27,55.830002,54.279999,54.990002,1531200,44.64991
2009-06-04,54.900002,55.869999,54.310001,54.970001,2379300,44.633671
2009-06-03,53.759998,54.959999,53.23,54.740002,1169300,44.446919
2009-06-02,54.290001,54.669998,52.900002,53.939999,1662100,43.797345
2009-06-01,53.459999,56.740002,53.209999,54.369999,2582800,44.14649
2009-05-29,51.84,52.799999,50.369999,52.650002,1818700,42.749914
2009-05-28,52.27,52.450001,49.759998,51.75,1601400,42.019145
2009-05-27,52.849998,52.990002,50.529999,50.959999,1680800,41.377693
2009-05-26,49.700001,53.00,49.110001,52.630001,2124200,42.733674
2009-05-22,51.299999,51.810001,49.73,49.98,1357600,40.581968
2009-05-21,50.09,51.799999,49.869999,51.07,1453600,41.467009
2009-05-20,52.080002,52.689999,50.549999,50.790001,2113500,41.23966
2009-05-19,53.23,53.650002,51.27,51.330002,1797000,41.678122
2009-05-18,50.959999,54.02,50.959999,53.75,2182600,43.643073
2009-05-15,52.099998,52.48,49.689999,50.57,1459600,41.061027
2009-05-14,50.779999,53.00,50.00,52.310001,1695700,42.473846
2009-05-13,53.630001,53.639999,50.66,50.959999,1801300,41.377693
2009-05-12,54.959999,55.900002,52.52,54.369999,1384500,44.14649
2009-05-11,57.00,57.130001,54.380001,54.580002,1835200,44.317005
2009-05-08,54.889999,58.400002,54.16,58.02,2419300,47.110161
2009-05-07,58.02,58.049999,52.84,53.799999,2196600,43.683671
2009-05-06,56.029999,58.099998,55.040001,57.419998,1844200,46.62298
2009-05-05,56.470001,56.75,54.860001,55.790001,1815100,45.299481
2009-05-04,53.790001,56.950001,53.02,56.57,2741000,45.932812
2009-05-01,54.900002,54.939999,52.330002,52.869999,1853100,42.928544
2009-04-30,56.82,58.400002,54.869999,55.200001,2342200,44.820422
2009-04-29,54.349998,57.279999,53.91,56.330002,2201500,45.737942
2009-04-28,52.91,55.869999,52.68,54.02,1750700,43.862304
2009-04-27,55.700001,56.669998,52.330002,54.080002,2890500,43.911023
2009-04-24,53.849998,57.759998,52.91,56.369999,2520700,45.770419
2009-04-23,52.099998,54.200001,50.93,53.950001,2013800,43.805467
2009-04-22,52.59,55.349998,51.049999,51.759998,3307800,42.027263
2009-04-21,50.799999,54.169998,48.290001,53.689999,4666900,43.594354
2009-04-20,57.970001,57.970001,51.25,51.549999,3221600,41.856752
2009-04-17,58.900002,60.41,57.48,59.279999,3171800,48.133234
2009-04-16,55.639999,61.029999,53.189999,59.220001,3525800,48.084518
2009-04-15,50.880001,55.84,50.25,55.709999,2931000,45.234522
2009-04-14,55.68,56.52,51.040001,51.220001,2828000,41.588805
2009-04-13,55.82,58.18,54.669998,57.23,2175600,46.468708
2009-04-09,49.580002,57.380001,49.580002,57.09,4245700,46.355034
2009-04-08,47.650002,49.07,47.049999,48.66,1764000,39.510176
2009-04-07,50.43,50.889999,46.959999,47.00,2974500,38.162315
2009-04-06,50.130001,52.639999,49.330002,51.740002,2355800,42.011027
2009-04-03,48.810001,51.310001,46.700001,50.810001,3090900,41.2559
2009-04-02,47.110001,49.27,45.73,48.810001,2872100,39.631971
2009-04-01,44.860001,46.099998,44.669998,45.509998,2053700,36.952487
2009-03-31,43.369999,46.75,42.650002,46.00,2553200,37.350351
2009-03-30,42.130001,43.32,41.68,42.560001,2163900,34.557196
2009-03-27,43.759998,45.029999,43.240002,43.720001,1385800,35.499074
2009-03-26,45.110001,45.740002,43.240002,45.279999,2436600,36.765736
2009-03-25,44.290001,45.560001,41.049999,44.549999,2119300,36.173002
2009-03-24,45.970001,47.470001,43.389999,43.700001,2000700,35.482834
2009-03-23,43.400002,47.540001,43.09,47.490002,2763000,38.560179
2009-03-20,44.259998,44.490002,41.330002,41.619999,2507900,33.793947
2009-03-19,47.16,47.50,44.869999,45.310001,2147300,36.790097
2009-03-18,44.029999,46.990002,43.099998,46.43,2188800,37.699496
2009-03-17,43.02,45.240002,41.880001,45.119999,2131700,36.635822
2009-03-16,47.290001,47.419998,43.150002,43.200001,1778600,34.549076
2009-03-13,47.790001,47.82,45.299999,46.799999,1124500,37.428164
2009-03-12,43.619999,47.82,42.889999,47.41,2205600,37.91601
2009-03-11,44.880001,44.98,41.950001,43.689999,2608600,34.94095
2009-03-10,41.419998,44.939999,40.650002,44.689999,3689300,35.740697
2009-03-09,39.209999,40.43,38.869999,40.200001,1548700,32.149834
2009-03-06,40.490002,40.490002,36.919998,39.900002,3325900,31.909911
2009-03-05,39.139999,42.439999,38.77,39.439999,2461700,31.542025
2009-03-04,40.990002,41.759998,38.889999,40.540001,1803000,32.421749
2009-03-03,39.790001,40.549999,37.549999,39.669998,2312200,31.725966
2009-03-02,40.299999,41.119999,38.380001,38.82,2556700,31.046183
2009-02-27,41.200001,42.779999,40.799999,41.130001,2153200,32.893599
2009-02-26,44.84,45.349998,41.73,42.200001,1984600,33.749329
2009-02-25,44.439999,45.779999,41.630001,44.029999,2451600,35.212864
2009-02-24,42.540001,45.389999,41.759998,44.799999,2923500,35.82867
2009-02-23,45.810001,46.209999,42.099998,42.369999,2681900,33.885284
2009-02-20,40.549999,45.830002,40.389999,45.610001,3112400,36.476466
2009-02-19,43.099998,46.41,41.720001,42.18,3340300,33.733333
2009-02-18,43.73,45.169998,41.080002,42.57,1967300,34.045234
2009-02-17,45.310001,45.950001,42.650002,43.48,2100100,34.773004
2009-02-13,48.470001,48.84,46.150002,46.189999,1644600,36.940318
2009-02-12,48.00,49.509998,45.799999,48.689999,2000800,38.939686
2009-02-11,49.299999,50.330002,47.380001,49.459999,1749500,39.555491
2009-02-10,52.25,52.810001,48.599998,48.830002,1921900,39.051653
2009-02-09,51.470001,53.41,50.450001,53.310001,1116700,42.63452
2009-02-06,48.939999,52.189999,48.619999,51.93,2224900,41.530868
2009-02-05,49.669998,50.639999,47.349998,48.709999,2419500,38.955681
2009-02-04,50.919998,52.599998,50.150002,50.490002,1456100,40.379233
2009-02-03,50.919998,51.830002,49.700001,50.919998,1375300,40.723121
2009-02-02,49.25,51.32,47.77,51.110001,1461900,40.875075
2009-01-30,53.25,54.369999,49.790001,50.630001,1777100,40.491197
2009-01-29,54.799999,55.799999,52.27,52.849998,1722700,42.266634
2009-01-28,53.540001,56.639999,52.50,56.220001,2812100,44.961783
2009-01-27,49.82,51.689999,49.799999,51.509998,1007500,41.194972
2009-01-26,49.84,51.669998,48.830002,49.709999,1134800,39.755428
2009-01-23,46.310001,50.439999,46.139999,49.919998,1095700,39.923374
2009-01-22,49.709999,51.139999,47.75,48.549999,1569900,38.827722
2009-01-21,49.369999,51.07,46.599998,51.07,2444700,40.843085
2009-01-20,52.110001,52.130001,47.740002,48.400002,2389100,38.707761
2009-01-16,52.490002,53.119999,48.990002,52.830002,1648900,42.250641
2009-01-15,50.00,52.290001,47.77,50.52,2416400,40.403224
2009-01-14,52.639999,53.419998,51.689999,52.07,1849500,41.642832
2009-01-13,52.459999,54.560001,52.16,54.119999,1719300,43.282313
2009-01-12,56.490002,56.490002,51.34,52.450001,2100300,41.946736
2009-01-09,59.459999,59.459999,56.290001,56.41,1387700,45.113734
2009-01-08,58.41,60.099998,57.700001,59.52,1089200,47.600948
2009-01-07,59.68,60.869999,58.150002,58.450001,1137600,46.745219
2009-01-06,57.27,60.919998,56.580002,60.310001,1377300,48.232749
2009-01-05,59.139999,60.470001,57.52,57.869999,1527200,46.281364
2009-01-02,62.369999,62.650002,59.169998,59.419998,1135200,47.520972
2008-12-31,59.560001,63.32,58.959999,62.080002,1188600,49.648302
2008-12-30,56.459999,59.619999,56.459999,59.240002,858400,47.37702
2008-12-29,60.950001,61.240002,56.459999,57.529999,984900,45.489612
2008-12-26,60.990002,61.740002,59.439999,61.549999,438400,48.668272
2008-12-24,60.759998,61.34,59.240002,60.639999,360600,47.948725
2008-12-23,59.740002,61.82,57.689999,60.799999,1004100,48.075238
2008-12-22,62.139999,62.27,57.720001,60.490002,1521500,47.83012
2008-12-19,61.779999,63.150002,59.740002,61.98,1448000,49.008278
2008-12-18,65.50,68.00,59.830002,60.869999,1947600,48.130588
2008-12-17,65.25,70.00,63.860001,65.900002,1810800,52.107867
2008-12-16,58.740002,66.57,58.130001,66.57,2260400,52.637642
2008-12-15,58.84,60.00,55.18,57.759998,1309000,45.671476
2008-12-12,53.75,59.290001,51.48,58.700001,2391400,46.414746
2008-12-11,61.540001,62.810001,53.259998,54.450001,2559100,43.054224
2008-12-10,58.049999,63.470001,57.919998,63.099998,1233900,49.893873
2008-12-09,63.330002,64.169998,56.639999,57.279999,1877500,45.291935
2008-12-08,59.669998,64.760002,57.50,63.93,2074400,50.550165
2008-12-05,51.740002,57.84,50.73,57.23,2194800,45.2524
2008-12-04,52.189999,57.139999,51.07,52.439999,1936900,41.464892
2008-12-03,48.16,53.77,47.490002,52.82,2122900,41.765363
2008-12-02,45.52,51.189999,45.470001,50.560001,2742700,39.978358
2008-12-01,56.110001,56.709999,44.48,44.869999,2228000,35.479209
2008-11-28,57.200001,58.68,55.209999,57.84,971200,45.734734
2008-11-26,53.98,57.919998,53.610001,57.130001,2120700,45.17333
2008-11-25,57.349998,59.380001,52.299999,55.740002,2296600,44.074242
2008-11-24,50.349998,57.16,50.200001,56.09,2457200,44.350989
2008-11-21,49.169998,50.93,44.00,49.060001,3406800,38.792291
2008-11-20,45.060001,50.98,43.459999,46.150002,5912000,36.491321
2008-11-19,50.950001,51.150002,44.419998,45.369999,2039600,35.874565
2008-11-18,50.18,52.369999,48.02,51.00,1901100,40.326269
2008-11-17,51.049999,52.73,48.52,50.189999,1198700,39.685792
2008-11-14,57.48,58.48,50.990002,51.16,1085700,40.452783
2008-11-13,54.259998,57.950001,49.849998,57.950001,2044600,45.821713
2008-11-12,55.240002,55.849998,52.73,53.48,1747800,42.287233
2008-11-11,54.810001,58.209999,54.080002,55.919998,957000,44.216567
2008-11-10,62.330002,64.010002,54.919998,56.189999,1132800,44.430059
2008-11-07,58.779999,63.169998,56.889999,63.09,1101300,49.885967
2008-11-06,57.630001,59.73,56.400002,58.400002,1153700,46.177533
2008-11-05,61.73,63.790001,59.040001,59.619999,1347800,47.142199
2008-11-04,57.93,64.889999,57.93,63.549999,1220500,50.249694
2008-11-03,60.830002,61.860001,58.200001,58.689999,796200,46.406837
2008-10-31,56.860001,61.279999,56.419998,61.27,1283500,48.446873
2008-10-30,52.599998,57.130001,52.599998,56.93,1130400,45.015187
2008-10-29,55.07,58.27,49.150002,52.50,1402700,41.512336
2008-10-28,46.939999,57.119999,45.75,55.84,2405800,44.153312
2008-10-27,48.93,51.41,45.779999,45.900002,1028400,36.293644
2008-10-24,50.00,52.110001,47.549999,49.220001,1716700,38.918804
2008-10-23,56.029999,56.790001,49.970001,53.290001,1945700,42.136999
2008-10-22,57.27,59.439999,53.84,56.02,1460900,44.29564
2008-10-21,60.490002,61.75,58.310001,58.720001,702900,46.430561
2008-10-20,62.400002,62.52,58.59,61.099998,755200,48.312451
2008-10-17,63.099998,65.089996,59.07,61.990002,1260800,49.016186
2008-10-16,61.009998,64.599998,57.700001,63.75,1744100,50.407837
2008-10-15,69.199997,69.199997,58.150002,60.259998,1448800,47.648253
2008-10-14,75.50,78.57,62.650002,69.75,1656600,55.152104
2008-10-13,73.199997,74.919998,67.459999,73.650002,1448500,58.235878
2008-10-10,60.110001,72.25,59.119999,72.25,3273600,57.128882
2008-10-09,67.599998,69.370003,59.759998,61.200001,1616300,48.391524
2008-10-08,65.309998,70.169998,64.68,66.790001,1386000,52.811599
2008-10-07,71.50,73.00,65.550003,66.32,1421200,52.439964
2008-10-06,71.589996,71.980003,65.839996,70.830002,1239600,56.006073
2008-10-03,78.269997,80.839996,71.699997,72.849998,1449100,57.603307
2008-10-02,84.290001,84.290001,78.699997,79.650002,968900,62.980145
2008-10-01,84.75,84.959999,82.559998,84.559998,761100,66.862534
2008-09-30,81.989998,85.949997,79.860001,85.599998,928900,67.684874
2008-09-29,84.099998,84.900002,79.050003,80.510002,1113800,63.660158
2008-09-26,82.120003,85.440002,80.720001,85.230003,599500,67.392315
2008-09-25,81.75,84.32,81.050003,83.199997,960700,65.787166
2008-09-24,84.989998,85.00,81.419998,82.050003,1220000,64.877853
2008-09-23,85.010002,86.279999,83.489998,84.099998,2840900,66.498808
2008-09-22,87.489998,87.919998,84.50,84.849998,2296200,67.091841
2008-09-19,85.32,95.00,77.300003,88.370003,1800400,69.875148
2008-09-18,78.410004,84.75,75.730003,84.75,2608400,66.498812
2008-09-17,77.629997,78.160004,74.760002,75.739998,1320000,59.429143
2008-09-16,74.989998,77.919998,73.00,77.650002,1285900,60.927821
2008-09-15,77.129997,79.50,74.949997,74.949997,1226500,58.809271
2008-09-12,78.410004,80.400002,78.129997,80.230003,595700,62.952211
2008-09-11,77.50,79.239998,76.459999,79.080002,560200,62.049866
2008-09-10,77.669998,79.059998,76.720001,78.68,590100,61.736006
2008-09-09,79.610001,80.18,76.790001,77.209999,1092500,60.582575
2008-09-08,77.760002,79.959999,77.529999,79.959999,915200,62.740353
2008-09-05,74.510002,76.199997,73.230003,75.879997,626300,59.538993
2008-09-04,77.989998,78.540001,75.459999,75.459999,691000,59.209443
2008-09-03,77.349998,78.589996,76.419998,78.589996,921800,61.665385
2008-09-02,77.610001,79.230003,75.540001,77.269997,755800,60.629652
2008-08-29,75.900002,77.00,74.559998,75.879997,444600,59.538993
2008-08-28,74.00,76.410004,73.629997,76.129997,627400,59.735155
2008-08-27,73.00,74.290001,71.970001,73.589996,274500,57.742151
2008-08-26,72.25,73.199997,71.18,72.870003,476400,57.177211
2008-08-25,74.290001,74.75,72.110001,72.120003,479600,56.588726
2008-08-22,71.870003,75.480003,71.860001,74.900002,524600,58.770043
2008-08-21,71.010002,72.00,70.730003,71.290001,641900,55.937467
2008-08-20,72.599998,73.330002,71.269997,72.440002,485400,56.839812
2008-08-19,73.809998,73.809998,71.849998,72.199997,509700,56.651493
2008-08-18,76.50,76.919998,73.860001,74.25,493800,58.260021
2008-08-15,76.019997,77.230003,75.480003,76.230003,781100,59.813624
2008-08-14,72.279999,75.790001,72.279999,75.559998,376300,59.287906
2008-08-13,73.860001,74.120003,72.279999,73.589996,478400,57.742151
2008-08-12,76.470001,76.720001,72.870003,73.860001,762200,57.954009
2008-08-11,75.959999,77.540001,75.269997,76.980003,613400,60.402109
2008-08-08,73.220001,76.900002,72.800003,76.220001,859000,59.805776
2008-08-07,74.709999,75.75,73.089996,73.889999,721000,57.977548
2008-08-06,74.949997,76.32,74.540001,75.690002,583300,59.389914
2008-08-05,72.68,75.779999,71.540001,75.260002,845200,59.052516
2008-08-04,72.330002,72.870003,71.239998,71.440002,652000,56.055166
2008-08-01,72.690002,73.150002,70.120003,72.919998,801300,57.21644
2008-07-31,71.00,73.220001,70.599998,72.610001,702300,56.973201
2008-07-30,73.919998,74.25,70.089996,72.279999,718800,56.714266
2008-07-29,69.50,73.489998,68.919998,73.419998,1093000,57.608763
2008-07-28,70.18,71.769997,68.379997,68.900002,546200,54.062162
2008-07-25,70.690002,71.669998,69.599998,70.349998,816500,55.199898
2008-07-24,73.730003,74.010002,69.099998,69.629997,1284500,54.634951
2008-07-23,71.360001,74.989998,70.32,74.18,1841100,58.205096
2008-07-22,70.790001,73.669998,69.940002,73.669998,900700,57.804925
2008-07-21,70.800003,71.769997,70.25,71.349998,783100,55.984544
2008-07-18,70.379997,70.900002,69.190002,70.639999,1080400,55.427446
2008-07-17,67.620003,70.50,66.949997,70.25,1492500,55.121434
2008-07-16,64.089996,68.120003,61.869999,67.620003,1482500,53.057815
2008-07-15,64.300003,65.419998,62.490002,63.860001,1371800,50.107542
2008-07-14,68.099998,68.849998,64.199997,64.50,1312400,50.609715
2008-07-11,65.010002,68.089996,64.089996,66.440002,919700,52.131932
2008-07-10,64.75,67.349998,64.059998,66.459999,889900,52.147622
2008-07-09,70.260002,70.82,64.370003,64.690002,980900,50.7588
2008-07-08,66.00,71.769997,65.449997,70.400002,1268000,55.239132
2008-07-07,67.339996,67.75,65.610001,66.25,1040300,51.982847
2008-07-03,68.019997,68.370003,66.489998,66.830002,422400,52.437944
2008-07-02,69.349998,70.089996,67.989998,67.989998,550200,53.348131
2008-07-01,68.43,69.650002,67.419998,69.629997,814200,54.634951
2008-06-30,68.709999,71.199997,68.25,69.00,638600,54.140626
2008-06-27,69.82,70.370003,69.019997,69.309998,709300,54.383864
2008-06-26,71.610001,72.050003,69.529999,69.82,683600,54.784036
2008-06-25,71.669998,74.019997,71.669998,72.43,683200,56.831964
2008-06-24,70.889999,71.93,69.790001,71.239998,983500,55.898233
2008-06-23,72.389999,72.760002,70.980003,71.080002,743700,55.772692
2008-06-20,72.870003,73.529999,71.800003,72.18,794300,56.635803
2008-06-19,73.050003,74.339996,72.400002,74.199997,880700,57.742152
2008-06-18,73.18,73.849998,72.300003,72.919998,1231300,56.746062
2008-06-17,77.529999,77.550003,73.68,73.93,1026100,57.532042
2008-06-16,76.580002,77.629997,76.260002,76.75,633700,59.726555
2008-06-13,76.43,76.900002,75.07,76.620003,908200,59.625392
2008-06-12,77.75,78.300003,75.32,76.269997,961400,59.353018
2008-06-11,77.50,77.870003,76.18,77.00,523000,59.921104
2008-06-10,77.449997,78.580002,76.260002,77.860001,684200,60.590353
2008-06-09,79.610001,80.00,77.699997,77.82,489500,60.559225
2008-06-06,80.93,81.370003,79.099998,79.349998,714800,61.749864
2008-06-05,79.919998,82.239998,79.889999,82.120003,764600,63.90547
2008-06-04,79.260002,80.660004,79.260002,79.849998,683400,62.138962
2008-06-03,79.599998,79.970001,79.040001,79.650002,585800,61.983325
2008-06-02,80.220001,80.540001,78.860001,79.129997,579900,61.57866
2008-05-30,80.699997,81.400002,80.300003,80.620003,788900,62.738176
2008-05-29,81.010002,81.529999,80.419998,80.879997,618700,62.940503
2008-05-28,80.400002,81.839996,80.400002,81.00,662900,63.033889
2008-05-27,79.279999,80.669998,78.800003,80.00,520000,62.255692
2008-05-23,80.029999,80.650002,79.209999,79.699997,492000,62.022231
2008-05-22,81.709999,81.809998,80.089996,80.449997,484900,62.605878
2008-05-21,83.720001,84.129997,81.230003,81.709999,534900,63.586407
2008-05-20,84.010002,84.440002,83.239998,83.419998,542100,64.917122
2008-05-19,84.300003,84.75,83.540001,84.349998,358300,65.640845
2008-05-16,83.779999,84.739998,83.470001,84.099998,507800,65.446296
2008-05-15,83.830002,84.489998,83.059998,84.459999,404800,65.726447
2008-05-14,83.080002,83.989998,82.669998,83.730003,387100,65.158367
2008-05-13,82.459999,83.059998,82.110001,82.910004,418800,64.520246
2008-05-12,80.139999,82.610001,79.989998,82.599998,461400,64.279001
2008-05-09,79.099998,81.699997,78.57,79.75,447700,62.061143
2008-05-08,79.699997,80.970001,78.00,79.830002,1338200,62.123401
2008-05-07,84.349998,84.489998,81.779999,82.059998,596800,63.858775
2008-05-06,83.529999,84.459999,83.370003,84.099998,759000,65.446296
2008-05-05,82.410004,84.550003,82.410004,83.989998,419200,65.360693
2008-05-02,84.480003,85.00,83.029999,83.400002,706600,64.901561
2008-05-01,82.360001,83.75,81.919998,83.400002,687100,64.901561
2008-04-30,82.32,83.910004,81.919998,82.150002,1500200,63.928815
2008-04-29,83.160004,83.260002,81.849998,82.290001,569300,64.037762
2008-04-28,83.800003,84.449997,83.190002,83.540001,492900,65.010508
2008-04-25,82.489998,83.809998,81.879997,83.809998,388200,65.220618
2008-04-24,80.209999,82.199997,79.889999,82.199997,737900,63.967722
2008-04-23,80.059998,80.599998,79.32,80.019997,777900,62.271254
2008-04-22,80.209999,80.809998,79.25,79.629997,610600,61.967758
2008-04-21,81.00,81.449997,79.949997,80.589996,375800,62.714825
2008-04-18,81.949997,83.400002,81.269997,81.50,625700,63.422987
2008-04-17,79.970001,81.419998,79.510002,81.150002,362200,63.150619
2008-04-16,78.699997,80.599998,78.269997,80.540001,566000,62.675919
2008-04-15,78.099998,78.519997,76.730003,77.739998,462900,60.496968
2008-04-14,77.800003,79.18,77.169998,77.309998,355700,60.162343
2008-04-11,78.599998,80.059998,77.510002,77.900002,498600,60.621482
2008-04-10,78.50,79.889999,77.900002,79.330002,640800,61.734302
2008-04-09,80.669998,81.00,78.550003,78.550003,513600,61.12731
2008-04-08,81.269997,81.989998,80.639999,81.010002,653500,63.041672
2008-04-07,82.50,82.949997,81.010002,81.690002,586400,63.570846
2008-04-04,82.599998,82.900002,81.419998,81.660004,675300,63.547501
2008-04-03,80.300003,82.830002,79.790001,82.800003,703900,64.434644
2008-04-02,81.040001,81.68,79.540001,80.889999,990100,62.948287
2008-04-01,79.00,81.629997,78.440002,81.589996,1023900,63.493022
2008-03-31,77.720001,80.00,77.129997,77.949997,795500,60.660388
2008-03-28,77.949997,79.489998,77.32,77.480003,613500,60.294641
2008-03-27,79.260002,80.00,77.970001,78.00,905000,60.6993
2008-03-26,82.540001,82.839996,79.699997,80.190002,540300,62.403552
2008-03-25,81.199997,82.57,80.050003,82.57,846800,64.255656
2008-03-24,79.360001,81.239998,79.029999,80.870003,627600,62.932725
2008-03-20,76.559998,79.400002,75.769997,79.209999,838900,61.640917
2008-03-19,77.870003,79.300003,76.739998,77.059998,915600,59.967794
2008-03-18,74.400002,77.839996,74.089996,77.839996,1058900,60.574786
2008-03-17,69.260002,73.699997,69.260002,73.199997,803400,56.963956
2008-03-14,72.379997,73.650002,70.00,72.540001,924000,55.975649
2008-03-13,70.50,72.839996,69.019997,72.57,626100,55.998797
2008-03-12,72.910004,73.699997,71.540001,71.669998,525600,55.304309
2008-03-11,71.260002,72.93,69.800003,72.919998,604400,56.268874
2008-03-10,69.25,70.129997,68.660004,69.349998,855700,53.514076
2008-03-07,67.00,69.43,65.989998,69.019997,695000,53.25943
2008-03-06,70.190002,70.199997,67.260002,67.360001,685900,51.97849
2008-03-05,70.07,71.040001,69.699997,70.440002,758000,54.35518
2008-03-04,71.099998,71.629997,69.75,70.00,1053700,54.015651
2008-03-03,71.900002,72.150002,70.029999,71.519997,936500,55.18856
2008-02-29,71.300003,72.190002,70.970001,71.68,598300,55.312027
2008-02-28,73.449997,73.470001,71.720001,72.209999,558300,55.721002
2008-02-27,74.690002,75.580002,73.599998,74.139999,464700,57.210291
2008-02-26,74.650002,76.00,73.989998,75.019997,628300,57.889343
2008-02-25,73.529999,75.07,72.330002,75.07,671900,57.927928
2008-02-22,72.309998,73.550003,71.300003,73.550003,672200,56.755019
2008-02-21,74.139999,74.400002,72.400002,72.440002,907000,55.898485
2008-02-20,71.339996,73.93,70.980003,73.93,772800,57.048245
2008-02-19,73.199997,73.860001,71.510002,71.949997,766000,55.520371
2008-02-15,71.739998,72.489998,70.889999,72.489998,571700,55.937064
2008-02-14,72.330002,72.959999,71.449997,72.099998,657700,55.63612
2008-02-13,72.989998,73.900002,70.879997,72.839996,822200,56.207141
2008-02-12,70.550003,72.370003,70.110001,72.32,648800,55.805884
2008-02-11,73.07,73.209999,69.82,70.199997,1239300,54.169979
2008-02-08,74.50,74.919998,72.019997,73.029999,696000,56.353756
2008-02-07,72.370003,75.169998,71.110001,74.809998,1045000,57.727296
2008-02-06,74.839996,74.839996,72.410004,72.470001,922100,55.921633
2008-02-05,76.489998,77.559998,74.839996,74.839996,1268000,57.750445
2008-02-04,77.779999,78.230003,76.050003,77.519997,822900,59.818473
2008-02-01,73.860001,77.779999,73.029999,77.779999,1070400,60.019104
2008-01-31,69.720001,74.75,69.720001,73.849998,1343500,56.986511
2008-01-30,69.940002,72.589996,69.75,70.379997,776700,54.308877
2008-01-29,73.160004,73.57,70.25,70.389999,1097600,54.316595
2008-01-28,70.360001,72.809998,69.330002,72.809998,948600,56.183992
2008-01-25,72.059998,74.93,69.480003,70.300003,1412000,54.247149
2008-01-24,69.790001,72.419998,69.419998,71.410004,1988900,55.103684
2008-01-23,63.91,71.32,63.91,69.440002,3193300,53.583528
2008-01-22,62.009998,67.50,61.599998,65.650002,1506600,50.658966
2008-01-18,66.580002,66.910004,63.32,64.480003,1433100,49.756134
2008-01-17,66.959999,68.029999,66.199997,66.360001,1355400,51.206838
2008-01-16,66.029999,68.769997,66.029999,66.809998,1412900,51.554079
2008-01-15,68.900002,69.489998,65.629997,66.779999,1789900,51.53093
2008-01-14,71.25,71.980003,67.580002,70.099998,1103100,54.092815
2008-01-11,70.709999,71.860001,69.339996,71.00,1252900,54.787304
2008-01-10,72.239998,73.150002,69.940002,71.449997,2148000,55.134545
2008-01-09,73.410004,73.419998,67.760002,72.190002,3172200,55.705571
2008-01-08,76.00,77.900002,73.559998,73.620003,832500,56.809034
2008-01-07,75.290001,76.559998,73.75,75.459999,713700,58.228871
2008-01-04,78.00,78.610001,74.860001,74.989998,1083100,57.866194
2008-01-03,81.830002,82.989998,78.720001,78.870003,679500,60.860208
2008-01-02,82.099998,83.410004,81.040001,81.900002,580600,63.198313
2007-12-31,80.849998,83.18,80.300003,82.150002,892200,63.391226
2007-12-28,82.529999,82.699997,80.669998,81.150002,438200,62.619574
2007-12-27,82.669998,84.029999,82.410004,83.139999,738600,63.684454
2007-12-26,84.18,85.089996,82.940002,83.629997,489600,64.059788
2007-12-24,83.300003,84.779999,82.879997,84.720001,214900,64.894721
2007-12-21,82.279999,83.360001,81.800003,83.360001,671200,63.852973
2007-12-20,81.980003,83.419998,80.050003,81.25,3482900,62.236733
2007-12-19,79.099998,82.739998,78.650002,82.139999,914100,62.918464
2007-12-18,79.959999,80.580002,77.790001,79.68,872900,61.034128
2007-12-17,81.370003,81.809998,78.410004,78.580002,854600,60.191539
2007-12-14,82.75,84.18,80.980003,81.080002,765400,62.106516
2007-12-13,84.610001,84.900002,82.699997,83.849998,1186600,64.228307
2007-12-12,84.510002,85.25,81.410004,82.309998,504600,63.048681
2007-12-11,87.769997,88.519997,82.849998,82.849998,345300,63.462316
2007-12-10,88.279999,88.989998,87.389999,88.309998,406700,67.644624
2007-12-07,87.650002,88.410004,86.540001,88.00,641800,67.407169
2007-12-06,84.139999,87.139999,83.959999,87.139999,533800,66.748417
2007-12-05,82.370003,84.839996,82.370003,84.400002,435700,64.649604
2007-12-04,81.900002,82.290001,80.480003,81.370003,502300,62.328654
2007-12-03,83.029999,83.190002,81.709999,82.50,468400,63.194221
2007-11-30,83.480003,84.470001,82.07,83.190002,443000,63.722756
2007-11-29,81.75,82.25,80.900002,81.339996,426600,62.305669
2007-11-28,81.620003,84.230003,81.209999,81.82,711700,62.673347
2007-11-27,79.400002,82.489998,79.290001,81.620003,671300,62.520151
2007-11-26,82.209999,82.610001,79.080002,79.080002,803000,60.574535
2007-11-23,82.419998,83.139999,81.389999,82.610001,313000,63.27848
2007-11-21,80.50,81.290001,77.970001,80.940002,750200,61.999277
2007-11-20,81.459999,82.720001,77.50,79.07,365000,60.566873
2007-11-19,81.75,82.260002,80.940002,80.940002,411700,61.999277
2007-11-16,84.120003,84.120003,81.440002,82.50,530900,63.194221
2007-11-15,83.160004,83.730003,81.760002,83.370003,284500,63.860635
2007-11-14,85.199997,85.839996,83.239998,83.410004,304500,63.891275
2007-11-13,83.550003,85.050003,83.309998,85.050003,368900,65.147499
2007-11-12,83.529999,84.709999,82.980003,83.120003,310000,63.669137
2007-11-09,83.650002,84.00,82.82,83.480003,702900,63.944894
2007-11-08,83.449997,84.699997,82.099998,84.300003,633000,64.573006
2007-11-07,84.360001,84.360001,82.720001,82.93,456100,63.523597
2007-11-06,84.099998,84.43,82.900002,84.43,532500,64.672583
2007-11-05,82.440002,83.82,81.610001,83.290001,743500,63.799354
2007-11-02,85.32,85.559998,82.349998,83.160004,583900,63.699777
2007-11-01,87.00,87.379997,83.720001,84.550003,392000,64.764504
2007-10-31,88.040001,88.839996,85.610001,88.220001,591600,67.575688
2007-10-30,87.720001,88.480003,87.32,87.900002,263400,67.330571
2007-10-29,88.150002,88.980003,87.209999,87.720001,230000,67.192692
2007-10-26,88.129997,88.82,86.650002,88.150002,413300,67.522069
2007-10-25,86.93,87.470001,85.400002,87.129997,481000,66.740755
2007-10-24,85.400002,86.449997,83.32,86.230003,574300,66.051368
2007-10-23,85.540001,86.550003,84.660004,85.989998,162200,65.867526
2007-10-22,83.860001,85.760002,82.440002,85.00,243700,65.109197
2007-10-19,87.410004,87.550003,84.089996,84.089996,271200,64.412143
2007-10-18,86.00,88.75,84.989998,87.739998,218500,67.20801
2007-10-17,87.889999,88.00,84.839996,86.629997,425300,66.35776
2007-10-16,88.800003,88.800003,86.629997,87.139999,313300,66.748417
2007-10-15,91.400002,91.940002,88.379997,88.629997,244200,67.889741
2007-10-12,91.830002,91.830002,90.559998,90.900002,304800,69.628543
2007-10-11,93.50,93.50,91.120003,91.230003,518000,69.881321
2007-10-10,93.400002,94.389999,92.529999,92.949997,476500,71.19882
2007-10-09,94.550003,94.550003,91.809998,93.400002,427300,71.543519
2007-10-08,94.239998,94.489998,93.230003,93.830002,157900,71.872895
2007-10-05,93.540001,95.360001,93.290001,95.190002,440800,72.914643
2007-10-04,93.699997,93.980003,92.25,93.68,434700,71.757995
2007-10-03,92.690002,93.279999,91.93,92.769997,230000,71.060941
2007-10-02,91.00,92.989998,90.75,92.940002,475300,71.191164
2007-10-01,88.599998,90.900002,88.279999,90.900002,327000,69.628543
2007-09-28,88.610001,88.919998,87.220001,88.599998,369400,67.866762
2007-09-27,87.900002,88.709999,87.519997,88.480003,300100,67.774847
2007-09-26,87.190002,87.879997,86.57,87.550003,217900,67.062475
2007-09-25,86.720001,87.25,85.300003,86.709999,367400,66.41904
2007-09-24,86.919998,89.07,86.919998,88.919998,261700,68.111879
2007-09-21,86.660004,87.589996,86.400002,86.910004,475900,66.572242
2007-09-20,88.00,88.25,86.00,86.400002,283200,66.181585
2007-09-19,87.029999,88.989998,87.029999,88.540001,308300,67.820804
2007-09-18,85.25,87.989998,84.690002,87.07,351600,66.227541
2007-09-17,84.910004,85.379997,83.839996,84.760002,310900,64.470501
2007-09-14,84.190002,85.739998,83.900002,85.699997,423000,65.185484
2007-09-13,83.50,85.269997,83.230003,84.82,555200,64.516137
2007-09-12,82.25,83.50,81.870003,82.900002,373000,63.05574
2007-09-11,81.610001,83.050003,81.529999,82.540001,336100,62.781915
2007-09-10,82.669998,83.400002,80.660004,81.629997,434100,62.089744
2007-09-07,83.949997,84.360001,81.949997,82.540001,324200,62.781915
2007-09-06,84.82,85.220001,83.75,84.349998,273700,64.158643
2007-09-05,84.43,85.07,83.480003,84.620003,467900,64.364014
2007-09-04,84.459999,86.519997,83.50,85.480003,517800,65.018152
2007-08-31,82.559998,85.139999,82.550003,84.07,460500,63.945669
2007-08-30,79.739998,81.900002,79.699997,81.660004,265600,62.112568
2007-08-29,79.639999,80.43,78.220001,80.110001,513200,60.933598
2007-08-28,80.00,81.00,78.730003,78.910004,678200,60.020851
2007-08-27,81.860001,82.00,79.860001,79.949997,245500,60.811895
2007-08-24,81.349998,82.629997,80.889999,81.900002,342800,62.295116
2007-08-23,82.900002,83.970001,81.360001,81.879997,291200,62.2799
2007-08-22,83.00,83.919998,81.830002,82.360001,175500,62.645002
2007-08-21,80.080002,82.410004,79.889999,82.169998,344400,62.500482
2007-08-20,78.580002,81.440002,77.050003,80.300003,298300,61.078118
2007-08-17,77.169998,81.309998,77.169998,78.660004,549400,59.830695
2007-08-16,73.550003,77.559998,73.43,77.169998,710000,58.697361
2007-08-15,74.870003,78.620003,74.360001,74.830002,694900,56.917504
2007-08-14,76.50,76.839996,74.080002,75.239998,393300,57.229356
2007-08-13,78.50,78.870003,75.870003,76.50,471000,58.187744
2007-08-10,80.129997,80.129997,77.360001,77.830002,368100,59.199376
2007-08-09,72.769997,83.110001,72.769997,80.889999,543100,61.526884
2007-08-08,80.50,83.980003,80.25,82.230003,566300,62.546123
2007-08-07,78.220001,80.739998,77.50,80.50,629200,61.230241
2007-08-06,75.669998,79.419998,75.419998,78.339996,546400,59.58729
2007-08-03,77.580002,77.989998,75.709999,76.839996,868100,58.446354
2007-08-02,74.339996,77.910004,74.25,77.040001,519800,58.598482
2007-08-01,70.129997,76.370003,70.129997,75.50,362300,57.42712
2007-07-31,75.720001,77.339996,74.849998,75.139999,413300,57.153295
2007-07-30,73.699997,75.339996,73.120003,74.720001,377700,56.833834
2007-07-27,74.769997,77.279999,73.370003,73.82,640200,56.149272
2007-07-26,76.059998,76.809998,74.75,76.660004,411700,58.309447
2007-07-25,78.019997,78.330002,75.489998,77.099998,288600,58.644118
2007-07-24,79.629997,80.660004,76.889999,77.239998,253700,58.750605
2007-07-23,80.650002,80.68,79.370003,79.650002,258500,60.583712
2007-07-20,82.50,82.989998,79.639999,80.510002,290900,61.237849
2007-07-19,82.82,84.25,81.919998,82.370003,268200,62.65261
2007-07-18,82.00,82.860001,81.099998,82.82,361100,62.994889
2007-07-17,82.599998,83.32,82.32,82.720001,418700,62.918827
2007-07-16,83.300003,83.989998,82.269997,82.540001,472600,62.781915
2007-07-13,83.050003,85.040001,82.889999,83.650002,693700,63.626208
2007-07-12,76.779999,82.50,76.309998,82.190002,1424400,62.515698
2007-07-11,75.949997,76.839996,74.75,76.589996,287800,58.256198
2007-07-10,77.900002,77.959999,76.300003,76.550003,471100,58.225778
2007-07-09,79.480003,79.949997,78.720001,78.739998,441800,59.891541
2007-07-06,81.190002,81.190002,79.309998,80.019997,283100,60.865139
2007-07-05,79.419998,82.769997,79.419998,80.489998,508900,61.222633
2007-07-03,80.580002,81.610001,78.790001,79.059998,319800,60.13494
2007-07-02,78.160004,80.709999,77.629997,79.779999,527400,60.682591
2007-06-29,77.50,78.68,76.010002,77.260002,613500,58.76582
2007-06-28,76.50,77.970001,75.949997,77.050003,606600,58.60609
2007-06-27,75.150002,76.639999,74.360001,76.599998,1035600,58.263806
2007-06-26,76.139999,76.139999,74.959999,75.269997,597500,57.252174
2007-06-25,76.800003,76.879997,75.239998,75.870003,499100,57.708553
2007-06-22,76.239998,77.089996,76.07,76.839996,559000,58.446354
2007-06-21,77.129997,77.489998,75.800003,76.699997,648900,58.339867
2007-06-20,79.18,79.220001,77.540001,77.540001,565600,58.978794
2007-06-19,79.919998,80.019997,78.629997,79.940002,802200,60.366933
2007-06-18,82.209999,83.099998,80.349998,80.419998,476000,60.729403
2007-06-15,83.620003,84.120003,82.75,82.849998,504100,62.564425
2007-06-14,84.25,84.900002,82.410004,82.760002,225100,62.496464
2007-06-13,83.230003,84.610001,82.790001,84.290001,390400,63.651847
2007-06-12,83.949997,84.00,82.330002,82.529999,309200,62.322776
2007-06-11,84.910004,84.919998,83.699997,84.199997,187000,63.58388
2007-06-08,83.660004,85.339996,82.330002,85.339996,154100,64.444754
2007-06-07,85.760002,85.800003,82.989998,83.300003,268700,62.904247
2007-06-06,85.870003,87.150002,85.400002,86.449997,205800,65.282975
2007-06-05,88.610001,88.779999,86.519997,86.580002,319300,65.381148
2007-06-04,88.139999,89.709999,87.949997,88.739998,234700,67.012276
2007-06-01,88.75,89.519997,88.50,89.059998,277700,67.253924
2007-05-31,88.559998,89.010002,86.720001,88.620003,578800,66.921661
2007-05-30,86.07,88.779999,85.970001,88.489998,593800,66.823487
2007-05-29,84.790001,86.489998,84.790001,86.07,693600,64.996019
2007-05-25,84.040001,84.699997,83.230003,83.620003,273100,63.145896
2007-05-24,84.139999,84.449997,82.040001,82.769997,389300,62.504011
2007-05-23,86.279999,86.989998,84.339996,84.519997,197200,63.825529
2007-05-22,84.540001,86.559998,84.220001,85.75,346600,64.75437
2007-05-21,83.599998,85.860001,83.599998,84.540001,392400,63.840635
2007-05-18,84.849998,84.849998,83.25,83.599998,300100,63.13079
2007-05-17,86.019997,86.019997,84.120003,84.849998,332600,64.074731
2007-05-16,87.18,87.339996,85.489998,86.07,393900,64.996019
2007-05-15,88.699997,88.989998,86.860001,87.18,309400,65.834239
2007-05-14,90.00,90.50,88.75,88.93,229300,67.155757
2007-05-11,89.470001,90.160004,89.080002,89.620003,145200,67.676814
2007-05-10,90.00,90.43,88.849998,89.220001,201600,67.374752
2007-05-09,88.959999,90.790001,88.849998,90.349998,296100,68.228072
2007-05-08,89.449997,89.699997,88.75,88.760002,272600,67.027382
2007-05-07,90.389999,90.870003,89.779999,89.910004,243600,67.895809
2007-05-04,91.07,91.099998,89.970001,90.139999,246400,68.069491
2007-05-03,90.529999,91.410004,90.269997,90.870003,260100,68.620755
2007-05-02,89.919998,90.830002,88.860001,90.529999,259600,68.364
2007-05-01,90.300003,90.339996,87.760002,90.32,446300,68.205419
2007-04-30,91.580002,92.129997,90.050003,90.169998,344000,68.092145
2007-04-27,90.699997,91.830002,90.510002,91.57,191300,69.14936
2007-04-26,91.419998,91.900002,90.760002,91.010002,157300,68.726476
2007-04-25,92.349998,92.50,90.580002,91.370003,143700,68.998332
2007-04-24,92.690002,93.010002,91.089996,91.849998,118600,69.360802
2007-04-23,91.199997,92.900002,91.099998,92.589996,217300,69.919614
2007-04-20,90.639999,91.269997,90.639999,91.269997,132800,68.922812
2007-04-19,90.349998,90.650002,89.830002,90.330002,214000,68.212972
2007-04-18,91.50,91.830002,90.889999,91.269997,160200,68.922812
2007-04-17,91.050003,91.980003,90.209999,91.800003,181500,69.323048
2007-04-16,91.400002,92.790001,90.470001,90.599998,155100,68.416861
2007-04-13,89.989998,91.089996,89.75,90.910004,175800,68.650962
2007-04-12,88.589996,90.330002,88.589996,89.919998,173600,67.903356
2007-04-11,90.300003,92.040001,90.120003,90.480003,189200,68.326246
2007-04-10,91.809998,92.82,91.529999,92.190002,136200,69.617557
2007-04-09,91.220001,91.93,90.93,91.809998,134500,69.330595
2007-04-05,91.139999,91.739998,91.010002,91.220001,163700,68.885058
2007-04-04,92.150002,92.349998,90.709999,91.389999,302400,69.013432
2007-04-03,92.400002,93.339996,92.260002,92.449997,345700,69.813893
2007-04-02,90.720001,92.080002,90.57,92.050003,278100,69.511836
2007-03-30,88.50,90.68,88.239998,90.620003,588100,68.431967
2007-03-29,88.540001,89.099998,87.610001,87.830002,233100,66.325089
2007-03-28,87.419998,88.889999,86.730003,88.050003,249000,66.491224
2007-03-27,89.290001,89.32,88.019997,88.419998,234400,66.770627
2007-03-26,91.489998,91.50,89.25,89.43,269800,67.533333
2007-03-23,90.910004,92.32,90.790001,91.239998,156600,68.900158
2007-03-22,90.900002,91.699997,90.57,91.160004,141000,68.83975
2007-03-21,88.839996,91.419998,88.809998,91.150002,259100,68.832197
2007-03-20,89.519997,90.540001,89.129997,89.839996,278500,67.842943
2007-03-19,89.50,90.290001,88.809998,90.07,174400,68.016631
2007-03-16,89.900002,90.209999,88.660004,88.949997,212000,67.170857
2007-03-15,89.349998,91.00,89.309998,89.949997,198600,67.92601
2007-03-14,89.150002,89.57,86.769997,89.349998,381700,67.472919
2007-03-13,91.00,91.730003,88.739998,88.900002,292400,67.133103
2007-03-12,91.279999,92.139999,90.449997,91.690002,191500,69.23998
2007-03-09,90.699997,92.040001,90.120003,91.489998,234500,69.088946
2007-03-08,89.599998,90.970001,89.410004,90.279999,373400,67.741
2007-03-07,89.550003,89.889999,87.75,88.18,289800,66.16528
2007-03-06,88.00,90.199997,88.00,89.489998,372400,67.148228
2007-03-05,89.400002,89.550003,86.800003,86.940002,560500,65.234855
2007-03-02,90.949997,91.410004,89.669998,89.949997,874400,67.493385
2007-03-01,90.129997,91.059998,87.029999,90.010002,643300,67.538409
2007-02-28,90.099998,90.989998,89.349998,90.489998,565500,67.898571
2007-02-27,91.230003,91.230003,86.699997,89.550003,527000,67.193252
2007-02-26,90.800003,92.50,89.870003,91.629997,341900,68.753962
2007-02-23,93.400002,93.400002,91.510002,91.839996,293100,68.911533
2007-02-22,93.739998,93.849998,92.379997,93.300003,214100,70.00704
2007-02-21,93.57,93.900002,92.779999,93.769997,213500,70.359696
2007-02-20,92.029999,94.419998,91.879997,94.00,346400,70.532278
2007-02-16,93.650002,93.940002,92.419998,93.269997,322700,69.984525
2007-02-15,91.599998,94.400002,91.599998,94.00,401700,70.532278
2007-02-14,92.00,94.959999,91.550003,92.699997,669400,69.556829
2007-02-13,92.550003,94.599998,89.040001,93.919998,447700,70.472249
2007-02-12,94.57,94.650002,91.699997,92.300003,443500,69.256696
2007-02-09,96.00,96.690002,92.330002,94.970001,936900,71.260112
2007-02-08,96.75,97.730003,95.139999,95.839996,435900,71.912907
2007-02-07,95.120003,98.919998,94.879997,97.120003,575500,72.873351
2007-02-06,94.00,96.620003,93.830002,96.620003,330600,72.49818
2007-02-05,94.32,94.790001,93.059998,93.580002,254000,70.217135
2007-02-02,94.669998,95.00,93.489998,94.489998,188300,70.899945
2007-02-01,93.400002,94.529999,93.050003,94.459999,204000,70.877435
2007-01-31,91.849998,94.18,91.849998,93.419998,224700,70.097077
2007-01-30,92.50,93.239998,91.800003,93.050003,571700,69.819454
2007-01-29,91.900002,92.440002,90.580002,90.809998,296600,68.138681
2007-01-26,91.050003,91.919998,90.300003,91.919998,289100,68.971562
2007-01-25,89.800003,91.959999,89.690002,91.00,460200,68.281248
2007-01-24,88.830002,89.32,88.480003,89.300003,295200,67.005666
2007-01-23,88.349998,89.790001,87.959999,88.849998,293700,66.668008
2007-01-22,88.68,88.919998,87.970001,88.190002,414600,66.172785
2007-01-19,87.330002,88.68,86.440002,88.68,200700,66.540451
2007-01-18,87.489998,87.699997,86.410004,87.230003,100600,65.452456
2007-01-17,87.370003,87.839996,86.339996,87.239998,146400,65.459955
2007-01-16,85.699997,87.660004,85.699997,87.480003,164000,65.640042
2007-01-12,85.529999,86.080002,85.330002,85.779999,128100,64.364454
2007-01-11,84.830002,86.529999,84.610001,85.650002,206600,64.266912
2007-01-10,83.699997,85.00,82.959999,84.730003,257800,63.576597
2007-01-09,82.00,84.040001,81.93,83.800003,188000,62.878778
2007-01-08,81.50,82.050003,80.82,81.93,169400,61.475634
2007-01-05,83.419998,83.50,81.839996,82.029999,154400,61.550667
2007-01-04,84.25,84.290001,83.099998,83.419998,199200,62.593644
2007-01-03,85.459999,86.120003,83.760002,84.459999,229400,63.374001
2006-12-29,84.459999,85.769997,84.25,85.00,301200,63.779188
2006-12-28,83.349998,84.760002,83.059998,84.209999,247000,63.186416
2006-12-27,82.309998,83.919998,82.309998,83.849998,236500,62.484847
2006-12-26,81.50,82.709999,81.290001,82.360001,147000,61.374504
2006-12-22,81.900002,82.150002,81.00,81.300003,416900,60.584596
2006-12-21,82.080002,82.980003,81.50,81.57,326800,60.785797
2006-12-20,81.900002,82.419998,81.470001,82.099998,280400,61.180751
2006-12-19,82.150002,82.150002,80.349998,81.75,257700,60.919933
2006-12-18,84.00,84.00,82.150002,82.519997,197300,61.493732
2006-12-15,84.50,84.50,83.32,84.040001,188200,62.626437
2006-12-14,83.699997,84.540001,83.470001,83.699997,187400,62.373066
2006-12-13,84.519997,84.730003,83.120003,83.900002,212400,62.522109
2006-12-12,84.849998,85.00,84.010002,84.269997,182300,62.797829
2006-12-11,85.00,85.239998,84.010002,84.760002,230700,63.16298
2006-12-08,85.510002,85.589996,84.610001,85.150002,149000,63.453607
2006-12-07,86.339996,86.629997,85.410004,85.709999,282000,63.870916
2006-12-06,86.25,86.400002,85.339996,86.099998,233600,64.161543
2006-12-05,87.00,87.110001,86.230003,86.580002,246600,64.51924
2006-12-04,85.260002,87.190002,85.260002,87.150002,137800,64.944003
2006-12-01,85.18,86.00,85.07,85.349998,244100,63.602644
2006-11-30,84.900002,85.860001,84.099998,85.18,921500,63.475962
2006-11-29,82.449997,84.239998,82.110001,84.160004,215000,62.715862
2006-11-28,82.400002,82.50,81.699997,82.279999,251300,61.314887
2006-11-27,83.550003,84.190002,82.220001,82.400002,340400,61.404312
2006-11-24,83.300003,84.50,83.239998,84.480003,93400,62.954325
2006-11-22,82.75,83.650002,82.690002,83.440002,209100,62.179319
2006-11-21,81.650002,82.849998,81.580002,82.75,247900,61.665131
2006-11-20,78.849998,82.099998,78.849998,81.519997,538100,60.748535
2006-11-17,78.449997,78.550003,78.150002,78.379997,166500,58.408613
2006-11-16,78.400002,78.779999,78.010002,78.50,361000,58.498039
2006-11-15,78.50,79.010002,78.160004,78.489998,138400,58.490586
2006-11-14,77.949997,78.730003,77.709999,78.699997,162500,58.647077
2006-11-13,78.099998,78.349998,77.269997,77.629997,141700,57.849715
2006-11-10,77.599998,78.300003,77.599998,78.300003,120800,58.349002
2006-11-09,77.150002,78.150002,76.519997,77.669998,202300,57.879524
2006-11-08,76.839996,77.400002,76.349998,77.00,292200,57.380242
2006-11-07,77.900002,78.139999,77.199997,77.199997,228900,57.52928
2006-11-06,78.50,78.550003,77.199997,78.129997,322500,58.222314
2006-11-03,79.00,79.379997,77.730003,78.339996,403000,58.378805
2006-11-02,80.00,80.00,77.900002,79.150002,667200,58.982419
2006-11-01,79.599998,80.43,79.50,80.139999,316700,59.720163
2006-10-31,79.849998,80.190002,79.57,80.150002,443900,59.727617
2006-10-30,78.300003,79.830002,78.129997,79.519997,215600,59.258139
2006-10-27,78.150002,78.730003,78.010002,78.50,230000,58.498039
2006-10-26,78.089996,78.589996,77.870003,78.589996,129400,58.565104
2006-10-25,77.25,78.089996,77.150002,78.089996,159200,58.192505
2006-10-24,77.43,77.540001,77.050003,77.379997,172200,57.663415
2006-10-23,76.75,77.529999,76.459999,77.470001,153100,57.730486
2006-10-20,76.900002,76.93,76.099998,76.839996,146100,57.261008
2006-10-19,77.239998,77.410004,76.75,77.050003,129000,57.417504
2006-10-18,77.150002,77.239998,76.900002,77.239998,159400,57.559088
2006-10-17,76.949997,77.18,76.779999,76.949997,68500,57.34298
2006-10-16,76.849998,77.150002,76.760002,77.150002,84200,57.492023
2006-10-13,76.400002,77.550003,76.400002,77.059998,255200,57.424952
2006-10-12,76.099998,76.559998,75.720001,76.559998,125900,57.052353
2006-10-11,76.010002,76.559998,75.349998,75.940002,244100,56.590334
2006-10-10,75.800003,76.449997,75.300003,76.160004,364600,56.754279
2006-10-09,74.830002,75.900002,74.25,75.900002,246600,56.560526
2006-10-06,75.169998,75.169998,74.230003,74.75,273800,55.703547
2006-10-05,75.489998,75.489998,74.769997,75.389999,176300,56.180473
2006-10-04,74.150002,75.330002,74.110001,75.330002,316100,56.135763
2006-10-03,73.440002,74.550003,73.43,74.230003,233200,55.316046
2006-10-02,74.300003,74.300003,73.160004,73.470001,290400,54.749694
2006-09-29,74.75,74.849998,74.190002,74.300003,304200,55.36821
2006-09-28,75.349998,75.349998,74.540001,74.870003,247500,55.792973
2006-09-27,73.599998,75.379997,73.599998,75.379997,277300,56.17302
2006-09-26,74.00,74.25,73.279999,73.720001,178500,54.935994
2006-09-25,74.339996,74.339996,73.300003,74.150002,160600,55.256429
2006-09-22,73.25,74.360001,72.849998,74.360001,185800,55.41292
2006-09-21,73.949997,74.099998,72.970001,73.480003,308300,54.757148
2006-09-20,74.800003,74.800003,73.910004,74.059998,204400,55.189358
2006-09-19,74.449997,75.00,74.260002,75.00,218100,55.461355
2006-09-18,74.900002,75.050003,74.330002,74.480003,213000,55.076825
2006-09-15,74.75,75.150002,74.339996,75.059998,590500,55.505722
2006-09-14,74.699997,74.879997,74.510002,74.599998,482900,55.16556
2006-09-13,75.550003,76.620003,75.349998,76.419998,159000,56.511422
2006-09-12,74.639999,75.75,74.190002,75.699997,143600,55.978992
2006-09-11,73.900002,74.730003,73.699997,74.690002,145500,55.232116
2006-09-08,73.699997,74.639999,73.279999,74.449997,178000,55.054636
2006-09-07,74.349998,74.50,73.489998,73.610001,166300,54.433471
2006-09-06,74.300003,74.809998,74.059998,74.57,158100,55.143376
2006-09-05,73.839996,74.620003,73.82,74.470001,116500,55.069429
2006-09-01,74.25,74.349998,73.690002,73.849998,85200,54.610946
2006-08-31,74.029999,74.339996,73.839996,74.07,96600,54.773634
2006-08-30,73.260002,74.029999,72.769997,74.029999,338800,54.744053
2006-08-29,73.080002,73.419998,72.739998,73.260002,121400,54.174653
2006-08-28,72.199997,73.459999,72.010002,73.279999,214200,54.18944
2006-08-25,72.589996,72.93,72.410004,72.449997,91400,53.575666
2006-08-24,72.080002,72.690002,71.910004,72.690002,80700,53.753147
2006-08-23,72.75,72.879997,71.620003,72.150002,166500,53.353824
2006-08-22,72.849998,72.970001,72.349998,72.809998,121900,53.841881
2006-08-21,71.699997,72.599998,71.699997,72.599998,100700,53.68659
2006-08-18,71.959999,72.18,71.599998,72.18,76600,53.376008
2006-08-17,72.209999,72.43,71.879997,71.959999,115700,53.21332
2006-08-16,72.449997,72.800003,72.139999,72.25,105800,53.427772
2006-08-15,72.75,72.849998,72.089996,72.339996,209200,53.494322
2006-08-14,71.00,72.650002,70.93,72.029999,153400,53.265084
2006-08-11,71.989998,71.989998,70.760002,70.970001,119000,52.481232
2006-08-10,71.800003,71.919998,71.129997,71.839996,141600,53.12458
2006-08-09,72.550003,72.790001,71.650002,71.959999,116400,53.21332
2006-08-08,73.150002,73.300003,71.900002,72.300003,221800,53.464748
2006-08-07,73.379997,73.839996,72.730003,73.379997,255900,54.263387
2006-08-04,72.50,74.050003,72.50,73.599998,347800,54.426075
2006-08-03,71.199997,72.239998,71.199997,72.239998,120600,53.420375
2006-08-02,72.150002,72.25,71.730003,72.00,145600,53.2429
2006-08-01,72.419998,72.540001,71.360001,71.949997,269000,53.205924
2006-07-31,71.949997,72.709999,71.860001,72.550003,201000,53.649619
2006-07-28,71.699997,72.260002,71.440002,72.150002,178100,53.353824
2006-07-27,71.150002,72.110001,71.019997,71.400002,147600,52.799211
2006-07-26,71.199997,71.550003,70.769997,71.379997,91400,52.784418
2006-07-25,71.050003,71.589996,70.730003,71.260002,94900,52.695683
2006-07-24,69.400002,71.089996,69.019997,71.089996,235600,52.569967
2006-07-21,71.440002,71.440002,69.300003,69.370003,343900,51.298058
2006-07-20,72.209999,72.209999,71.360001,71.360001,201600,52.769631
2006-07-19,71.050003,72.209999,71.050003,72.209999,248700,53.398191
2006-07-18,70.080002,71.25,69.82,71.25,136700,52.688287
2006-07-17,70.360001,70.919998,69.75,70.099998,225700,51.837878
2006-07-14,72.379997,72.540001,70.400002,70.610001,148700,52.215017
2006-07-13,73.099998,73.699997,72.010002,72.339996,335500,53.494322
2006-07-12,72.099998,72.559998,71.300003,72.559998,127700,53.65701
2006-07-11,72.120003,72.349998,71.459999,72.040001,106200,53.27248
2006-07-10,71.639999,72.309998,71.629997,72.260002,164300,53.435168
2006-07-07,71.330002,72.120003,71.25,71.440002,153400,52.828791
2006-07-06,71.379997,71.82,70.830002,71.470001,203900,52.850974
2006-07-05,70.989998,71.690002,70.209999,71.389999,219400,52.791814
2006-07-03,70.00,71.290001,69.830002,71.239998,129400,52.68089
2006-06-30,68.349998,70.269997,68.129997,70.00,205900,51.763931
2006-06-29,67.650002,68.68,67.510002,68.50,159900,50.654704
2006-06-28,67.029999,68.169998,66.870003,67.349998,235700,49.804295
2006-06-27,67.18,67.50,66.790001,67.00,102900,49.545477
2006-06-26,66.400002,67.279999,66.330002,67.25,162300,49.730348
2006-06-23,66.400002,66.529999,66.050003,66.150002,158800,48.916916
2006-06-22,67.260002,67.440002,66.510002,66.510002,118400,49.183131
2006-06-21,66.699997,67.610001,66.57,67.510002,182500,49.922616
2006-06-20,67.959999,68.25,67.459999,67.790001,188100,49.719259
2006-06-19,68.900002,69.129997,67.629997,67.970001,131600,49.851276
2006-06-16,68.589996,68.889999,68.129997,68.730003,126600,50.408685
2006-06-15,66.949997,68.599998,66.949997,68.599998,255200,50.313336
2006-06-14,67.620003,67.900002,66.239998,66.739998,181700,48.949154
2006-06-13,69.00,69.300003,67.480003,67.610001,207000,49.587241
2006-06-12,70.449997,70.449997,68.559998,68.849998,134100,50.496693
2006-06-09,69.470001,70.599998,69.470001,70.300003,173100,51.560171
2006-06-08,69.410004,69.889999,68.93,69.669998,314700,51.098106
2006-06-07,69.080002,70.089996,68.800003,69.480003,206000,50.958758
2006-06-06,69.989998,69.989998,68.610001,69.019997,243800,50.621375
2006-06-05,70.300003,71.459999,69.879997,69.989998,202300,51.332804
2006-06-02,69.900002,70.949997,69.470001,70.400002,355700,51.633513
2006-06-01,68.480003,69.360001,68.300003,69.360001,336200,50.870744
2006-05-31,68.25,68.720001,67.709999,68.379997,1059200,50.15198
2006-05-30,67.949997,68.650002,67.949997,68.230003,378400,50.04197
2006-05-26,68.00,68.650002,67.839996,68.150002,237200,49.983294
2006-05-25,65.400002,67.610001,65.059998,67.529999,389800,49.528565
2006-05-24,64.849998,65.669998,64.339996,65.129997,251800,47.768331
2006-05-23,65.25,65.690002,64.540001,64.720001,147300,47.467627
2006-05-22,65.32,65.32,64.00,64.82,238300,47.540969
2006-05-19,65.800003,66.349998,64.480003,65.580002,294400,48.098378
2006-05-18,66.900002,67.150002,65.529999,65.699997,164500,48.186386
2006-05-17,67.199997,67.849998,66.519997,66.650002,152200,48.883148
2006-05-16,68.349998,68.669998,67.629997,67.779999,190600,49.711923
2006-05-15,66.900002,68.519997,66.419998,68.519997,204400,50.25466
2006-05-12,67.349998,67.349998,66.410004,66.900002,205600,49.066506
2006-05-11,68.800003,69.800003,67.629997,67.639999,432600,49.609243
2006-05-10,67.730003,69.379997,67.540001,68.800003,209100,50.460025
2006-05-09,67.900002,68.360001,67.07,67.879997,121500,49.785265
2006-05-08,67.800003,68.650002,67.720001,67.900002,134700,49.799936
2006-05-05,67.849998,69.309998,67.760002,68.00,235000,49.873278
2006-05-04,66.029999,67.900002,66.029999,67.370003,154800,49.411219
2006-05-03,66.00,66.349998,65.309998,65.879997,304900,48.318404
2006-05-02,67.150002,67.150002,66.019997,66.300003,295200,48.626449
2006-05-01,68.150002,68.389999,67.129997,67.32,216000,49.374545
2006-04-28,68.400002,68.800003,67.00,68.230003,222300,50.04197
2006-04-27,67.300003,68.779999,67.300003,68.550003,163500,50.276667
2006-04-26,68.50,68.639999,67.699997,67.699997,120300,49.653247
2006-04-25,68.639999,69.349998,67.790001,68.050003,139200,49.909952
2006-04-24,69.959999,70.199997,68.68,68.68,179400,50.372011
2006-04-21,70.25,70.690002,69.889999,70.199997,85000,51.486823
2006-04-20,70.099998,70.260002,69.360001,70.25,137600,51.523497
2006-04-19,69.550003,70.589996,69.160004,70.25,321500,51.523497
2006-04-18,67.099998,69.860001,66.900002,69.57,526500,51.024764
2006-04-17,66.949997,67.099998,66.220001,66.459999,173700,48.743795
2006-04-13,67.440002,67.459999,66.199997,66.949997,195900,49.103174
2006-04-12,67.900002,68.309998,67.610001,67.690002,176100,49.645917
2006-04-11,68.550003,68.860001,67.330002,67.699997,349100,49.653247
2006-04-10,69.599998,69.870003,68.550003,68.550003,370300,50.276667
2006-04-07,71.00,71.449997,69.550003,69.809998,257200,51.200786
2006-04-06,71.709999,72.150002,71.169998,71.169998,266900,52.198252
2006-04-05,71.75,72.290001,71.650002,71.910004,178400,52.740995
2006-04-04,72.199997,72.199997,71.260002,71.699997,430500,52.586969
2006-04-03,73.50,75.099998,71.910004,72.43,477400,53.122376
2006-03-31,75.00,75.650002,74.440002,75.199997,209700,55.153976
2006-03-30,75.379997,75.650002,74.830002,75.150002,511200,55.117308
2006-03-29,73.269997,75.550003,73.269997,75.379997,194800,55.285994
2006-03-28,71.650002,73.019997,71.650002,73.019997,217500,53.555097
2006-03-27,72.239998,72.699997,71.25,71.580002,214200,52.498961
2006-03-24,72.400002,72.699997,72.050003,72.25,181200,52.990358
2006-03-23,72.449997,72.889999,72.120003,72.599998,98800,53.247058
2006-03-22,71.699997,72.459999,71.519997,72.43,166300,53.122376
2006-03-21,72.199997,72.489998,71.519997,72.00,163800,52.807001
2006-03-20,73.349998,73.349998,71.709999,72.400002,308700,53.100374
2006-03-17,72.629997,73.800003,72.199997,73.489998,218300,53.899811
2006-03-16,72.080002,72.870003,71.919998,72.629997,196600,53.26906
2006-03-15,70.900002,72.080002,70.900002,71.900002,286600,52.733659
2006-03-14,70.50,71.279999,70.300003,70.900002,155200,52.000228
2006-03-13,71.650002,72.07,70.260002,70.660004,183700,51.824206
2006-03-10,71.010002,71.959999,71.010002,71.75,198900,52.623643
2006-03-09,71.00,72.379997,70.849998,72.010002,191000,52.407284
2006-03-08,70.599998,71.00,69.669998,71.00,127900,51.672227
2006-03-07,71.300003,71.349998,70.699997,70.800003,161000,51.526673
2006-03-06,69.849998,71.970001,69.720001,71.50,273200,52.036115
2006-03-03,69.349998,69.82,67.650002,69.709999,219100,50.733392
2006-03-02,69.790001,69.839996,69.230003,69.599998,124600,50.653336
2006-03-01,69.50,69.919998,68.879997,69.919998,171500,50.886225
2006-02-28,69.699997,69.730003,69.00,69.690002,150800,50.718839
2006-02-27,69.349998,69.900002,68.800003,69.889999,328200,50.864393
2006-02-24,70.07,70.160004,69.110001,69.300003,190500,50.435006
2006-02-23,69.800003,70.589996,69.540001,70.169998,158200,51.06817
2006-02-22,68.790001,70.089996,68.790001,70.00,319900,50.944449
2006-02-21,68.00,69.110001,68.00,68.870003,268600,50.122062
2006-02-17,67.599998,68.870003,67.150002,68.800003,411900,50.071118
2006-02-16,66.599998,67.660004,66.599998,67.660004,106900,49.241451
2006-02-15,66.150002,66.650002,65.50,66.650002,159100,48.506394
2006-02-14,65.800003,66.25,65.050003,66.25,126300,48.215282
2006-02-13,65.550003,65.739998,65.099998,65.610001,87200,47.749504
2006-02-10,65.440002,65.690002,64.970001,65.449997,97100,47.633057
2006-02-09,64.970001,65.68,64.800003,65.540001,404300,47.69856
2006-02-08,65.339996,65.379997,64.410004,65.029999,94500,47.327392
2006-02-07,66.370003,66.50,65.389999,65.50,128800,47.669448
2006-02-06,66.25,66.519997,66.010002,66.519997,132600,48.411779
2006-02-03,66.599998,66.650002,65.50,66.080002,208800,48.091561
2006-02-02,67.00,67.25,66.519997,67.18,153100,48.892115
2006-02-01,66.900002,67.269997,66.470001,67.099998,152200,48.833892
2006-01-31,66.400002,67.00,66.059998,66.82,170800,48.630115
2006-01-30,66.669998,66.669998,65.970001,66.529999,167700,48.419059
2006-01-27,67.00,67.300003,66.650002,66.800003,373800,48.615562
2006-01-26,66.800003,67.050003,66.25,66.760002,167000,48.58645
2006-01-25,67.360001,68.00,66.790001,66.800003,149000,48.615562
2006-01-24,66.400002,67.480003,66.400002,67.239998,138300,48.93578
2006-01-23,65.900002,66.699997,65.900002,66.440002,74900,48.353561
2006-01-20,66.779999,67.080002,65.900002,65.989998,166800,48.026058
2006-01-19,64.970001,66.809998,64.830002,66.800003,105900,48.615562
2006-01-18,64.800003,65.25,64.57,64.980003,150400,47.291006
2006-01-17,64.25,65.029999,63.720001,65.029999,136600,47.327392
2006-01-13,65.489998,65.540001,64.00,64.449997,207700,46.905279
2006-01-12,65.639999,65.980003,65.449997,65.889999,216100,47.953281
2006-01-11,65.199997,65.800003,64.800003,65.650002,203500,47.778616
2006-01-10,64.150002,65.50,64.150002,65.160004,447400,47.422007
2006-01-09,64.260002,64.720001,64.18,64.440002,196600,46.898006
2006-01-06,63.599998,64.720001,63.450001,64.25,399600,46.759726
2006-01-05,62.509998,63.57,62.43,63.400002,291800,46.141116
2006-01-04,61.450001,62.860001,61.439999,62.509998,392500,45.493391
2006-01-03,60.650002,61.779999,59.639999,61.630001,481700,44.852949
2005-12-30,60.93,60.93,60.029999,60.650002,390700,44.139727
2005-12-29,61.200001,61.50,60.619999,60.849998,140200,44.28528
2005-12-28,61.799999,61.950001,61.349998,61.700001,168200,44.499974
2005-12-27,62.09,62.299999,61.849998,62.00,118600,44.716343
2005-12-23,61.970001,62.43,61.91,62.099998,60700,44.788465
2005-12-22,61.799999,61.900002,60.779999,61.880001,185800,44.629796
2005-12-21,61.400002,61.93,61.32,61.759998,107200,44.543246
2005-12-20,61.540001,61.540001,60.639999,61.310001,173800,44.218695
2005-12-19,62.299999,62.459999,61.50,61.540001,106800,44.384577
2005-12-16,63.02,63.52,62.150002,62.200001,181200,44.86059
2005-12-15,63.84,64.739998,62.720001,63.00,173100,45.437575
2005-12-14,63.200001,63.950001,63.07,63.93,432100,46.10832
2005-12-13,62.450001,63.310001,62.43,63.299999,109800,45.653943
2005-12-12,63.400002,63.59,62.380001,62.740002,121400,45.250056
2005-12-09,63.099998,63.529999,62.75,63.299999,247400,45.653943
2005-12-08,62.549999,63.200001,62.50,63.099998,185300,45.509697
2005-12-07,62.799999,62.799999,61.970001,62.360001,149400,44.975987
2005-12-06,62.799999,63.110001,62.599998,62.740002,120700,45.250056
2005-12-05,63.50,63.50,62.73,62.849998,293500,45.329389
2005-12-02,63.32,63.75,62.759998,63.740002,195600,45.971287
2005-12-01,63.099998,63.419998,62.50,63.25,521700,45.617882
2005-11-30,63.00,63.43,62.740002,62.98,217200,45.42315
2005-11-29,63.669998,63.669998,61.630001,63.139999,614700,45.538546
2005-11-28,65.540001,65.540001,63.560001,63.650002,1826300,45.906376
2005-11-25,65.349998,65.650002,65.290001,65.550003,43000,47.276717
2005-11-23,64.900002,65.260002,64.629997,65.239998,141400,47.053131
2005-11-22,64.300003,65.400002,64.150002,65.300003,322000,47.096409
2005-11-21,64.349998,64.529999,63.720001,64.449997,142000,46.483358
2005-11-18,64.029999,64.470001,63.790001,64.279999,235600,46.36075
2005-11-17,63.619999,64.269997,63.57,64.120003,228700,46.245356
2005-11-16,63.900002,63.900002,63.34,63.57,99700,45.848676
2005-11-15,63.630001,64.489998,63.630001,63.849998,161600,46.05062
2005-11-14,64.230003,64.739998,63.77,63.779999,194000,46.000134
2005-11-11,63.75,64.309998,63.57,64.25,161700,46.339114
2005-11-10,61.950001,63.75,61.790001,63.59,167700,45.863101
2005-11-09,60.939999,61.830002,60.880001,61.790001,364400,44.564885
2005-11-08,59.799999,61.099998,59.639999,60.84,382500,43.879715
2005-11-07,59.849998,60.389999,59.849998,60.349998,263600,43.52631
2005-11-04,60.66,60.66,59.75,59.900002,372700,43.201758
2005-11-03,60.59,61.00,60.389999,60.50,458500,43.634496
2005-11-02,59.599998,60.50,59.41,60.48,297500,43.620071
2005-11-01,60.299999,60.299999,58.700001,59.599998,347700,42.985387
2005-10-31,60.50,61.099998,60.16,60.650002,472100,43.742682
2005-10-28,58.849998,60.639999,58.849998,60.630001,321200,43.728257
2005-10-27,59.00,59.23,58.630001,58.77,113900,42.386766
2005-10-26,59.799999,60.049999,59.310001,59.330002,208900,42.790657
2005-10-25,60.610001,60.860001,59.919998,60.040001,102600,43.30273
2005-10-24,59.599998,60.700001,59.599998,60.689999,146800,43.771529
2005-10-21,58.450001,59.419998,58.360001,59.130001,113500,42.64641
2005-10-20,58.799999,59.07,57.98,58.400002,120300,42.119911
2005-10-19,58.099998,58.98,57.400002,58.849998,152700,42.444463
2005-10-18,58.450001,58.700001,58.009998,58.200001,139500,41.975665
2005-10-17,57.900002,58.709999,57.66,58.50,106300,42.192033
2005-10-14,57.07,57.860001,57.00,57.799999,199100,41.687171
2005-10-13,56.349998,57.18,56.25,56.720001,295700,40.908243
2005-10-12,57.75,57.75,56.18,56.619999,152600,40.836118
2005-10-11,57.900002,58.380001,57.400002,57.91,146000,41.766507
2005-10-10,58.880001,59.060001,57.77,58.040001,182800,41.860268
2005-10-07,59.360001,59.509998,58.360001,59.080002,166500,42.610349
2005-10-06,59.52,59.669998,58.439999,59.41,179500,42.848354
2005-10-05,60.50,60.50,59.18,59.470001,200300,42.891629
2005-10-04,60.849998,61.360001,60.599998,60.610001,279200,43.713832
2005-10-03,60.799999,61.380001,60.029999,60.599998,153100,43.706618
2005-09-30,59.700001,60.950001,59.700001,60.93,146200,43.944626
2005-09-29,59.00,59.939999,58.25,59.919998,173000,43.216181
2005-09-28,59.209999,59.43,58.369999,59.009998,181500,42.55986
2005-09-27,58.84,59.119999,58.349998,59.119999,393900,42.639196
2005-09-26,58.720001,58.98,58.509998,58.639999,135300,42.293005
2005-09-23,58.799999,58.98,58.23,58.740002,211500,42.36513
2005-09-22,57.75,58.869999,57.02,58.860001,247400,42.451677
2005-09-21,59.599998,59.599998,58.099998,58.189999,152900,41.968451
2005-09-20,60.369999,60.75,59.830002,60.00,183100,42.873598
2005-09-19,61.490002,61.529999,60.299999,60.369999,147500,43.137985
2005-09-16,61.700001,61.799999,61.349998,61.490002,90100,43.938294
2005-09-15,61.470001,61.75,61.360001,61.700001,97000,44.088351
2005-09-14,61.849998,62.00,61.299999,61.549999,114600,43.981166
2005-09-13,61.799999,61.93,61.50,61.740002,136800,44.116934
2005-09-12,62.400002,62.470001,61.91,61.93,198600,44.252699
2005-09-09,62.189999,62.450001,62.130001,62.299999,101200,44.517086
2005-09-08,61.900002,62.380001,61.889999,62.139999,191300,44.402756
2005-09-07,62.75,62.75,61.970001,62.16,103200,44.417048
2005-09-06,61.950001,63.00,61.889999,62.900002,214400,44.945823
2005-09-02,61.799999,62.299999,61.540001,61.75,128800,44.124078
2005-09-01,61.900002,63.360001,61.540001,61.700001,271800,44.088351
2005-08-31,59.950001,61.93,59.950001,61.919998,168300,44.245552
2005-08-30,59.900002,60.279999,59.419998,60.099998,107100,42.945053
2005-08-29,60.369999,60.41,59.540001,59.919998,93200,42.816432
2005-08-26,61.00,61.240002,60.400002,60.419998,145500,43.173712
2005-08-25,60.849998,61.330002,60.619999,61.00,166400,43.588158
2005-08-24,60.369999,61.330002,60.310001,60.73,113600,43.395227
2005-08-23,60.299999,60.950001,60.240002,60.400002,68100,43.159423
2005-08-22,59.779999,60.57,59.779999,60.349998,99300,43.123693
2005-08-19,60.50,60.50,59.779999,59.779999,163200,42.716394
2005-08-18,61.400002,61.400002,60.400002,60.419998,139700,43.173712
2005-08-17,61.869999,62.080002,60.91,61.360001,268500,43.8454
2005-08-16,61.139999,62.200001,61.139999,62.00,144700,44.302718
2005-08-15,60.77,61.50,60.509998,61.389999,165100,43.866836
2005-08-12,60.18,60.939999,59.849998,60.82,307900,43.459537
2005-08-11,59.98,60.330002,59.610001,60.25,137900,43.052238
2005-08-10,60.27,61.43,59.889999,59.900002,259800,42.802143
2005-08-09,59.27,60.669998,59.169998,60.02,326000,42.88789
2005-08-08,60.00,60.50,59.00,59.389999,342200,42.437716
2005-08-05,63.25,63.27,61.209999,61.529999,374000,43.966874
2005-08-04,64.800003,64.849998,64.00,64.010002,203000,45.738985
2005-08-03,65.150002,65.50,64.720001,65.050003,147900,46.482128
2005-08-02,64.800003,65.459999,64.699997,65.290001,228700,46.653621
2005-08-01,63.360001,65.330002,63.360001,64.599998,309200,46.160573
2005-07-29,65.93,65.93,65.129997,65.309998,144500,46.66791
2005-07-28,64.400002,65.730003,64.300003,65.730003,156700,46.968029
2005-07-27,64.150002,64.489998,63.279999,64.480003,273100,46.074829
2005-07-26,62.830002,64.300003,62.75,64.00,220700,45.731838
2005-07-25,62.209999,62.669998,62.209999,62.66,115800,44.774328
2005-07-22,61.759998,62.220001,61.470001,62.209999,139900,44.452775
2005-07-21,61.599998,62.00,61.049999,61.599998,262000,44.016893
2005-07-20,61.200001,62.029999,61.029999,61.98,147200,44.288427
2005-07-19,60.759998,61.32,60.759998,61.299999,104800,43.802526
2005-07-18,60.68,61.189999,60.459999,60.77,114700,43.42381
2005-07-15,60.209999,60.779999,59.900002,60.77,95000,43.42381
2005-07-14,61.75,61.939999,60.099998,60.27,195300,43.06653
2005-07-13,62.400002,62.400002,61.650002,61.84,157600,44.188389
2005-07-12,62.599998,62.889999,62.299999,62.50,76200,44.659998
2005-07-11,61.50,62.669998,61.490002,62.529999,95100,44.681434
2005-07-08,60.150002,61.830002,60.080002,61.57,98300,43.995457
2005-07-07,59.849998,60.310001,59.599998,60.299999,113900,43.087966
2005-07-06,60.150002,60.240002,59.990002,60.099998,167200,42.945053
2005-07-05,59.700001,60.330002,59.50,60.299999,205100,43.087966
2005-07-01,58.900002,59.700001,58.889999,59.700001,157800,42.659231
2005-06-30,59.259998,59.360001,58.759998,59.00,147000,42.159038
2005-06-29,59.049999,59.57,58.970001,59.259998,67800,42.344823
2005-06-28,58.650002,58.959999,58.50,58.959999,120600,42.130455
2005-06-27,59.130001,59.279999,58.700001,58.700001,187700,41.944671
2005-06-24,59.009998,59.549999,58.73,59.150002,159100,42.266223
2005-06-23,59.110001,59.650002,59.00,59.139999,120200,42.259076
2005-06-22,59.77,59.91,59.139999,59.240002,191500,42.330534
2005-06-21,60.240002,60.400002,59.439999,59.68,182900,42.644939
2005-06-20,60.450001,60.880001,60.34,60.82,204500,43.062956
2005-06-17,59.349998,60.66,59.25,60.650002,394900,42.942591
2005-06-16,58.919998,59.400002,58.610001,59.240002,143400,41.944255
2005-06-15,59.02,59.150002,58.700001,59.02,109300,41.788486
2005-06-14,58.349998,59.029999,58.220001,59.02,197600,41.788486
2005-06-13,57.630001,58.259998,57.580002,58.25,194800,41.243295
2005-06-10,57.75,57.830002,57.50,57.720001,112200,40.868035
2005-06-09,58.00,58.049999,56.91,57.650002,156600,40.818473
2005-06-08,57.509998,58.18,57.509998,57.849998,279500,40.960078
2005-06-07,56.830002,57.689999,56.619999,57.419998,181600,40.655621
2005-06-06,55.880001,56.790001,55.880001,56.529999,147700,40.025467
2005-06-03,56.119999,56.869999,55.84,55.84,133500,39.53692
2005-06-02,56.349998,56.389999,55.950001,55.959999,92200,39.621884
2005-06-01,55.310001,56.299999,55.310001,56.25,160800,39.827216
2005-05-31,55.00,55.639999,55.00,55.200001,170100,39.083776
2005-05-27,55.00,55.23,54.830002,55.00,92500,38.942167
2005-05-26,55.610001,55.91,54.77,54.959999,208600,38.913845
2005-05-25,55.50,55.639999,55.110001,55.560001,287900,39.33867
2005-05-24,56.00,56.650002,55.009998,55.560001,237200,39.33867
2005-05-23,56.50,57.07,56.400002,56.650002,171900,40.110433
2005-05-20,56.299999,56.740002,55.900002,56.599998,243300,40.075029
2005-05-19,55.75,56.529999,55.75,56.380001,396200,39.919262
2005-05-18,55.549999,56.150002,55.529999,55.849998,459000,39.544
2005-05-17,55.25,55.43,54.919998,55.41,219900,39.232463
2005-05-16,54.599998,55.380001,54.599998,55.380001,139000,39.211223
2005-05-13,55.490002,55.509998,54.599998,54.68,164800,38.715595
2005-05-12,55.619999,56.150002,55.009998,55.240002,186300,39.112098
2005-05-11,55.580002,55.869999,55.02,55.869999,226500,39.558161
2005-05-10,55.490002,55.599998,55.200001,55.439999,270100,39.253704
2005-05-09,54.450001,55.700001,54.400002,55.630001,266500,39.388233
2005-05-06,54.200001,55.00,53.630001,54.41,399300,38.524424
2005-05-05,53.450001,54.619999,53.450001,54.400002,204400,38.517345
2005-05-04,53.00,53.549999,52.880001,53.450001,322100,37.844707
2005-05-03,53.09,53.48,52.93,53.25,236700,37.703098
2005-05-02,53.400002,53.400002,52.700001,53.150002,180500,37.632295
2005-04-29,52.849998,53.669998,52.299999,53.50,287400,37.880108
2005-04-28,52.939999,53.07,52.57,52.720001,251800,37.327838
2005-04-27,52.50,53.00,52.169998,52.990002,340100,37.519009
2005-04-26,52.50,52.73,52.43,52.73,183300,37.334917
2005-04-25,52.139999,52.50,52.029999,52.50,153800,37.172069
2005-04-22,51.43,52.450001,51.259998,52.110001,317300,36.895934
2005-04-21,51.240002,51.630001,51.040001,51.48,96800,36.449868
2005-04-20,50.709999,51.360001,50.630001,51.16,295900,36.223296
2005-04-19,50.099998,50.900002,50.099998,50.709999,426800,35.904677
2005-04-18,49.799999,50.279999,49.799999,50.279999,170500,35.60022
2005-04-15,49.860001,49.959999,49.509998,49.759998,178900,35.23204
2005-04-14,49.459999,49.900002,49.349998,49.66,588300,35.161237
2005-04-13,49.779999,49.990002,49.380001,49.509998,173900,35.05503
2005-04-12,48.700001,49.529999,48.360001,49.529999,126700,35.069191
2005-04-11,48.299999,48.700001,48.240002,48.700001,51000,34.481519
2005-04-08,48.950001,48.990002,48.389999,48.389999,103700,34.262026
2005-04-07,48.049999,48.939999,48.00,48.880001,122900,34.608967
2005-04-06,48.080002,48.50,47.93,48.220001,202200,34.141661
2005-04-05,48.119999,48.330002,47.720001,47.91,102200,33.922168
2005-04-04,48.450001,48.450001,47.529999,48.049999,151200,34.021293
2005-04-01,48.73,48.959999,48.00,48.599998,333300,34.410714
2005-03-31,48.700001,49.09,48.349998,48.349998,96900,34.233704
2005-03-30,47.82,48.43,47.77,48.349998,118400,34.233704
2005-03-29,48.00,48.279999,47.77,47.889999,117300,33.908007
2005-03-28,48.43,48.470001,47.720001,47.869999,146500,33.893845
2005-03-24,48.23,48.970001,48.23,48.48,165400,34.32575
2005-03-23,48.150002,48.91,47.700001,48.139999,218200,34.085016
2005-03-22,49.25,49.700001,48.400002,48.540001,247700,34.368233
2005-03-21,49.720001,49.77,49.029999,49.25,203400,34.870941
2005-03-18,50.16,50.189999,49.599998,49.599998,258300,35.118753
2005-03-17,49.830002,50.34,49.830002,50.169998,89500,35.522336
2005-03-16,49.900002,50.25,49.700001,49.790001,191800,35.253283
2005-03-15,50.009998,50.790001,50.00,50.150002,236400,35.508177
2005-03-14,49.439999,50.00,49.27,50.00,150900,35.40197
2005-03-11,49.849998,50.00,49.669998,49.75,215600,34.867401
2005-03-10,49.599998,50.189999,49.419998,50.049999,195400,35.077656
2005-03-09,50.900002,50.91,49.470001,49.490002,197800,34.68518
2005-03-08,51.98,51.98,51.209999,51.470001,75800,36.072867
2005-03-07,51.830002,52.240002,51.439999,51.98,172700,36.430301
2005-03-04,50.900002,51.799999,50.900002,51.799999,132100,36.304147
2005-03-03,50.50,50.650002,50.299999,50.650002,118400,35.498169
2005-03-02,50.400002,50.52,50.009998,50.32,117200,35.266886
2005-03-01,50.099998,50.669998,50.049999,50.529999,228000,35.414065
2005-02-28,50.700001,50.700001,49.709999,50.189999,297100,35.175775
2005-02-25,49.900002,50.700001,49.860001,50.700001,202800,35.533211
2005-02-24,49.950001,50.099998,49.439999,49.689999,166000,34.825349
2005-02-23,50.27,50.560001,49.82,49.98,187800,35.028596
2005-02-22,51.529999,51.540001,50.00,50.02,227600,35.056631
2005-02-18,51.560001,51.560001,50.900002,51.52,318600,36.10791
2005-02-17,51.740002,52.259998,51.52,51.560001,247400,36.135944
2005-02-16,51.34,51.900002,50.939999,51.709999,146300,36.24107
2005-02-15,50.75,51.349998,50.75,51.349998,201700,35.988763
2005-02-14,50.700001,50.790001,50.459999,50.709999,213100,35.540218
2005-02-11,50.549999,50.82,50.209999,50.77,178100,35.58227
2005-02-10,50.049999,50.549999,49.880001,50.549999,155500,35.428082
2005-02-09,49.75,50.119999,49.75,50.119999,169800,35.126715
2005-02-08,49.549999,49.84,49.43,49.799999,234600,34.902443
2005-02-07,49.25,49.619999,49.200001,49.50,347600,34.692188
2005-02-04,48.919998,49.490002,48.919998,49.299999,288500,34.552017
2005-02-03,48.049999,48.619999,47.939999,48.529999,245100,34.01236
2005-02-02,47.720001,48.130001,47.689999,48.049999,215800,33.675951
2005-02-01,47.200001,47.669998,47.099998,47.580002,179700,33.346553
2005-01-31,47.700001,47.84,46.759998,47.18,197300,33.066211
2005-01-28,47.099998,47.669998,46.599998,47.669998,255900,33.409627
2005-01-27,47.349998,47.349998,46.189999,46.50,162500,32.589631
2005-01-26,46.919998,47.130001,46.720001,47.130001,402400,33.031168
2005-01-25,48.240002,48.450001,46.799999,46.82,264400,32.813903
2005-01-24,48.709999,48.98,47.77,47.990002,176500,33.633902
2005-01-21,48.599998,49.150002,48.369999,48.66,165400,34.103472
2005-01-20,49.23,49.369999,48.669998,48.75,204800,34.166548
2005-01-19,49.34,49.950001,49.029999,49.48,257000,34.67817
2005-01-18,48.50,49.240002,48.23,49.240002,135300,34.509967
2005-01-14,48.610001,48.82,48.18,48.509998,279900,33.998343
2005-01-13,47.900002,49.23,47.900002,48.59,180500,34.054412
2005-01-12,48.43,48.50,47.540001,47.959999,164800,33.612874
2005-01-11,49.099998,49.23,48.34,48.34,265500,33.879199
2005-01-10,48.98,49.330002,48.82,48.98,154300,34.327744
2005-01-07,49.290001,49.650002,48.880001,48.970001,123400,34.320737
2005-01-06,48.50,49.279999,48.439999,48.950001,245000,34.306719
2005-01-05,50.200001,50.200001,48.009998,48.599998,497200,34.061419
2005-01-04,51.139999,51.490002,50.400002,50.419998,170200,35.33697
2005-01-03,51.57,52.349998,50.790001,51.130001,237700,35.834578
2004-12-31,52.150002,52.41,51.650002,51.650002,278300,36.199021
2004-12-30,51.799999,52.240002,51.639999,52.240002,126600,36.612524
2004-12-29,52.32,52.560001,52.290001,52.450001,106500,36.405772
2004-12-28,52.00,52.349998,51.990002,52.32,85100,36.315537
2004-12-27,52.029999,52.279999,51.799999,51.950001,83900,36.05872
2004-12-23,52.740002,52.950001,51.959999,52.029999,121000,36.114247
2004-12-22,52.400002,52.59,52.259998,52.540001,87300,36.468241
2004-12-21,51.900002,52.41,51.880001,52.349998,187600,36.33636
2004-12-20,52.00,52.049999,51.630001,51.959999,114100,36.06566
2004-12-17,51.610001,52.139999,50.91,52.099998,146300,36.162834
2004-12-16,52.299999,52.400002,51.599998,51.599998,90600,35.815782
2004-12-15,52.200001,52.400002,51.900002,52.400002,165700,36.371067
2004-12-14,52.00,52.029999,51.529999,51.950001,163500,36.05872
2004-12-13,52.349998,52.599998,52.110001,52.139999,89600,36.190599
2004-12-10,51.849998,52.650002,51.790001,52.549999,77500,36.475181
2004-12-09,51.50,52.080002,51.380001,52.080002,122000,36.148954
2004-12-08,51.540001,51.959999,51.490002,51.650002,83500,35.850489
2004-12-07,52.400002,52.41,51.490002,51.50,129400,35.746372
2004-12-06,51.700001,52.66,51.599998,52.400002,265400,36.371067
2004-12-03,50.830002,51.919998,50.799999,51.830002,183300,35.975428
2004-12-02,51.200001,51.240002,50.200001,50.580002,133100,35.107797
2004-12-01,50.150002,51.279999,50.07,51.25,147800,35.572846
2004-11-30,49.650002,50.150002,49.439999,50.150002,149400,34.809332
2004-11-29,50.560001,50.799999,49.73,49.73,388200,34.517807
2004-11-26,50.849998,50.91,50.43,50.549999,53700,35.086973
2004-11-24,49.950001,50.84,49.950001,50.50,223700,35.052268
2004-11-23,49.34,50.18,49.25,50.049999,226700,34.73992
2004-11-22,49.650002,49.970001,49.099998,49.59,239400,34.420633
2004-11-19,49.700001,49.98,49.419998,49.650002,241400,34.46228
2004-11-18,49.700001,50.00,48.810001,49.779999,241200,34.552512
2004-11-17,50.700001,51.080002,49.200001,49.52,305000,34.372046
2004-11-16,50.98,51.27,50.709999,50.869999,345300,35.309086
2004-11-15,50.200001,51.080002,50.200001,50.970001,291200,35.378498
2004-11-12,49.169998,50.299999,49.169998,50.25,161400,34.878742
2004-11-11,48.900002,49.150002,48.700001,49.150002,179500,34.115228
2004-11-10,48.099998,49.119999,47.799999,48.650002,187200,33.768176
2004-11-09,47.900002,48.099998,47.650002,48.099998,87900,33.386416
2004-11-08,47.779999,48.130001,47.349998,48.00,190900,33.317007
2004-11-05,49.16,49.169998,47.23,47.959999,461100,33.289242
2004-11-04,48.400002,49.50,48.360001,49.16,189500,34.122168
2004-11-03,47.830002,48.619999,47.830002,48.349998,100300,33.559943
2004-11-02,47.900002,48.259998,47.529999,47.700001,347000,33.108776
2004-11-01,47.540001,47.849998,47.439999,47.849998,123400,33.21289
2004-10-29,47.549999,47.700001,47.150002,47.450001,100200,32.93525
2004-10-28,47.450001,47.580002,47.25,47.50,75500,32.969955
2004-10-27,47.200001,47.50,47.169998,47.490002,137400,32.963015
2004-10-26,46.400002,47.150002,46.400002,47.150002,115300,32.727019
2004-10-25,46.459999,46.790001,46.459999,46.560001,112100,32.317498
2004-10-22,47.349998,47.599998,46.549999,46.560001,97400,32.317498
2004-10-21,46.709999,47.490002,46.630001,47.349998,88000,32.865838
2004-10-20,46.75,47.049999,46.150002,46.720001,139200,32.428554
2004-10-19,46.900002,47.75,46.810001,46.82,98400,32.497964
2004-10-18,46.98,47.450001,46.68,47.00,119100,32.622903
2004-10-15,46.349998,46.900002,46.290001,46.75,136700,32.449377
2004-10-14,45.599998,46.400002,45.59,46.400002,126400,32.206441
2004-10-13,45.419998,45.700001,45.23,45.650002,156500,31.685863
2004-10-12,45.00,45.419998,44.759998,45.419998,133600,31.526217
2004-10-11,45.220001,45.380001,44.849998,45.02,94700,31.248577
2004-10-08,44.990002,45.529999,44.990002,45.240002,142900,31.40128
2004-10-07,45.349998,45.349998,44.779999,44.900002,247700,31.165285
2004-10-06,44.93,45.220001,44.91,45.220001,375500,31.387398
2004-10-05,44.540001,45.07,44.310001,44.889999,395900,31.158342
2004-10-04,44.41,44.75,44.299999,44.540001,200600,30.915407
2004-10-01,44.099998,44.580002,44.060001,44.299999,328800,30.748821
2004-09-30,43.98,44.209999,43.830002,44.00,423600,30.54059
2004-09-29,43.950001,44.049999,43.77,43.93,117400,30.492003
2004-09-28,43.720001,44.110001,43.68,44.099998,105300,30.609999
2004-09-27,43.52,43.689999,43.299999,43.599998,82400,30.262947
2004-09-24,43.330002,43.82,43.330002,43.41,122600,30.131068
2004-09-23,43.75,43.93,43.380001,43.380001,87100,30.110246
2004-09-22,44.23,44.290001,43.77,43.77,104500,30.380946
2004-09-21,44.400002,44.91,44.169998,44.830002,149800,30.766175
2004-09-20,45.00,45.00,44.310001,44.310001,152200,30.409306
2004-09-17,45.25,45.419998,44.84,44.950001,186600,30.848528
2004-09-16,44.75,45.25,44.75,45.25,161100,31.054413
2004-09-15,44.470001,44.790001,44.369999,44.650002,224900,30.642643
2004-09-14,45.57,45.57,44.450001,44.470001,177300,30.519112
2004-09-13,46.00,46.00,45.419998,45.560001,136400,31.267163
2004-09-10,45.799999,46.049999,45.27,46.049999,140400,31.603441
2004-09-09,46.200001,46.200001,45.59,45.700001,276100,31.363242
2004-09-08,46.380001,46.990002,46.080002,46.34,157100,31.802464
2004-09-07,45.599998,46.25,45.459999,46.25,105000,31.740699
2004-09-03,45.110001,45.560001,45.110001,45.549999,78300,31.260298
2004-09-02,45.080002,45.240002,44.889999,45.110001,57900,30.958334
2004-09-01,45.380001,45.380001,44.849998,45.00,173200,30.882842
2004-08-31,44.849998,45.380001,44.799999,45.380001,182500,31.143631
2004-08-30,44.700001,44.990002,44.599998,44.990002,65100,30.87598
2004-08-27,44.349998,44.610001,44.240002,44.509998,88900,30.546561
2004-08-26,44.310001,44.490002,44.130001,44.419998,92500,30.484795
2004-08-25,44.75,45.110001,44.02,44.299999,183700,30.402442
2004-08-24,44.599998,44.98,44.330002,44.98,139700,30.869116
2004-08-23,44.41,44.689999,44.41,44.439999,91600,30.498521
2004-08-20,43.220001,44.599998,43.220001,44.400002,255900,30.471072
2004-08-19,43.900002,43.939999,43.150002,43.189999,195100,29.640664
2004-08-18,43.080002,43.900002,43.060001,43.900002,127100,30.127929
2004-08-17,42.450001,43.150002,42.34,43.150002,76400,29.613215
2004-08-16,42.369999,42.599998,42.02,42.299999,163300,29.029871
2004-08-13,42.439999,42.50,42.009998,42.27,55000,29.009283
2004-08-12,42.700001,42.700001,42.23,42.450001,79500,29.132815
2004-08-11,42.470001,42.700001,42.099998,42.700001,123000,29.304386
2004-08-10,42.669998,42.77,42.470001,42.470001,166200,29.146541
2004-08-09,42.650002,42.950001,42.52,42.66,58500,29.276934
2004-08-06,42.599998,43.27,42.439999,42.50,107800,29.167129
2004-08-05,43.299999,43.52,42.599998,42.599998,130500,29.235756
2004-08-04,43.240002,43.740002,43.240002,43.470001,126500,29.832826
2004-08-03,43.299999,43.68,43.00,43.240002,102900,29.674981
2004-08-02,42.150002,43.299999,41.73,43.299999,149700,29.716156
2004-07-30,41.349998,42.200001,41.349998,42.200001,103000,28.961243
2004-07-29,41.060001,41.25,40.799999,41.150002,181800,28.240644
2004-07-28,40.59,41.360001,39.900002,41.189999,140300,28.268094
2004-07-27,40.52,41.290001,40.52,40.580002,92000,27.849462
2004-07-26,41.099998,41.360001,40.66,40.700001,82400,27.931815
2004-07-23,41.700001,42.080002,41.099998,41.099998,80700,28.206328
2004-07-22,42.849998,42.849998,41.700001,41.700001,102200,28.618101
2004-07-21,43.73,43.73,42.91,43.029999,121600,29.530859
2004-07-20,43.470001,43.700001,43.41,43.48,125100,29.839688
2004-07-19,42.849998,43.220001,42.849998,43.220001,113400,29.661255
2004-07-16,43.049999,43.25,42.720001,42.799999,147900,29.373014
2004-07-15,42.549999,42.830002,42.27,42.799999,78300,29.373014
2004-07-14,42.18,42.400002,42.119999,42.299999,145300,29.029871
2004-07-13,42.639999,42.639999,41.919998,41.93,125000,28.775946
2004-07-12,41.790001,42.650002,41.709999,42.650002,133100,29.270072
2004-07-09,41.950001,42.00,41.549999,41.77,81000,28.66614
2004-07-08,42.400002,42.400002,41.580002,41.77,220400,28.66614
2004-07-07,42.00,42.349998,41.93,42.27,211600,29.009283
2004-07-06,41.950001,42.18,41.299999,42.09,251500,28.885752
2004-07-02,42.00,42.099998,41.700001,42.00,245700,28.823986
2004-07-01,41.59,42.099998,41.150002,41.50,286300,28.480843
2004-06-30,41.400002,41.799999,41.18,41.59,380100,28.542609
2004-06-29,42.389999,42.389999,41.139999,41.150002,231900,28.240644
2004-06-28,42.400002,42.57,42.240002,42.389999,237500,29.091637
2004-06-25,41.650002,42.299999,41.610001,42.299999,330600,29.029871
2004-06-24,42.00,42.349998,41.75,41.75,142500,28.652414
2004-06-23,42.080002,42.400002,41.91,42.150002,422400,28.92693
2004-06-22,42.00,42.41,41.990002,42.299999,330600,29.029871
2004-06-21,42.450001,42.619999,42.189999,42.599998,652200,28.899475
2004-06-18,41.380001,41.700001,40.959999,41.700001,268300,28.288924
2004-06-17,40.16,41.389999,40.16,41.380001,275100,28.071839
2004-06-16,39.970001,40.25,39.700001,40.150002,165900,27.237418
2004-06-15,39.25,40.00,39.25,39.970001,113500,27.115307
2004-06-14,39.599998,39.599998,38.740002,39.209999,234200,26.599728
2004-06-10,40.32,40.380001,39.669998,39.799999,110100,26.999979
2004-06-09,40.669998,40.689999,40.099998,40.32,110600,27.352743
2004-06-08,40.349998,40.599998,40.220001,40.490002,172200,27.468071
2004-06-07,40.02,40.599998,40.00,40.560001,70000,27.515558
2004-06-04,39.900002,40.360001,39.84,40.02,95800,27.149226
2004-06-03,40.049999,40.32,39.689999,39.700001,244300,26.932141
2004-06-02,39.450001,40.00,39.450001,40.00,155300,27.135658
2004-06-01,39.91,39.959999,39.23,39.299999,291600,26.660784
2004-05-28,39.52,40.00,39.52,39.900002,191100,27.06782
2004-05-27,39.799999,39.799999,39.139999,39.57,429000,26.84395
2004-05-26,38.25,39.119999,37.900002,39.080002,180500,26.511539
2004-05-25,37.349998,38.450001,37.349998,38.099998,264800,25.846713
2004-05-24,36.950001,37.450001,36.880001,37.299999,108000,25.304001
2004-05-21,37.299999,37.630001,36.849998,36.860001,136800,25.00551
2004-05-20,36.040001,37.049999,36.040001,37.049999,231600,25.134403
2004-05-19,37.110001,37.43,35.98,35.98,234000,24.408524
2004-05-18,36.599998,37.16,36.540001,37.099998,167700,25.168322
2004-05-17,36.029999,37.169998,35.599998,36.470001,363600,24.740937
2004-05-14,35.060001,36.139999,34.77,36.029999,208500,24.442443
2004-05-13,34.900002,35.990002,34.900002,35.310001,310700,23.954003
2004-05-12,35.150002,35.189999,34.52,34.75,189500,23.574103
2004-05-11,34.740002,35.349998,34.66,35.049999,397500,23.77762
2004-05-10,34.75,35.099998,33.509998,34.73,392800,23.560535
2004-05-07,36.459999,37.07,34.66,34.75,342700,23.574103
2004-05-06,36.299999,36.560001,35.439999,36.450001,269500,24.727369
2004-05-05,37.599998,37.700001,36.25,36.25,566500,24.59169
2004-05-04,37.400002,37.990002,37.380001,37.389999,787000,25.365056
2004-05-03,36.900002,37.41,36.459999,37.299999,259500,25.304001
2004-04-30,37.099998,37.799999,36.43,37.080002,139000,25.154756
2004-04-29,37.400002,37.709999,36.720001,37.299999,236300,25.304001
2004-04-28,37.68,37.889999,37.470001,37.650002,316200,25.541439
2004-04-27,37.700001,38.080002,37.490002,37.650002,219600,25.541439
2004-04-26,37.150002,38.00,36.830002,37.599998,295100,25.507518
2004-04-23,38.00,38.150002,36.73,37.189999,225000,25.229377
2004-04-22,37.07,38.419998,36.900002,37.400002,249100,25.371842
2004-04-21,37.400002,37.75,36.75,36.990002,289300,25.093701
2004-04-20,39.240002,39.240002,37.209999,37.220001,264000,25.249731
2004-04-19,39.099998,39.360001,37.82,39.240002,203300,26.620082
2004-04-16,38.349998,39.360001,37.82,39.099998,377600,26.525105
2004-04-15,37.939999,38.950001,37.599998,38.32,499100,25.99596
2004-04-14,38.25,38.790001,37.200001,37.939999,864600,25.738171
2004-04-13,38.900002,39.740002,36.77,38.799999,729100,26.321588
2004-04-12,41.400002,41.50,38.700001,39.299999,1212800,26.660784
2004-04-08,43.200001,43.650002,41.849998,42.00,510100,28.492441
2004-04-07,42.099998,44.189999,41.450001,43.200001,661900,29.306511
2004-04-06,44.349998,44.360001,41.32,42.48,994600,28.818069
2004-04-05,46.049999,46.049999,44.48,44.700001,1108800,30.324099
2004-04-02,46.00,46.150002,45.900002,46.02,1052900,31.219575
2004-04-01,46.25,46.869999,46.25,46.73,145700,31.701232
2004-03-31,46.040001,46.32,45.98,46.200001,302700,31.341686
2004-03-30,45.580002,46.049999,45.400002,46.049999,108100,31.239926
2004-03-29,45.099998,45.59,45.099998,45.59,142500,30.927867
2004-03-26,45.400002,45.400002,44.98,45.099998,123400,30.595454
2004-03-25,44.50,45.470001,44.48,45.470001,118000,30.84646
2004-03-24,44.650002,44.740002,44.459999,44.599998,89100,30.256258
2004-03-23,44.650002,44.799999,44.57,44.77,63600,30.371586
2004-03-22,44.599998,44.900002,44.41,44.52,122300,30.201988
2004-03-19,45.25,45.299999,45.02,45.150002,144100,30.296964
2004-03-18,45.779999,45.790001,45.220001,45.25,276100,30.364066
2004-03-17,44.799999,45.779999,44.66,45.779999,254100,30.719711
2004-03-16,44.549999,44.799999,44.43,44.799999,157500,30.062103
2004-03-15,44.299999,44.380001,44.07,44.299999,130200,29.726588
2004-03-12,43.50,44.200001,43.50,44.200001,140100,29.659486
2004-03-11,43.50,43.900002,43.150002,43.549999,223300,29.223316
2004-03-10,44.119999,44.299999,43.450001,43.450001,87400,29.156215
2004-03-09,44.27,44.52,43.950001,44.080002,61700,29.578964
2004-03-08,44.279999,44.330002,43.75,44.27,96000,29.706458
2004-03-05,43.75,44.299999,43.700001,44.299999,169800,29.726588
2004-03-04,43.549999,43.849998,43.470001,43.849998,101800,29.424625
2004-03-03,43.150002,43.549999,43.049999,43.549999,174500,29.223316
2004-03-02,42.650002,43.189999,42.650002,43.049999,176500,28.887802
2004-03-01,42.549999,42.93,42.50,42.580002,293000,28.57242
2004-02-27,42.400002,42.75,42.310001,42.349998,150300,28.418081
2004-02-26,42.50,42.849998,42.400002,42.400002,232300,28.451634
2004-02-25,42.549999,42.59,42.450001,42.549999,165600,28.552287
2004-02-24,42.900002,42.950001,42.389999,42.549999,537600,28.552287
2004-02-23,43.00,43.099998,42.75,42.849998,327800,28.753596
2004-02-20,43.400002,43.50,43.290001,43.50,168700,29.189765
2004-02-19,43.00,43.400002,42.98,43.400002,287800,29.122664
2004-02-18,43.009998,43.07,42.900002,42.990002,108100,28.847542
2004-02-17,42.400002,43.099998,42.400002,43.009998,220800,28.86096
2004-02-13,42.950001,43.00,42.360001,42.450001,86600,28.485185
2004-02-12,43.150002,43.16,42.700001,42.939999,109200,28.813988
2004-02-11,42.419998,43.25,42.16,43.25,156600,29.022008
2004-02-10,42.00,42.419998,41.880001,42.419998,221200,28.465053
2004-02-09,42.049999,42.049999,41.799999,41.990002,121100,28.176513
2004-02-06,41.32,42.119999,41.200001,41.860001,217700,28.089278
2004-02-05,41.48,41.560001,41.18,41.560001,245100,27.88797
2004-02-04,42.349998,42.349998,41.650002,41.650002,193200,27.948363
2004-02-03,42.150002,42.700001,42.099998,42.41,361900,28.458344
2004-02-02,41.330002,42.099998,41.299999,42.099998,148400,28.250324
2004-01-30,41.049999,41.34,41.00,41.290001,88600,27.706792
2004-01-29,41.150002,41.25,40.950001,41.049999,100600,27.545744
2004-01-28,40.919998,41.27,40.799999,41.16,305300,27.619557
2004-01-27,40.25,40.98,40.23,40.860001,186300,27.418249
2004-01-26,39.549999,40.25,39.50,40.200001,216100,26.97537
2004-01-23,39.349998,39.540001,39.299999,39.459999,191600,26.478807
2004-01-22,38.970001,39.16,38.959999,39.119999,66200,26.250657
2004-01-21,39.07,39.07,38.950001,39.00,49300,26.170135
2004-01-20,38.799999,39.07,38.799999,39.07,115600,26.217106
2004-01-16,39.099998,39.310001,38.740002,38.740002,243400,25.995668
2004-01-15,38.689999,39.049999,38.619999,39.049999,407600,26.203685
2004-01-14,38.650002,38.709999,38.599998,38.68,227900,25.955405
2004-01-13,38.349998,38.639999,38.25,38.630001,139700,25.921854
2004-01-12,38.48,38.549999,38.25,38.400002,112500,25.767518
2004-01-09,38.450001,38.450001,38.25,38.419998,178800,25.780936
2004-01-08,38.509998,38.599998,38.41,38.450001,168700,25.801069
2004-01-07,38.720001,38.799999,38.450001,38.50,297800,25.83462
2004-01-06,38.599998,38.720001,38.529999,38.720001,208000,25.982247
2004-01-05,38.549999,38.880001,38.509998,38.599998,185200,25.901722
2004-01-02,38.43,38.57,38.330002,38.549999,104000,25.868171
2003-12-31,39.080002,39.16,38.389999,38.389999,147900,25.760806
2003-12-30,39.00,39.299999,38.860001,39.130001,161400,26.257369
2003-12-29,39.16,39.50,39.130001,39.450001,154800,26.143294
2003-12-26,39.27,39.349998,39.150002,39.16,88200,25.951112
2003-12-24,39.220001,39.380001,39.200001,39.25,60600,26.010755
2003-12-23,39.25,39.349998,39.16,39.200001,206200,25.977621
2003-12-22,39.18,39.299999,39.18,39.25,193100,26.010755
2003-12-19,38.950001,39.25,38.93,39.209999,112200,25.984247
2003-12-18,39.25,39.25,39.02,39.02,146800,25.858336
2003-12-17,39.50,39.50,39.209999,39.25,175300,26.010755
2003-12-16,39.59,39.709999,39.50,39.650002,219200,26.275834
2003-12-15,39.799999,40.07,39.59,39.59,68000,26.236071
2003-12-12,39.639999,39.799999,39.50,39.740002,96300,26.335476
2003-12-11,39.389999,39.700001,39.299999,39.639999,78400,26.269205
2003-12-10,39.439999,39.48,39.32,39.400002,56600,26.11016
2003-12-09,39.75,39.830002,39.349998,39.450001,116700,26.143294
2003-12-08,39.549999,39.950001,39.50,39.799999,109200,26.375236
2003-12-05,39.349998,39.68,39.349998,39.549999,144000,26.209563
2003-12-04,39.52,39.580002,39.290001,39.290001,49600,26.037263
2003-12-03,39.450001,39.599998,39.450001,39.52,182200,26.189683
2003-12-02,39.75,40.029999,39.50,39.50,193500,26.176429
2003-12-01,39.25,40.060001,39.240002,39.799999,218500,26.375236
2003-11-28,38.939999,39.400002,38.939999,39.310001,73500,26.050518
2003-11-26,38.799999,38.990002,38.75,38.919998,209000,25.792065
2003-11-25,38.799999,39.049999,38.799999,39.00,115400,25.845081
2003-11-24,38.799999,39.049999,38.759998,38.790001,153200,25.705916
2003-11-21,38.919998,39.150002,38.599998,38.75,139600,25.679408
2003-11-20,39.349998,39.349998,38.849998,38.959999,142500,25.818573
2003-11-19,39.52,39.57,39.310001,39.310001,75200,26.050518
2003-11-18,39.540001,39.610001,39.470001,39.560001,51000,26.216191
2003-11-17,39.580002,39.580002,39.259998,39.439999,79100,26.136666
2003-11-14,39.380001,39.709999,39.380001,39.580002,54500,26.229445
2003-11-13,39.200001,39.380001,38.959999,39.380001,63900,26.096906
2003-11-12,38.720001,39.200001,38.650002,39.200001,181100,25.977621
2003-11-11,38.869999,38.889999,38.619999,38.720001,118700,25.659528
2003-11-10,39.00,39.169998,38.700001,39.02,121800,25.858336
2003-11-07,38.900002,39.299999,38.900002,39.119999,88200,25.924604
2003-11-06,38.77,39.00,38.700001,38.970001,80000,25.825201
2003-11-05,39.00,39.00,38.580002,38.77,101200,25.692662
2003-11-04,38.610001,39.07,38.299999,39.02,95700,25.858336
2003-11-03,37.970001,38.630001,37.970001,38.610001,150100,25.586631
2003-10-31,37.400002,37.950001,37.400002,37.950001,161300,25.149253
2003-10-30,37.18,37.400002,37.080002,37.400002,51400,24.784771
2003-10-29,36.75,37.200001,36.73,37.200001,59200,24.652232
2003-10-28,37.049999,37.240002,36.560001,36.82,142400,24.400407
2003-10-27,36.799999,37.34,36.799999,37.049999,85300,24.552827
2003-10-24,37.00,37.02,36.700001,36.799999,46800,24.387153
2003-10-23,37.16,37.240002,36.700001,37.029999,71100,24.539573
2003-10-22,37.52,37.540001,37.200001,37.220001,43100,24.665486
2003-10-21,37.50,37.650002,37.299999,37.52,77200,24.864294
2003-10-20,37.900002,37.93,37.400002,37.450001,79800,24.817906
2003-10-17,38.220001,38.27,37.900002,37.91,129900,25.122744
2003-10-16,38.029999,38.220001,37.950001,38.220001,123000,25.328181
2003-10-15,38.049999,38.150002,37.880001,37.950001,165000,25.149253
2003-10-14,37.939999,38.080002,37.849998,38.07,132300,25.228775
2003-10-13,37.790001,37.939999,37.790001,37.900002,61000,25.116119
2003-10-10,37.950001,37.950001,37.599998,37.830002,61500,25.06973
2003-10-09,38.049999,38.099998,37.700001,37.93,97000,25.135999
2003-10-08,37.860001,38.029999,37.799999,37.98,101300,25.169133
2003-10-07,37.98,38.00,37.779999,37.950001,112800,25.149253
2003-10-06,37.799999,38.139999,37.779999,38.029999,135800,25.202267
2003-10-03,37.900002,37.950001,37.700001,37.880001,117900,25.102864
2003-10-02,37.450001,37.700001,37.299999,37.700001,135900,24.983579
2003-10-01,36.900002,37.439999,36.900002,37.349998,182000,24.751635
2003-09-30,36.470001,36.990002,36.419998,36.860001,172500,24.426916
2003-09-29,35.799999,36.470001,35.799999,36.470001,120400,24.168465
2003-09-26,35.82,35.869999,35.650002,35.84,66700,23.750967
2003-09-25,36.099998,36.200001,35.720001,35.82,154000,23.737713
2003-09-24,36.200001,36.32,36.049999,36.119999,188100,23.936521
2003-09-23,36.139999,36.25,35.919998,36.18,214400,23.976283
2003-09-22,36.880001,36.900002,36.580002,36.610001,107700,23.936522
2003-09-19,36.549999,36.970001,36.540001,36.830002,57900,24.080364
2003-09-18,36.610001,36.790001,36.509998,36.549999,89600,23.897292
2003-09-17,36.450001,36.599998,36.450001,36.599998,124900,23.929983
2003-09-16,36.560001,36.73,36.470001,36.619999,122800,23.943059
2003-09-15,36.400002,36.619999,36.25,36.560001,87600,23.903831
2003-09-12,36.169998,36.59,36.080002,36.459999,142200,23.838447
2003-09-11,35.950001,36.27,35.900002,36.169998,128600,23.648838
2003-09-10,36.200001,36.200001,35.919998,35.950001,277800,23.504998
2003-09-09,36.330002,36.439999,36.040001,36.130001,109000,23.622687
2003-09-08,35.950001,36.450001,35.799999,36.330002,185500,23.753452
2003-09-05,35.91,36.029999,35.77,35.91,111300,23.478844
2003-09-04,35.82,36.009998,35.700001,35.91,127700,23.478844
2003-09-03,35.439999,35.869999,35.349998,35.799999,172400,23.406923
2003-09-02,35.009998,35.43,34.939999,35.43,159100,23.165009
2003-08-29,34.849998,35.009998,34.810001,34.98,54000,22.870787
2003-08-28,34.700001,34.849998,34.650002,34.830002,88400,22.772715
2003-08-27,34.52,34.790001,34.450001,34.639999,124600,22.648487
2003-08-26,34.419998,34.50,34.27,34.490002,76600,22.550415
2003-08-25,34.77,34.779999,34.299999,34.400002,97100,22.49157
2003-08-22,34.900002,34.959999,34.759998,34.77,220400,22.733485
2003-08-21,34.900002,34.950001,34.810001,34.82,73600,22.766175
2003-08-20,34.950001,34.98,34.799999,34.880001,107800,22.805406
2003-08-19,34.970001,35.00,34.830002,34.889999,63800,22.811943
2003-08-18,34.77,35.00,34.77,34.950001,63800,22.851173
2003-08-15,34.950001,35.00,34.75,34.759998,40600,22.726945
2003-08-14,34.799999,34.900002,34.68,34.900002,84900,22.818483
2003-08-13,34.950001,34.950001,34.68,34.799999,108900,22.753099
2003-08-12,34.849998,34.959999,34.799999,34.810001,42600,22.759638
2003-08-11,34.830002,35.029999,34.830002,34.900002,58900,22.818483
2003-08-08,34.799999,35.00,34.68,34.880001,91300,22.805406
2003-08-07,34.639999,34.77,34.400002,34.75,64500,22.720408
2003-08-06,34.689999,34.779999,34.560001,34.669998,86100,22.668101
2003-08-05,34.349998,34.799999,34.32,34.689999,138100,22.681177
2003-08-04,34.700001,34.700001,34.049999,34.259998,188500,22.400033
2003-08-01,34.77,34.950001,34.599998,34.75,176200,22.720408
2003-07-31,34.849998,35.02,34.459999,34.869999,177900,22.798866
2003-07-30,34.18,34.82,34.18,34.82,112800,22.766175
2003-07-29,34.110001,34.200001,34.060001,34.189999,111400,22.354265
2003-07-28,34.07,34.189999,33.990002,34.060001,296100,22.26927
2003-07-25,33.790001,34.099998,33.790001,34.07,116700,22.275807
2003-07-24,33.52,33.91,33.52,33.799999,128200,22.099274
2003-07-23,33.57,33.599998,33.349998,33.490002,49000,21.89659
2003-07-22,33.349998,33.599998,33.299999,33.59,186800,21.961971
2003-07-21,33.48,33.599998,33.110001,33.200001,86000,21.70698
2003-07-18,33.360001,33.599998,33.299999,33.580002,100400,21.955434
2003-07-17,33.799999,33.799999,33.150002,33.360001,137200,21.811592
2003-07-16,33.900002,34.00,33.549999,33.799999,117000,22.099274
2003-07-15,33.849998,33.889999,33.549999,33.790001,99200,22.092737
2003-07-14,33.450001,33.759998,33.450001,33.759998,147800,22.07312
2003-07-11,33.00,33.450001,33.00,33.400002,237700,21.837746
2003-07-10,33.900002,33.950001,32.799999,32.93,209300,21.530447
2003-07-09,34.25,34.25,33.580002,33.84,278700,22.125428
2003-07-08,34.490002,34.50,34.09,34.310001,171800,22.432726
2003-07-07,33.73,34.41,33.73,34.41,313400,22.498107
2003-07-03,33.650002,33.75,33.599998,33.75,128000,22.066583
2003-07-02,32.849998,33.73,32.849998,33.73,266900,22.053506
2003-07-01,32.00,32.82,32.00,32.82,270900,21.458526
2003-06-30,32.299999,32.439999,31.65,32.00,951500,20.92239
2003-06-27,32.299999,32.439999,32.25,32.400002,262400,21.183921
2003-06-26,31.780001,32.23,31.75,32.23,173200,21.072769
2003-06-25,31.50,31.940001,31.43,31.809999,273400,20.798163
2003-06-24,31.51,31.59,31.290001,31.469999,231500,20.575862
2003-06-23,31.870001,31.959999,31.50,31.51,345800,20.602016
2003-06-20,32.200001,32.450001,32.200001,32.450001,163800,20.899506
2003-06-19,32.25,32.470001,32.130001,32.150002,168800,20.706291
2003-06-18,32.310001,32.43,31.950001,32.200001,243600,20.738493
2003-06-17,32.740002,32.889999,32.240002,32.32,280800,20.815779
2003-06-16,32.619999,33.00,32.619999,32.740002,223700,21.086282
2003-06-13,33.150002,33.16,32.41,32.439999,324200,20.893064
2003-06-12,33.900002,33.970001,33.200001,33.23,237600,21.401866
2003-06-11,33.75,34.040001,33.50,33.849998,245600,21.801178
2003-06-10,33.009998,33.799999,33.009998,33.799999,164200,21.768976
2003-06-09,33.220001,33.279999,33.07,33.080002,152700,21.30526
2003-06-06,33.00,33.43,33.00,33.169998,196400,21.363222
2003-06-05,33.25,33.27,32.98,33.00,129100,21.253735
2003-06-04,33.099998,33.299999,33.060001,33.220001,166900,21.395427
2003-06-03,32.900002,33.150002,32.790001,33.040001,167900,21.279497
2003-06-02,33.049999,33.07,32.790001,32.990002,289400,21.247295
2003-05-30,32.599998,33.009998,32.400002,33.00,275100,21.253735
2003-05-29,33.349998,33.380001,31.889999,32.560001,344700,20.970352
2003-05-28,33.419998,33.639999,33.25,33.400002,692000,21.511357
2003-05-27,32.700001,33.450001,32.650002,33.450001,512400,21.543559
2003-05-23,32.400002,32.799999,32.25,32.799999,178000,21.124924
2003-05-22,31.950001,32.41,31.90,32.400002,241000,20.867304
2003-05-21,31.969999,32.09,31.799999,32.080002,166600,20.661207
2003-05-20,31.60,31.99,31.559999,31.969999,219300,20.59036
2003-05-19,31.85,31.90,30.950001,31.700001,206000,20.416467
2003-05-16,32.00,32.00,31.780001,32.00,263800,20.609682
2003-05-15,31.90,32.049999,31.709999,32.00,202700,20.609682
2003-05-14,31.65,31.959999,31.35,31.959999,357600,20.583919
2003-05-13,31.85,31.90,31.639999,31.65,272600,20.384263
2003-05-12,31.40,31.879999,31.23,31.83,238100,20.500193
2003-05-09,31.200001,31.530001,31.110001,31.450001,624700,20.255454
2003-05-08,31.200001,31.57,31.10,31.48,338700,20.274774
2003-05-07,31.50,31.85,31.25,31.309999,465200,20.165285
2003-05-06,31.299999,31.50,31.280001,31.49,197800,20.281215
2003-05-05,31.030001,31.290001,31.00,31.23,337200,20.113761
2003-05-02,30.780001,31.16,30.780001,31.030001,154800,19.984952
2003-05-01,30.75,30.959999,30.540001,30.780001,145900,19.823938
2003-04-30,31.049999,31.110001,30.799999,30.82,308200,19.8497
2003-04-29,31.10,31.440001,31.02,31.059999,227200,20.004272
2003-04-28,31.16,31.309999,31.08,31.139999,125900,20.055796
2003-04-25,31.40,31.40,31.15,31.200001,132800,20.094441
2003-04-24,31.65,31.66,31.450001,31.450001,124000,20.255454
2003-04-23,31.60,31.790001,31.440001,31.75,166400,20.448669
2003-04-22,31.299999,31.73,31.200001,31.68,164600,20.403585
2003-04-21,31.200001,31.43,31.10,31.299999,142400,20.158845
2003-04-17,31.059999,31.219999,31.040001,31.219999,126200,20.107321
2003-04-16,31.00,31.200001,30.940001,31.110001,221500,20.036476
2003-04-15,30.950001,31.00,30.76,31.00,138900,19.96563
2003-04-14,30.860001,31.00,30.530001,30.950001,231900,19.933427
2003-04-11,30.950001,30.99,30.639999,30.85,114300,19.869022
2003-04-10,30.950001,31.00,30.879999,30.90,89500,19.901224
2003-04-09,30.950001,31.08,30.799999,30.93,174000,19.920546
2003-04-08,30.91,31.049999,30.91,30.93,300400,19.920546
2003-04-07,31.07,31.200001,30.82,31.00,134000,19.96563
2003-04-04,31.00,31.139999,30.799999,30.82,173000,19.8497
2003-04-03,31.049999,31.049999,30.75,30.90,90800,19.901224
2003-04-02,31.00,31.299999,30.91,31.049999,204100,19.997832
2003-04-01,30.34,30.950001,30.34,30.950001,201900,19.933427
2003-03-31,30.379999,30.67,30.200001,30.370001,369600,19.559877
2003-03-28,30.48,30.65,30.40,30.440001,173300,19.60496
2003-03-27,30.40,30.50,30.15,30.450001,156100,19.611401
2003-03-26,30.40,30.48,30.25,30.48,130600,19.630722
2003-03-25,29.98,30.370001,29.799999,30.360001,170100,19.553436
2003-03-24,31.10,31.10,30.25,30.469999,331700,19.311916
2003-03-21,30.85,31.129999,30.700001,31.110001,251900,19.717549
2003-03-20,30.209999,30.700001,29.950001,30.700001,201900,19.457691
2003-03-19,29.75,30.290001,29.700001,30.200001,219000,19.14079
2003-03-18,29.74,29.950001,29.66,29.799999,165200,18.887269
2003-03-17,29.379999,29.799999,29.379999,29.690001,272200,18.817552
2003-03-14,29.85,29.85,29.35,29.48,161000,18.684453
2003-03-13,29.50,29.809999,29.43,29.809999,196900,18.893607
2003-03-12,29.299999,29.450001,29.200001,29.370001,119300,18.614735
2003-03-11,29.049999,29.43,29.049999,29.379999,255000,18.621072
2003-03-10,29.299999,29.299999,29.02,29.10,101700,18.443609
2003-03-07,29.10,29.41,29.02,29.290001,136100,18.564031
2003-03-06,29.450001,29.450001,29.049999,29.200001,146500,18.506989
2003-03-05,28.90,29.35,28.889999,29.33,230400,18.589383
2003-03-04,29.33,29.469999,29.09,29.280001,222100,18.557693
2003-03-03,29.25,29.43,29.00,29.33,144200,18.589383
2003-02-28,29.40,29.60,29.290001,29.309999,344300,18.576706
2003-02-27,29.200001,29.40,29.120001,29.40,102200,18.633749
2003-02-26,28.98,29.15,28.799999,29.120001,134500,18.456285
2003-02-25,28.790001,29.00,28.559999,29.00,142100,18.380229
2003-02-24,28.969999,28.969999,28.690001,28.85,119100,18.285159
2003-02-21,28.90,29.10,28.74,28.950001,214000,18.348539
2003-02-20,28.700001,29.35,28.700001,28.90,420000,18.316848
2003-02-19,28.60,28.68,28.48,28.66,123600,18.164736
2003-02-18,28.15,28.700001,28.15,28.50,135800,18.063328
2003-02-14,28.00,28.48,28.00,28.10,260700,17.809808
2003-02-13,28.35,28.42,27.950001,28.10,361100,17.809808
2003-02-12,27.90,28.17,27.799999,28.01,157100,17.752766
2003-02-11,28.15,28.15,27.700001,27.90,121700,17.683047
2003-02-10,27.85,28.25,27.85,28.25,112300,17.904878
2003-02-07,28.40,28.40,27.879999,27.879999,218600,17.670371
2003-02-06,28.200001,28.42,28.190001,28.299999,310300,17.936567
2003-02-05,28.08,28.459999,28.00,28.290001,173900,17.93023
2003-02-04,27.85,28.139999,27.700001,28.08,240700,17.797132
2003-02-03,28.00,28.15,27.83,27.950001,228600,17.714738
2003-01-31,27.60,28.040001,27.60,28.040001,308900,17.77178
2003-01-30,27.35,27.83,27.35,27.620001,230100,17.505584
2003-01-29,26.98,27.35,26.90,27.35,121500,17.334457
2003-01-28,26.799999,26.98,26.610001,26.98,172100,17.09995
2003-01-27,27.059999,27.059999,26.77,26.809999,83000,16.992204
2003-01-24,27.24,27.24,27.00,27.049999,129600,17.144316
2003-01-23,27.15,27.299999,27.00,27.24,89700,17.264739
2003-01-22,26.950001,27.200001,26.77,27.10,124400,17.176007
2003-01-21,27.01,27.120001,26.809999,27.02,86500,17.125303
2003-01-17,27.200001,27.23,26.90,27.00,154400,17.112627
2003-01-16,27.049999,27.43,27.01,27.16,261400,17.214035
2003-01-15,27.23,27.290001,26.75,26.75,337100,16.954176
2003-01-14,27.309999,27.42,27.08,27.23,154500,17.2584
2003-01-13,27.60,27.700001,27.41,27.41,116900,17.372485
2003-01-10,28.10,28.10,27.549999,27.559999,287000,17.467555
2003-01-09,27.799999,27.99,27.75,27.85,86200,17.651358
2003-01-08,28.00,28.00,27.700001,27.85,101900,17.651358
2003-01-07,28.299999,28.299999,27.799999,28.01,155200,17.752766
2003-01-06,28.35,28.49,28.25,28.34,136700,17.96192
2003-01-03,28.40,28.40,28.00,28.299999,151000,17.936567
2003-01-02,28.120001,28.360001,28.00,28.35,334100,17.968258
2002-12-31,28.00,28.389999,27.889999,28.120001,266600,17.822484
2002-12-30,28.35,28.35,27.85,28.049999,140600,17.778117
2002-12-27,28.639999,28.82,28.50,28.700001,108200,17.882695
2002-12-26,28.75,28.92,28.60,28.639999,265400,17.845308
2002-12-24,28.700001,28.799999,28.67,28.75,63600,17.913849
2002-12-23,27.75,28.65,27.700001,28.65,240200,17.851539
2002-12-20,27.75,27.90,27.700001,27.90,218600,17.384222
2002-12-19,27.870001,27.98,27.629999,27.75,104900,17.290758
2002-12-18,28.08,28.129999,27.75,27.799999,234600,17.321912
2002-12-17,28.200001,28.200001,28.030001,28.09,148100,17.502609
2002-12-16,28.00,28.209999,28.00,28.200001,158000,17.571149
2002-12-13,27.85,28.129999,27.75,27.90,244200,17.384222
2002-12-12,27.90,28.00,27.75,27.90,73900,17.384222
2002-12-11,27.85,28.00,27.82,27.93,86000,17.402915
2002-12-10,27.950001,28.00,27.77,27.85,219800,17.353067
2002-12-09,27.59,27.92,27.549999,27.799999,78400,17.321912
2002-12-06,27.549999,27.75,27.549999,27.60,89900,17.197295
2002-12-05,27.66,27.66,27.50,27.58,140100,17.184833
2002-12-04,27.59,27.85,27.58,27.639999,264400,17.222218
2002-12-03,27.469999,27.700001,27.27,27.549999,302700,17.16614
2002-12-02,27.299999,27.50,27.299999,27.50,146200,17.134986
2002-11-29,27.41,27.469999,27.209999,27.290001,102000,17.004137
2002-11-27,27.35,27.50,27.35,27.450001,379300,17.103832
2002-11-26,27.26,27.40,27.209999,27.379999,128400,17.060214
2002-11-25,27.42,27.42,27.23,27.25,97900,16.979213
2002-11-22,27.42,27.440001,27.129999,27.40,110600,17.072676
2002-11-21,27.370001,27.48,27.35,27.40,164500,17.072676
2002-11-20,27.280001,27.469999,27.25,27.40,156700,17.072676
2002-11-19,27.129999,27.40,27.059999,27.280001,64900,16.997906
2002-11-18,27.209999,27.370001,27.01,27.200001,173500,16.948059
2002-11-15,27.450001,27.49,27.200001,27.209999,155700,16.954289
2002-11-14,26.90,27.41,26.879999,27.41,112300,17.078907
2002-11-13,27.09,27.120001,26.90,26.90,76400,16.761131
2002-11-12,26.76,27.10,26.76,27.10,67300,16.88575
2002-11-11,27.10,27.10,26.709999,26.76,235000,16.673899
2002-11-08,26.82,27.15,26.65,27.02,169600,16.835903
2002-11-07,27.10,27.200001,26.65,26.700001,274100,16.636514
2002-11-06,27.200001,27.26,27.02,27.200001,116400,16.948059
2002-11-05,26.99,27.15,26.809999,27.10,122200,16.88575
2002-11-04,26.629999,27.00,26.629999,26.99,124000,16.817209
2002-11-01,26.40,26.799999,26.299999,26.75,109600,16.667668
2002-10-31,26.299999,26.52,26.299999,26.35,97200,16.418432
2002-10-30,26.15,26.549999,26.15,26.35,139300,16.418432
2002-10-29,26.299999,26.299999,25.75,26.15,139300,16.293813
2002-10-28,26.40,26.68,26.02,26.299999,81600,16.387277
2002-10-25,25.98,26.450001,25.959999,26.450001,75400,16.480741
2002-10-24,25.76,26.10,25.76,25.90,96400,16.138041
2002-10-23,25.60,25.799999,25.370001,25.700001,79400,16.013423
2002-10-22,26.00,26.00,25.549999,25.549999,74300,15.919959
2002-10-21,26.26,26.299999,25.90,26.10,60100,16.262659
2002-10-18,26.25,26.549999,26.219999,26.25,86200,16.356123
2002-10-17,25.799999,26.26,25.799999,26.200001,118900,16.324969
2002-10-16,26.00,26.00,25.360001,25.700001,178800,16.013423
2002-10-15,25.50,26.17,25.48,26.00,116700,16.20035
2002-10-14,25.65,25.90,25.190001,25.299999,116900,15.764186
2002-10-11,25.049999,25.90,25.049999,25.620001,125000,15.963576
2002-10-10,24.50,25.10,23.98,25.10,266300,15.639569
2002-10-09,25.15,25.15,24.33,24.549999,153600,15.296869
2002-10-08,25.299999,25.360001,24.77,25.10,322100,15.639569
2002-10-07,26.25,26.27,25.18,25.360001,241300,15.801573
2002-10-04,26.700001,26.700001,26.129999,26.25,186800,16.356123
2002-10-03,26.50,26.809999,26.40,26.60,133800,16.574205
2002-10-02,27.10,27.10,26.700001,26.709999,198400,16.642744
2002-10-01,26.99,27.10,26.700001,27.10,156700,16.88575
2002-09-30,26.92,27.02,26.65,27.00,136500,16.82344
2002-09-27,27.00,27.15,26.84,26.90,89100,16.761131
2002-09-26,26.60,27.049999,26.60,27.049999,174200,16.854594
2002-09-25,26.48,26.60,26.200001,26.530001,180700,16.530588
2002-09-24,26.790001,26.799999,26.299999,26.48,172600,16.499433
2002-09-23,27.469999,27.50,27.299999,27.35,106800,16.739325
2002-09-20,27.299999,27.379999,27.10,27.32,176900,16.720963
2002-09-19,27.01,27.209999,27.01,27.08,127300,16.574073
2002-09-18,26.91,27.10,26.85,27.040001,65900,16.549592
2002-09-17,27.10,27.139999,26.75,26.90,105700,16.463906
2002-09-16,27.280001,27.299999,27.08,27.10,61300,16.586314
2002-09-13,27.049999,27.280001,27.00,27.280001,105800,16.696482
2002-09-12,27.02,27.120001,26.969999,27.09,123300,16.580194
2002-09-11,27.08,27.15,27.00,27.049999,112200,16.555712
2002-09-10,27.15,27.15,26.92,27.059999,127800,16.561832
2002-09-09,27.200001,27.24,26.93,27.15,211600,16.616916
2002-09-06,26.90,27.24,26.85,27.15,196400,16.616916
2002-09-05,27.10,27.129999,26.799999,26.809999,100300,16.408822
2002-09-04,27.00,27.15,26.799999,27.139999,137900,16.610796
2002-09-03,26.950001,27.139999,26.799999,26.950001,179800,16.494509
2002-08-30,26.799999,27.10,26.799999,27.00,148900,16.52511
2002-08-29,26.65,26.950001,26.57,26.75,100000,16.3721
2002-08-28,26.450001,26.85,26.450001,26.60,144800,16.280294
2002-08-27,26.700001,26.74,26.42,26.50,108100,16.21909
2002-08-26,26.450001,26.700001,26.26,26.700001,147700,16.341498
2002-08-23,26.48,26.540001,26.299999,26.450001,147900,16.188488
2002-08-22,26.299999,26.60,26.299999,26.48,241000,16.206848
2002-08-21,25.799999,26.549999,25.65,26.549999,542900,16.249691
2002-08-20,26.40,26.700001,25.84,26.00,1875600,15.913069
2002-08-19,27.280001,27.299999,27.15,27.15,146500,16.616916
2002-08-16,27.10,27.290001,27.10,27.25,209500,16.67812
2002-08-15,27.299999,27.360001,27.01,27.15,144000,16.616916
2002-08-14,27.200001,27.50,27.030001,27.299999,252900,16.708722
2002-08-13,27.450001,27.50,26.950001,26.950001,102200,16.494509
2002-08-12,26.25,27.200001,26.16,27.200001,86600,16.647519
2002-08-09,26.799999,26.799999,26.200001,26.33,56400,16.115043
2002-08-08,27.00,27.10,26.52,26.65,63200,16.310896
2002-08-07,26.299999,27.00,26.190001,27.00,78900,16.52511
2002-08-06,26.10,26.49,25.90,26.200001,175800,16.035478
2002-08-05,26.40,26.50,26.01,26.17,78000,16.017116
2002-08-02,27.50,27.50,26.35,26.50,115400,16.21909
2002-08-01,27.299999,27.549999,26.870001,27.49,219300,16.82501
2002-07-31,27.49,27.799999,26.969999,27.299999,235900,16.708722
2002-07-30,27.00,27.75,26.200001,27.50,184100,16.831131
2002-07-29,25.700001,27.10,25.700001,26.99,200300,16.51899
2002-07-26,25.00,25.75,25.00,25.75,251500,15.760059
2002-07-25,23.950001,25.10,23.700001,24.799999,407400,15.178619
2002-07-24,23.00,24.18,21.83,23.950001,393100,14.658385
2002-07-23,24.90,25.40,23.139999,23.700001,324500,14.505375
2002-07-22,26.00,26.40,24.190001,24.99,258000,15.294907
2002-07-19,25.950001,26.16,25.700001,25.90,220100,15.851865
2002-07-18,26.530001,26.73,26.200001,26.200001,416900,16.035478
2002-07-17,26.90,27.049999,26.200001,26.549999,186000,16.249691
2002-07-16,26.40,26.85,26.40,26.690001,212800,16.335378
2002-07-15,25.50,26.25,25.50,26.200001,271100,16.035478
2002-07-12,26.700001,27.049999,26.450001,26.450001,244900,16.188488
2002-07-11,27.50,27.51,26.51,26.66,173100,16.317016
2002-07-10,27.809999,28.00,27.51,27.559999,182200,16.867853
2002-07-09,27.74,27.85,27.700001,27.790001,117700,17.008623
2002-07-08,27.67,27.90,27.67,27.799999,220900,17.014743
2002-07-05,27.280001,27.700001,27.280001,27.67,51000,16.935178
2002-07-03,27.60,27.629999,27.139999,27.27,171700,16.690362
2002-07-02,27.85,27.85,27.50,27.65,141100,16.922937
2002-07-01,27.709999,27.85,27.57,27.85,203600,17.045345
2002-06-28,27.889999,28.00,27.450001,27.709999,314600,16.959659
2002-06-27,27.40,27.91,27.299999,27.85,223300,17.045345
2002-06-26,27.549999,27.66,27.200001,27.459999,144000,16.806648
2002-06-25,27.08,27.610001,27.049999,27.610001,175300,16.898456
2002-06-24,27.00,27.110001,26.84,27.07,124700,16.567953
2002-06-21,26.799999,27.10,26.73,27.10,183000,16.586314
2002-06-20,26.719999,27.15,26.719999,27.02,151000,16.24357
2002-06-19,26.75,27.00,26.559999,26.66,123200,16.027149
2002-06-18,26.969999,27.00,26.75,26.799999,197200,16.111313
2002-06-17,26.959999,27.00,26.85,26.969999,96200,16.213511
2002-06-14,26.799999,26.85,26.49,26.799999,121800,16.111313
2002-06-13,26.99,27.00,26.700001,26.799999,477600,16.111313
2002-06-12,27.00,27.209999,26.90,26.99,167900,16.225535
2002-06-11,27.200001,27.35,26.959999,27.10,98500,16.291664
2002-06-10,27.23,27.35,26.99,27.25,101700,16.381839
2002-06-07,27.049999,27.299999,26.90,27.16,233200,16.327733
2002-06-06,27.950001,28.00,27.33,27.35,95300,16.441956
2002-06-05,27.85,28.059999,27.799999,27.98,112800,16.820691
2002-06-04,27.76,27.90,27.629999,27.85,100500,16.74254
2002-06-03,27.459999,27.790001,27.450001,27.700001,102500,16.652365
2002-05-31,27.42,27.85,27.35,27.40,168000,16.472014
2002-05-30,27.35,27.450001,27.049999,27.42,124400,16.484037
2002-05-29,26.700001,27.299999,26.51,27.299999,223200,16.411897
2002-05-28,26.50,26.65,26.25,26.639999,115500,16.015126
2002-05-24,25.85,26.60,25.799999,26.379999,139900,15.858822
2002-05-23,25.60,26.049999,25.40,25.969999,163000,15.612343
2002-05-22,25.309999,25.65,25.299999,25.65,128900,15.419969
2002-05-21,25.959999,26.02,25.50,25.559999,186700,15.365864
2002-05-20,26.049999,26.10,25.90,26.049999,108800,15.660436
2002-05-17,26.10,26.139999,25.85,26.10,106500,15.690495
2002-05-16,26.40,26.40,25.860001,26.049999,179800,15.660436
2002-05-15,26.10,26.459999,25.91,26.459999,193900,15.906915
2002-05-14,25.950001,26.26,25.700001,26.190001,154100,15.744601
2002-05-13,26.059999,26.15,25.91,25.99,99100,15.624366
2002-05-10,26.43,26.43,25.950001,26.059999,163100,15.666448
2002-05-09,26.65,26.700001,26.40,26.40,116400,15.870845
2002-05-08,26.620001,26.799999,26.549999,26.700001,337900,16.051197
2002-05-07,26.75,26.780001,26.60,26.68,192100,16.039173
2002-05-06,26.950001,27.040001,26.780001,26.82,605800,16.123336
2002-05-03,26.98,27.110001,26.92,26.98,130500,16.219523
2002-05-02,27.25,27.379999,27.00,27.08,423700,16.27964
2002-05-01,26.950001,27.15,26.799999,27.15,213300,16.321722
2002-04-30,26.75,27.00,26.50,26.950001,203300,16.201489
2002-04-29,26.83,26.91,26.700001,26.700001,106100,16.051197
2002-04-26,26.879999,26.92,26.77,26.879999,85900,16.159406
2002-04-25,26.700001,26.959999,26.530001,26.879999,120300,16.159406
2002-04-24,26.50,26.90,26.50,26.74,114300,16.075243
2002-04-23,26.98,26.98,26.48,26.559999,730000,15.967032
2002-04-22,27.299999,27.379999,26.969999,26.98,65300,16.219523
2002-04-19,27.639999,27.65,27.35,27.35,177700,16.441956
2002-04-18,27.43,27.76,27.40,27.59,322600,16.586236
2002-04-17,27.65,27.68,27.25,27.440001,123900,16.496061
2002-04-16,28.200001,28.40,27.60,27.75,181100,16.682423
2002-04-15,28.35,28.360001,28.110001,28.129999,243000,16.910866
2002-04-12,27.76,28.50,27.75,28.50,191600,17.133299
2002-04-11,27.799999,27.809999,27.700001,27.77,143500,16.694447
2002-04-10,27.35,27.99,27.35,27.85,292400,16.74254
2002-04-09,27.059999,27.35,26.90,27.35,208200,16.441956
2002-04-08,26.90,27.25,26.889999,27.110001,136000,16.297676
2002-04-05,26.25,27.200001,26.25,26.98,144600,16.219523
2002-04-04,25.799999,26.25,25.799999,26.200001,551700,15.750612
2002-04-03,25.75,25.98,25.75,25.83,275600,15.52818
2002-04-02,25.85,25.889999,25.68,25.75,172300,15.480086
2002-04-01,25.620001,25.90,25.50,25.85,103100,15.540203
2002-03-28,25.700001,25.84,25.60,25.67,222400,15.431993
2002-03-27,25.65,25.700001,25.65,25.690001,127800,15.444016
2002-03-26,25.75,25.75,25.610001,25.700001,124400,15.450028
2002-03-25,25.85,25.85,25.700001,25.76,204100,15.486098
2002-03-22,25.440001,26.00,25.40,25.860001,175700,15.546215
2002-03-21,25.200001,25.50,25.200001,25.49,100800,15.323782
2002-03-20,25.99,25.99,25.700001,25.73,163700,15.179503
2002-03-19,25.799999,25.99,25.75,25.99,112300,15.332891
2002-03-18,25.799999,25.950001,25.799999,25.82,104700,15.232599
2002-03-15,25.60,25.99,25.60,25.74,182300,15.185402
2002-03-14,25.49,25.790001,25.469999,25.75,179100,15.191302
2002-03-13,25.50,25.629999,25.40,25.49,374600,15.037914
2002-03-12,26.00,26.00,25.200001,25.49,148400,15.037914
2002-03-11,26.200001,26.290001,26.110001,26.200001,98400,15.456782
2002-03-08,26.09,26.34,26.059999,26.34,88600,15.539375
2002-03-07,26.15,26.200001,26.059999,26.10,73800,15.397786
2002-03-06,26.10,26.299999,26.00,26.209999,62600,15.46268
2002-03-05,25.90,26.299999,25.889999,26.299999,158800,15.515776
2002-03-04,25.40,25.90,25.370001,25.90,74400,15.279795
2002-03-01,25.16,25.50,25.120001,25.50,58400,15.043814
2002-02-28,25.309999,25.309999,25.10,25.16,132200,14.84323
2002-02-27,25.299999,25.389999,25.02,25.299999,56300,14.925823
2002-02-26,25.41,25.41,24.90,25.32,163800,14.937622
2002-02-25,25.049999,25.35,24.90,25.35,91700,14.955321
2002-02-22,24.90,25.299999,24.799999,25.08,94100,14.796033
2002-02-21,25.15,25.209999,24.90,24.90,56300,14.689841
2002-02-20,24.950001,25.15,24.950001,25.15,60800,14.83733
2002-02-19,24.950001,25.040001,24.90,24.90,86400,14.689841
2002-02-15,24.700001,25.00,24.66,25.00,111800,14.748837
2002-02-14,24.690001,24.73,24.610001,24.700001,130500,14.571851
2002-02-13,24.65,24.75,24.57,24.690001,74200,14.565952
2002-02-12,24.60,24.75,24.549999,24.58,55400,14.501057
2002-02-11,24.25,24.85,24.24,24.690001,122600,14.565952
2002-02-08,24.25,24.299999,24.02,24.25,64400,14.306372
2002-02-07,24.10,24.299999,24.02,24.18,75800,14.265075
2002-02-06,24.290001,24.290001,24.02,24.10,73500,14.217879
2002-02-05,24.24,24.40,24.209999,24.32,40800,14.347669
2002-02-04,24.15,24.379999,24.02,24.200001,74600,14.276875
2002-02-01,24.299999,24.389999,24.200001,24.219999,89600,14.288673
2002-01-31,24.389999,24.440001,24.190001,24.309999,100100,14.341769
2002-01-30,24.08,24.40,24.08,24.389999,89500,14.388965
2002-01-29,24.299999,24.309999,24.07,24.15,99900,14.247376
2002-01-28,24.02,24.799999,24.02,24.35,87300,14.365368
2002-01-25,24.01,24.559999,24.01,24.049999,71100,14.188381
2002-01-24,24.030001,24.09,23.99,24.01,90900,14.164783
2002-01-23,24.00,24.129999,24.00,24.129999,84000,14.235577
2002-01-22,24.219999,24.309999,24.00,24.049999,103500,14.188381
2002-01-18,24.610001,24.700001,24.360001,24.370001,108000,14.377167
2002-01-17,24.02,24.620001,24.01,24.620001,163400,14.524655
2002-01-16,24.35,24.450001,23.98,24.049999,313700,14.188381
2002-01-15,24.50,24.50,24.17,24.299999,475500,14.335869
2002-01-14,23.60,24.879999,23.60,24.58,221600,14.501057
2002-01-11,23.389999,23.629999,23.35,23.629999,235000,13.9406
2002-01-10,23.50,23.50,23.35,23.35,116800,13.775414
2002-01-09,23.200001,23.48,23.200001,23.32,113300,13.757715
2002-01-08,22.93,23.280001,22.85,23.24,75500,13.710519
2002-01-07,23.07,23.08,22.85,22.93,186800,13.527634
2002-01-04,23.299999,23.360001,22.940001,23.07,369800,13.610227
2002-01-03,23.00,23.43,23.00,23.26,149600,13.722318
2002-01-02,23.01,23.450001,22.60,22.93,163700,13.527634
2001-12-31,23.200001,23.440001,22.799999,23.00,78100,13.56893
2001-12-28,23.00,23.280001,22.99,23.16,104200,13.663323
2001-12-27,23.700001,23.959999,23.559999,23.58,140900,13.627925
2001-12-26,23.16,23.67,23.16,23.67,144500,13.67994
2001-12-24,23.02,23.24,23.02,23.15,39100,13.379408
2001-12-21,22.799999,23.09,22.709999,23.00,194600,13.292717
2001-12-20,23.00,23.00,22.73,22.799999,87100,13.177128
2001-12-19,22.85,22.969999,22.65,22.879999,188800,13.223363
2001-12-18,22.799999,23.10,22.76,22.799999,112800,13.177128
2001-12-17,22.57,22.91,22.57,22.75,98400,13.148231
2001-12-14,22.450001,22.58,22.35,22.58,52000,13.04998
2001-12-13,22.60,22.60,22.309999,22.40,54300,12.94595
2001-12-12,22.92,22.98,22.65,22.690001,54100,13.113555
2001-12-11,22.700001,23.02,22.700001,22.90,48800,13.234922
2001-12-10,23.10,23.10,22.75,22.799999,58000,13.177128
2001-12-07,23.01,23.33,23.00,23.049999,86800,13.321614
2001-12-06,23.02,23.07,22.870001,23.030001,178500,13.310056
2001-12-05,22.85,23.219999,22.75,23.02,126900,13.304276
2001-12-04,22.25,22.90,22.200001,22.90,151600,13.234922
2001-12-03,22.370001,22.370001,22.200001,22.200001,150000,12.830362
2001-11-30,22.299999,22.49,22.280001,22.370001,234200,12.928613
2001-11-29,22.200001,22.25,22.129999,22.25,461400,12.859259
2001-11-28,22.200001,22.299999,22.10,22.190001,292100,12.824583
2001-11-27,22.35,22.549999,22.120001,22.120001,336600,12.784127
2001-11-26,23.299999,23.299999,22.60,22.60,194400,13.06154
2001-11-23,23.40,23.51,23.32,23.51,25800,13.587469
2001-11-21,23.290001,23.450001,23.200001,23.32,47000,13.477659
2001-11-20,23.41,23.57,23.27,23.32,106900,13.477659
2001-11-19,23.15,23.450001,23.15,23.41,111500,13.529674
2001-11-16,22.98,23.370001,22.98,23.25,55300,13.437203
2001-11-15,23.00,23.120001,22.90,22.98,284100,13.281158
2001-11-14,22.799999,23.00,22.799999,22.940001,52800,13.258041
2001-11-13,22.549999,22.90,22.52,22.85,41000,13.206026
2001-11-12,22.51,22.549999,22.469999,22.50,88900,13.003745
2001-11-09,22.58,22.65,22.40,22.51,128700,13.009525
2001-11-08,22.77,22.90,22.50,22.58,187300,13.04998
2001-11-07,22.98,23.00,22.75,22.77,86800,13.15979
2001-11-06,22.50,23.10,22.50,23.08,183300,13.338953
2001-11-05,22.299999,22.700001,22.299999,22.459999,94000,12.980627
2001-11-02,22.35,22.49,22.10,22.34,131500,12.911274
2001-11-01,21.860001,22.299999,21.85,22.17,81700,12.813023
2001-10-31,21.52,21.85,21.50,21.82,115300,12.610743
2001-10-30,21.50,21.60,21.42,21.52,252700,12.43736
2001-10-29,21.200001,21.57,21.00,21.450001,214900,12.396904
2001-10-26,21.50,21.700001,21.120001,21.219999,107300,12.263976
2001-10-25,21.00,21.549999,20.799999,21.52,78600,12.43736
2001-10-24,21.25,21.25,21.01,21.040001,61600,12.159947
2001-10-23,21.40,21.440001,21.15,21.17,60600,12.235079
2001-10-22,21.799999,21.799999,21.35,21.40,79100,12.368006
2001-10-19,21.68,21.879999,21.540001,21.809999,98500,12.604963
2001-10-18,21.879999,21.92,21.40,21.58,87700,12.472036
2001-10-17,22.15,22.34,21.73,21.85,90100,12.628081
2001-10-16,22.50,22.52,22.15,22.209999,96500,12.836141
2001-10-15,22.25,22.42,22.08,22.42,53000,12.957509
2001-10-12,22.10,22.15,21.85,22.030001,84400,12.732112
2001-10-11,22.450001,22.75,21.99,21.99,143400,12.708993
2001-10-10,21.65,22.299999,21.65,22.299999,95700,12.888156
2001-10-09,22.040001,22.049999,21.50,21.75,91100,12.570287
2001-10-08,22.00,22.200001,21.90,22.030001,91100,12.732112
2001-10-05,21.549999,22.07,21.469999,22.02,149400,12.726332
2001-10-04,21.450001,21.75,21.360001,21.450001,133800,12.396904
2001-10-03,21.889999,21.889999,21.40,21.40,156500,12.368006
2001-10-02,22.35,22.559999,22.129999,22.370001,108700,12.928613
2001-10-01,22.049999,22.35,22.00,22.35,94400,12.917054
2001-09-28,21.51,22.02,21.51,22.00,107800,12.714773
2001-09-27,21.299999,21.58,21.209999,21.50,83300,12.425801
2001-09-26,21.049999,21.299999,20.92,21.23,96700,12.269756
2001-09-25,20.75,21.25,20.700001,21.23,267100,12.269756
2001-09-24,20.25,20.75,20.25,20.51,81700,11.853636
2001-09-21,20.25,20.33,19.40,20.32,386900,11.743826
2001-09-20,20.85,20.85,20.299999,20.450001,122500,11.81896
2001-09-19,20.700001,20.85,20.65,20.799999,223900,12.021239
2001-09-18,21.299999,21.299999,20.299999,20.74,284400,11.986563
2001-09-17,21.65,22.00,21.25,21.25,96300,12.281315
2001-09-10,22.00,22.200001,21.950001,22.10,104600,12.772567
2001-09-07,22.82,22.82,22.00,22.25,158300,12.859259
2001-09-06,23.10,23.10,22.790001,22.790001,65400,13.171349
2001-09-05,22.799999,23.15,22.799999,23.00,96000,13.292717
2001-09-04,22.75,22.92,22.75,22.879999,64600,13.223363
2001-08-31,23.059999,23.129999,22.75,22.75,104800,13.148231
2001-08-30,23.15,23.40,22.799999,23.049999,104000,13.321614
2001-08-29,23.620001,23.620001,23.049999,23.219999,119700,13.419864
2001-08-28,23.66,23.75,23.60,23.610001,56100,13.645263
2001-08-27,23.68,23.879999,23.610001,23.610001,75500,13.645263
2001-08-24,23.700001,23.75,23.60,23.620001,57500,13.651043
2001-08-23,23.74,23.75,23.610001,23.66,73600,13.67416
2001-08-22,23.65,23.709999,23.549999,23.709999,120200,13.703057
2001-08-21,23.360001,23.65,23.299999,23.65,190800,13.668381
2001-08-20,23.200001,23.370001,23.15,23.360001,80000,13.500777
2001-08-17,23.35,23.35,23.030001,23.129999,65200,13.367849
2001-08-16,23.07,23.280001,23.00,23.280001,107700,13.454542
2001-08-15,22.950001,23.120001,22.799999,23.120001,76700,13.362071
2001-08-14,22.99,23.25,22.85,22.99,226000,13.286937
2001-08-13,22.85,23.00,22.690001,22.91,103300,13.240702
2001-08-10,22.50,22.82,22.41,22.780001,112100,13.16557
2001-08-09,22.200001,22.50,22.200001,22.48,86700,12.992186
2001-08-08,22.08,22.25,22.00,22.200001,103300,12.830362
2001-08-07,22.049999,22.09,21.959999,22.049999,210600,12.74367
2001-08-06,21.99,22.200001,21.969999,22.00,124700,12.714773
2001-08-03,21.90,21.99,21.85,21.98,91600,12.703214
2001-08-02,21.85,22.00,21.82,21.90,102600,12.656978
2001-08-01,21.51,21.889999,21.50,21.84,97400,12.622302
2001-07-31,21.26,21.68,21.26,21.50,383200,12.425801
2001-07-30,21.299999,21.35,21.17,21.25,237300,12.281315
2001-07-27,21.25,21.370001,21.200001,21.27,87000,12.292874
2001-07-26,21.120001,21.24,21.10,21.190001,132100,12.246638
2001-07-25,21.35,21.35,21.049999,21.10,210300,12.194623
2001-07-24,21.33,21.40,21.24,21.25,184000,12.281315
2001-07-23,21.42,21.440001,21.209999,21.299999,98500,12.310211
2001-07-20,21.42,21.43,21.10,21.379999,57500,12.356447
2001-07-19,21.35,21.43,21.15,21.35,105600,12.339109
2001-07-18,21.23,21.450001,21.200001,21.26,73800,12.287094
2001-07-17,21.200001,21.25,21.10,21.200001,89400,12.252418
2001-07-16,21.00,21.139999,20.91,21.10,74700,12.194623
2001-07-13,20.98,21.00,20.90,21.00,228800,12.136829
2001-07-12,20.700001,20.950001,20.620001,20.950001,84800,12.107932
2001-07-11,20.709999,20.75,20.60,20.60,471100,11.905651
2001-07-10,20.780001,20.93,20.65,20.700001,87900,11.963446
2001-07-09,20.959999,21.030001,20.77,20.799999,240100,12.021239
2001-07-06,21.00,21.049999,20.83,20.90,183400,12.079034
2001-07-05,21.030001,21.08,20.91,20.91,117300,12.084814
2001-07-03,20.90,20.99,20.85,20.91,172800,12.084814
2001-07-02,20.68,20.84,20.60,20.799999,98900,12.021239
2001-06-29,20.799999,21.00,20.65,20.74,145700,11.986563
2001-06-28,20.60,20.950001,20.549999,20.75,126800,11.992343
2001-06-27,20.559999,20.65,20.549999,20.60,106200,11.905651
2001-06-26,20.65,20.65,20.530001,20.530001,253000,11.865195
2001-06-25,20.75,20.92,20.700001,20.700001,95300,11.963446
2001-06-22,20.99,20.99,20.620001,20.620001,220400,11.91721
2001-06-21,20.90,21.00,20.879999,20.99,95600,12.131049
2001-06-20,21.25,21.25,21.200001,21.25,321400,12.009681
2001-06-19,21.450001,21.50,21.10,21.25,721600,12.009681
2001-06-18,21.450001,21.50,21.379999,21.450001,74900,12.122714
2001-06-15,21.40,21.50,21.40,21.450001,107100,12.122714
2001-06-14,21.59,21.59,21.459999,21.49,105100,12.14532
2001-06-13,21.549999,21.719999,21.52,21.559999,175200,12.184881
2001-06-12,21.50,21.549999,21.48,21.50,134300,12.150972
2001-06-11,21.200001,21.50,21.200001,21.49,196500,12.14532
2001-06-08,21.389999,21.389999,21.10,21.15,236600,11.953165
2001-06-07,21.27,21.389999,21.209999,21.389999,202700,12.088803
2001-06-06,21.15,21.40,21.110001,21.299999,93400,12.037939
2001-06-05,21.26,21.26,21.00,21.10,108600,11.924907
2001-06-04,20.98,21.34,20.83,21.25,157100,12.009681
2001-06-01,20.969999,21.00,20.799999,20.969999,69700,11.851436
2001-05-31,20.90,21.00,20.85,20.85,135700,11.783617
2001-05-30,21.10,21.129999,20.90,20.90,100800,11.811874
2001-05-29,20.68,21.309999,20.66,21.17,165300,11.964468
2001-05-25,20.65,20.700001,20.549999,20.620001,126400,11.65363
2001-05-24,20.700001,20.700001,20.540001,20.690001,240100,11.693191
2001-05-23,20.40,20.709999,20.290001,20.700001,129700,11.698843
2001-05-22,20.60,20.74,20.370001,20.370001,152800,11.51234
2001-05-21,20.190001,20.629999,20.16,20.35,107300,11.501036
2001-05-18,19.90,20.40,19.90,20.16,106900,11.393655
2001-05-17,19.68,19.98,19.68,19.85,818100,11.218455
2001-05-16,19.68,19.950001,19.52,19.75,481900,11.161939
2001-05-15,19.51,19.76,19.51,19.68,282700,11.122378
2001-05-14,19.50,19.639999,19.50,19.60,226300,11.077165
2001-05-11,19.549999,19.59,19.459999,19.48,132300,11.009345
2001-05-10,19.60,19.60,19.35,19.459999,201000,10.998042
2001-05-09,19.540001,19.65,19.52,19.52,191100,11.031952
2001-05-08,19.549999,19.60,19.299999,19.440001,148300,10.986739
2001-05-07,19.60,19.75,19.60,19.610001,106900,11.082817
2001-05-04,19.629999,19.780001,19.50,19.719999,124200,11.144984
2001-05-03,19.700001,19.74,19.50,19.549999,84300,11.048906
2001-05-02,19.690001,19.74,19.60,19.60,73000,11.077165
2001-05-01,19.58,19.690001,19.459999,19.68,143800,11.122378
2001-04-30,19.35,19.60,19.27,19.50,273400,11.020649
2001-04-27,19.25,19.40,19.25,19.27,310300,10.890662
2001-04-26,19.18,19.540001,19.17,19.25,252700,10.879358
2001-04-25,19.16,19.49,19.01,19.120001,143100,10.805888
2001-04-24,19.200001,19.360001,19.10,19.16,117800,10.828494
2001-04-23,19.549999,19.60,19.26,19.26,90900,10.88501
2001-04-20,19.540001,19.74,19.50,19.60,102400,11.077165
2001-04-19,19.549999,19.67,19.52,19.52,76200,11.031952
2001-04-18,19.25,19.549999,19.25,19.50,391100,11.020649
2001-04-17,19.299999,19.35,19.200001,19.280001,134100,10.896313
2001-04-16,19.299999,19.379999,18.98,18.98,67900,10.726764
2001-04-12,19.25,19.40,18.969999,19.08,141500,10.783281
2001-04-11,19.60,19.60,19.15,19.25,56600,10.879358
2001-04-10,19.50,19.57,19.42,19.57,38200,11.06021
2001-04-09,19.50,19.75,19.469999,19.50,53000,11.020649
2001-04-06,19.549999,19.60,19.299999,19.459999,36900,10.998042
2001-04-05,19.35,19.60,19.299999,19.60,96400,11.077165
2001-04-04,19.299999,19.389999,19.110001,19.24,69900,10.873706
2001-04-03,19.700001,19.700001,19.15,19.309999,52500,10.913268
2001-04-02,19.559999,19.75,19.41,19.75,51100,11.161939
2001-03-30,19.41,19.700001,19.40,19.559999,64800,11.054558
2001-03-29,19.75,19.75,19.23,19.41,1062700,10.969784
2001-03-28,19.549999,19.92,19.51,19.799999,58200,11.190197
2001-03-27,19.60,19.700001,19.360001,19.65,63100,11.105423
2001-03-26,19.299999,19.700001,19.299999,19.67,105300,11.116726
2001-03-23,19.290001,19.290001,19.200001,19.27,63700,10.890662
2001-03-22,19.51,19.549999,19.129999,19.26,128200,10.88501
2001-03-21,19.50,19.68,19.450001,19.50,232200,11.020649
2001-03-20,19.950001,20.299999,19.85,19.870001,307900,10.964133
2001-03-19,19.65,19.93,19.65,19.93,59400,10.99724
2001-03-16,19.799999,20.00,19.549999,19.57,125500,10.798594
2001-03-15,19.90,19.92,19.67,19.700001,84800,10.870328
2001-03-14,20.00,20.200001,19.90,19.91,71000,10.986204
2001-03-13,20.049999,20.200001,20.00,20.10,43900,11.091045
2001-03-12,20.049999,20.25,20.00,20.030001,44900,11.05242
2001-03-09,20.16,20.25,20.030001,20.049999,39000,11.063455
2001-03-08,20.200001,20.26,20.00,20.16,149400,11.124152
2001-03-07,20.049999,20.219999,20.040001,20.200001,45600,11.146225
2001-03-06,19.85,20.049999,19.85,20.040001,77600,11.057938
2001-03-05,19.889999,19.98,19.860001,19.90,98000,10.980686
2001-03-02,19.860001,19.99,19.85,19.90,65800,10.980686
2001-03-01,19.790001,19.959999,19.700001,19.860001,92800,10.958615
2001-02-28,19.799999,19.950001,19.65,19.799999,102100,10.925506
2001-02-27,19.85,19.950001,19.719999,19.719999,37500,10.881363
2001-02-26,19.75,19.90,19.67,19.75,66300,10.897917
2001-02-23,19.51,19.700001,19.450001,19.68,68700,10.859292
2001-02-22,19.469999,19.549999,19.469999,19.50,71700,10.759969
2001-02-21,19.459999,19.51,19.42,19.459999,78000,10.737897
2001-02-20,19.48,19.559999,19.450001,19.450001,45600,10.73238
2001-02-16,19.549999,19.700001,19.450001,19.48,79200,10.748933
2001-02-15,19.469999,19.530001,19.450001,19.48,58000,10.748933
2001-02-14,19.48,19.48,19.309999,19.450001,50200,10.73238
2001-02-13,19.50,19.50,19.41,19.41,41900,10.710307
2001-02-12,19.50,19.540001,19.40,19.50,90300,10.759969
2001-02-09,19.440001,19.450001,19.35,19.450001,37000,10.73238
2001-02-08,19.40,19.48,19.370001,19.40,48600,10.704789
2001-02-07,19.360001,19.48,19.32,19.469999,39700,10.743415
2001-02-06,19.700001,19.75,19.299999,19.299999,225500,10.64961
2001-02-05,19.700001,19.799999,19.610001,19.66,49800,10.848256
2001-02-02,19.799999,19.889999,19.60,19.620001,158200,10.826185
2001-02-01,19.799999,19.879999,19.50,19.85,167100,10.953097
2001-01-31,19.950001,19.99,19.709999,19.719999,89600,10.881363
2001-01-30,19.65,19.940001,19.629999,19.84,46800,10.947579
2001-01-29,19.50,19.68,19.50,19.60,49200,10.815148
2001-01-26,19.50,19.50,19.3125,19.4375,116600,10.725482
2001-01-25,19.6875,19.6875,19.4375,19.4375,66000,10.725482
2001-01-24,19.6875,19.6875,19.625,19.625,137100,10.828943
2001-01-23,19.625,19.875,19.625,19.6875,214600,10.86343
2001-01-22,19.8125,19.8125,19.50,19.6875,414100,10.86343
2001-01-19,19.375,19.75,19.375,19.75,216500,10.897917
2001-01-18,19.5625,19.6875,19.375,19.4375,176300,10.725482
2001-01-17,19.625,19.75,19.50,19.50,290000,10.759969
2001-01-16,19.50,19.90625,19.50,19.6875,74900,10.86343
2001-01-12,19.6875,19.75,19.50,19.625,82200,10.828943
2001-01-11,19.75,19.9375,19.625,19.625,61400,10.828943
2001-01-10,19.50,19.9375,19.4375,19.625,83100,10.828943
2001-01-09,19.375,19.50,19.375,19.50,31700,10.759969
2001-01-08,19.4375,19.50,19.3125,19.375,44300,10.690995
2001-01-05,19.5625,19.6875,19.3125,19.4375,47000,10.725482
2001-01-04,19.50,19.875,19.50,19.625,86700,10.828943
2001-01-03,19.125,19.50,19.0625,19.50,102600,10.759969
2001-01-02,19.125,19.25,19.0625,19.0625,41800,10.518559
2000-12-29,19.25,19.3125,18.9375,19.00,329200,10.484072
2000-12-28,19.1875,19.50,19.00,19.25,180500,10.622021
2000-12-27,19.50,19.9375,19.4375,19.8125,217100,10.673062
2000-12-26,19.25,19.4375,19.1875,19.375,107300,10.437379
2000-12-22,19.6875,19.9375,19.1875,19.25,123800,10.370041
2000-12-21,19.625,20.00,19.375,19.5625,132100,10.538386
2000-12-20,19.50,19.875,19.375,19.75,78300,10.639393
2000-12-19,19.4375,19.625,19.3125,19.5625,59300,10.538386
2000-12-18,19.50,19.625,19.25,19.50,77300,10.504717
2000-12-15,19.125,19.625,19.00,19.625,127300,10.572055
2000-12-14,19.3125,19.375,19.0625,19.125,57600,10.302703
2000-12-13,19.375,19.4375,19.125,19.3125,87400,10.40371
2000-12-12,19.625,19.6875,19.4375,19.50,42500,10.504717
2000-12-11,19.5625,19.6875,19.4375,19.6875,57100,10.605724
2000-12-08,19.3125,19.625,19.1875,19.625,64000,10.572055
2000-12-07,19.1875,19.25,19.125,19.25,41400,10.370041
2000-12-06,19.3125,19.5625,19.125,19.1875,188800,10.336372
2000-12-05,19.25,19.5625,19.1875,19.3125,160800,10.40371
2000-12-04,19.4375,19.4375,19.1875,19.1875,108800,10.336372
2000-12-01,19.3125,19.375,19.1875,19.3125,143400,10.40371
2000-11-30,19.3125,19.50,19.25,19.25,249800,10.370041
2000-11-29,19.3125,19.50,19.3125,19.375,67800,10.437379
2000-11-28,19.3125,19.375,19.25,19.25,58200,10.370041
2000-11-27,19.3125,19.5625,19.3125,19.375,38300,10.437379
2000-11-24,19.125,19.50,19.125,19.50,32500,10.504717
2000-11-22,19.25,19.3125,19.125,19.25,49400,10.370041
2000-11-21,19.3125,19.3125,19.125,19.1875,44000,10.336372
2000-11-20,19.125,19.25,19.125,19.25,20300,10.370041
2000-11-17,19.375,19.375,19.0625,19.25,58500,10.370041
2000-11-16,19.25,19.375,19.125,19.125,33900,10.302703
2000-11-15,19.3125,19.4375,19.1875,19.375,58400,10.437379
2000-11-14,19.1875,19.4375,19.125,19.3125,47600,10.40371
2000-11-13,19.1875,19.3125,19.00,19.25,55700,10.370041
2000-11-10,19.3125,19.4375,19.125,19.3125,29000,10.40371
2000-11-09,19.4375,19.4375,18.875,19.4375,313400,10.471048
2000-11-08,19.125,19.4375,19.0625,19.375,69400,10.437379
2000-11-07,19.125,19.25,18.9375,19.0625,352100,10.269034
2000-11-06,19.0625,19.375,19.00,19.1875,57500,10.336372
2000-11-03,19.00,19.125,18.875,18.9375,50900,10.201696
2000-11-02,19.125,19.25,18.9375,19.00,274000,10.235365
2000-11-01,19.3125,19.3125,19.0625,19.125,35800,10.302703
2000-10-31,19.25,19.375,19.125,19.25,60400,10.370041
2000-10-30,19.25,19.375,19.125,19.375,25800,10.437379
2000-10-27,18.875,19.375,18.875,19.3125,26600,10.40371
2000-10-26,19.25,19.25,18.75,19.00,177800,10.235365
2000-10-25,19.375,19.375,19.00,19.125,274200,10.302703
2000-10-24,19.50,19.50,19.375,19.4375,126300,10.471048
2000-10-23,19.50,19.50,19.375,19.4375,83500,10.471048
2000-10-20,19.50,19.5625,19.3125,19.4375,35600,10.471048
2000-10-19,19.50,19.5625,19.4375,19.4375,64800,10.471048
2000-10-18,19.50,19.625,19.4375,19.50,144200,10.504717
2000-10-17,19.75,19.75,19.50,19.50,59200,10.504717
2000-10-16,19.75,19.875,19.5625,19.6875,55200,10.605724
2000-10-13,19.625,19.75,19.50,19.75,62100,10.639393
2000-10-12,19.6875,19.8125,19.50,19.625,221900,10.572055
2000-10-11,19.75,19.8125,19.625,19.75,238400,10.639393
2000-10-10,19.875,19.875,19.50,19.625,51100,10.572055
2000-10-09,19.75,19.9375,19.625,19.875,38800,10.706731
2000-10-06,19.8125,19.9375,19.625,19.625,67100,10.572055
2000-10-05,19.3125,19.8125,19.25,19.75,242400,10.639393
2000-10-04,19.1875,19.3125,19.0625,19.1875,48600,10.336372
2000-10-03,19.25,19.375,19.00,19.125,107600,10.302703
2000-10-02,19.3125,19.50,19.125,19.125,153700,10.302703
2000-09-29,19.4375,19.4375,19.125,19.125,316500,10.302703
2000-09-28,19.4375,19.5625,19.25,19.3125,210200,10.40371
2000-09-27,20.00,20.125,19.875,19.9375,259400,10.487209
2000-09-26,19.9375,20.0625,19.75,20.00,73900,10.520084
2000-09-25,20.1875,20.375,19.875,19.875,44300,10.454333
2000-09-22,20.00,20.25,19.875,20.1875,89100,10.61871
2000-09-21,20.375,20.375,20.00,20.0625,76700,10.552959
2000-09-20,20.50,20.625,20.25,20.25,34100,10.651585
2000-09-19,20.50,20.75,20.375,20.5625,40100,10.815961
2000-09-18,20.875,20.9375,20.3125,20.3125,65700,10.68446
2000-09-15,20.6875,20.875,20.625,20.75,88300,10.914587
2000-09-14,20.875,21.00,20.875,20.9375,47800,11.013213
2000-09-13,20.75,20.9375,20.75,20.8125,122600,10.947462
2000-09-12,20.875,20.9375,20.625,20.75,62200,10.914587
2000-09-11,20.75,20.9375,20.375,20.875,53100,10.980338
2000-09-08,20.25,20.50,20.1875,20.50,54500,10.783086
2000-09-07,20.125,20.3125,20.125,20.25,84000,10.651585
2000-09-06,20.125,20.3125,20.00,20.0625,86800,10.552959
2000-09-05,20.3125,20.4375,20.0625,20.125,63800,10.585834
2000-09-01,20.125,20.4375,20.0625,20.25,30300,10.651585
2000-08-31,20.4375,20.625,20.00,20.00,31900,10.520084
2000-08-30,20.125,20.4375,20.00,20.4375,25900,10.750211
2000-08-29,20.25,20.375,20.0625,20.125,18300,10.585834
2000-08-28,20.50,20.50,20.0625,20.1875,48900,10.61871
2000-08-25,20.5625,20.6875,20.25,20.50,30200,10.783086
2000-08-24,20.75,20.8125,20.50,20.5625,44500,10.815961
2000-08-23,20.875,20.9375,20.75,20.75,52900,10.914587
2000-08-22,20.9375,21.00,20.875,20.875,51000,10.980338
2000-08-21,21.00,21.125,20.875,20.875,61400,10.980338
2000-08-18,20.9375,21.00,20.875,20.9375,117200,11.013213
2000-08-17,21.00,21.00,20.875,21.00,149600,11.046088
2000-08-16,20.75,21.00,20.75,20.9375,66700,11.013213
2000-08-15,20.9375,21.00,20.50,20.75,97300,10.914587
2000-08-14,21.00,21.1875,20.9375,21.00,94500,11.046088
2000-08-11,21.00,21.00,20.9375,21.00,47200,11.046088
2000-08-10,20.875,21.00,20.875,21.00,49900,11.046088
2000-08-09,21.00,21.00,20.8125,21.00,59400,11.046088
2000-08-08,20.8125,21.0625,20.75,20.875,97300,10.980338
2000-08-07,21.00,21.125,20.625,20.6875,56800,10.881712
2000-08-04,21.50,21.50,20.875,21.00,46100,11.046088
2000-08-03,21.5625,21.5625,21.125,21.4375,82900,11.276215
2000-08-02,21.50,21.5625,21.25,21.5625,50500,11.341965
2000-08-01,21.375,21.6875,21.1875,21.625,110600,11.374841
2000-07-31,20.9375,21.375,20.9375,21.375,84100,11.24334
2000-07-28,21.00,21.25,20.9375,21.0625,52900,11.078963
2000-07-27,20.9375,21.00,20.875,20.9375,43100,11.013213
2000-07-26,20.9375,21.00,20.8125,20.9375,53200,11.013213
2000-07-25,21.00,21.00,20.75,20.9375,79500,11.013213
2000-07-24,21.00,21.00,20.75,20.9375,66000,11.013213
2000-07-21,21.125,21.50,20.9375,20.9375,142700,11.013213
2000-07-20,21.125,21.1875,20.8125,21.1875,85400,11.144714
2000-07-19,21.00,21.1875,20.8125,21.00,24200,11.046088
2000-07-18,21.25,21.25,20.875,21.0625,37500,11.078963
2000-07-17,21.3125,21.3125,21.00,21.125,53600,11.111839
2000-07-14,21.625,21.625,21.1875,21.1875,35900,11.144714
2000-07-13,21.50,21.75,21.4375,21.50,80000,11.30909
2000-07-12,21.50,21.75,21.375,21.625,72900,11.374841
2000-07-11,21.6875,21.6875,21.3125,21.375,83600,11.24334
2000-07-10,21.4375,21.625,21.4375,21.625,29700,11.374841
2000-07-07,21.625,21.9375,21.50,21.5625,613000,11.341965
2000-07-06,21.0625,21.6875,21.0625,21.625,55600,11.374841
2000-07-05,21.00,21.3125,20.75,21.1875,103900,11.144714
2000-07-03,20.25,20.875,20.25,20.875,26900,10.980338
2000-06-30,20.875,21.125,20.00,20.015619,414100,10.5283
2000-06-29,20.75,21.00,20.75,20.8125,39600,10.947462
2000-06-28,20.75,20.9375,20.75,20.875,80600,10.980338
2000-06-27,20.625,20.875,20.625,20.75,35000,10.914587
2000-06-26,20.75,20.75,20.625,20.6875,142100,10.881712
2000-06-23,20.75,20.8125,20.50,20.75,41200,10.914587
2000-06-22,20.75,20.8125,20.5625,20.625,91900,10.848837
2000-06-21,21.375,21.375,21.125,21.25,137000,10.940887
2000-06-20,21.25,21.3125,21.125,21.25,144300,10.940887
2000-06-19,21.4375,21.4375,21.125,21.25,73900,10.940887
2000-06-16,21.625,21.625,21.25,21.375,111200,11.005245
2000-06-15,21.8125,21.875,21.50,21.625,103200,11.133962
2000-06-14,21.75,21.9375,21.625,21.8125,106400,11.230499
2000-06-13,21.625,21.8125,21.5625,21.8125,91600,11.230499
2000-06-12,21.875,21.875,21.5625,21.5625,171700,11.101783
2000-06-09,21.8125,21.875,21.6875,21.875,45400,11.262678
2000-06-08,21.9375,22.00,21.6875,21.75,36400,11.19832
2000-06-07,21.75,21.9375,21.625,21.9375,252900,11.294857
2000-06-06,21.5625,22.00,21.5625,21.75,104500,11.19832
2000-06-05,21.875,21.9375,21.5625,21.625,26900,11.133962
2000-06-02,21.9375,22.00,21.6875,22.00,29700,11.327036
2000-06-01,21.8125,21.9375,21.6875,21.9375,132500,11.294857
2000-05-31,22.0625,22.0625,21.50,21.9375,152300,11.294857
2000-05-30,22.00,22.0625,21.6875,22.0625,32000,11.359215
2000-05-26,21.75,22.0625,21.625,22.0625,39300,11.359215
2000-05-25,22.0625,22.125,21.875,21.875,74100,11.262678
2000-05-24,21.625,22.125,21.3125,22.125,53000,11.391394
2000-05-23,21.9375,22.00,21.5625,21.75,34000,11.19832
2000-05-22,21.875,22.0625,21.5625,22.0625,41100,11.359215
2000-05-19,22.25,22.3125,22.00,22.00,52600,11.327036
2000-05-18,21.6875,22.3125,21.625,22.3125,96400,11.487932
2000-05-17,21.6875,21.8125,21.375,21.5625,65000,11.101783
2000-05-16,21.8125,21.9375,21.625,21.8125,32400,11.230499
2000-05-15,21.8125,21.9375,21.5625,21.9375,39700,11.294857
2000-05-12,21.625,22.00,21.625,21.8125,32900,11.230499
2000-05-11,21.5625,21.75,21.50,21.75,20300,11.19832
2000-05-10,21.6875,21.6875,21.3125,21.50,49800,11.069604
2000-05-09,21.9375,21.9375,21.4375,21.8125,34200,11.230499
2000-05-08,22.00,22.00,21.75,21.8125,73800,11.230499
2000-05-05,22.0625,22.1875,21.9375,22.00,84400,11.327036
2000-05-04,22.125,22.1875,22.00,22.0625,52300,11.359215
2000-05-03,22.00,22.25,21.875,22.0625,167100,11.359215
2000-05-02,21.625,22.125,21.50,22.00,237600,11.327036
2000-05-01,21.50,21.625,21.25,21.625,58500,11.133962
2000-04-28,21.25,21.50,21.125,21.25,69800,10.940887
2000-04-27,21.75,21.75,21.3125,21.3125,39500,10.973066
2000-04-26,20.5625,21.125,20.3125,21.00,97300,10.812171
2000-04-25,20.4375,20.625,20.125,20.625,34300,10.619096
2000-04-24,20.25,20.4375,20.00,20.3125,68500,10.458201
2000-04-20,20.3125,20.75,20.125,20.375,99000,10.49038
2000-04-19,20.50,20.50,20.1875,20.25,34200,10.426022
2000-04-18,20.4375,20.4375,19.875,20.3125,340800,10.458201
2000-04-17,20.75,20.75,20.4375,20.5625,120000,10.586917
2000-04-14,21.00,21.00,20.625,20.6875,114400,10.651275
2000-04-13,21.0625,21.0625,20.9375,21.0625,68400,10.84435
2000-04-12,20.5625,21.125,20.5625,21.0625,141500,10.84435
2000-04-11,20.75,21.125,20.4375,20.625,97000,10.619096
2000-04-10,20.875,20.9375,20.5625,20.6875,102800,10.651275
2000-04-07,20.375,21.00,20.375,21.00,111600,10.812171
2000-04-06,19.8125,20.3125,19.75,20.3125,120100,10.458201
2000-04-05,19.25,19.875,19.25,19.75,115800,10.168589
2000-04-04,19.0625,19.375,18.9375,19.375,71400,9.975515
2000-04-03,19.25,19.3125,19.0625,19.125,42500,9.846798
2000-03-31,19.0625,19.3125,19.00,19.3125,41400,9.943336
2000-03-30,19.00,19.125,19.00,19.125,39400,9.846798
2000-03-29,18.9375,19.0625,18.875,19.00,142300,9.78244
2000-03-28,18.75,19.00,18.75,18.875,76200,9.718082
2000-03-27,18.6875,18.9375,18.625,18.8125,80500,9.685903
2000-03-24,18.625,18.9375,18.5625,18.5625,71900,9.557187
2000-03-23,18.875,19.00,18.50,18.8125,59800,9.685903
2000-03-22,19.0625,19.125,18.50,19.00,66600,9.78244
2000-03-21,19.1875,19.6875,19.00,19.6875,53200,9.904721
2000-03-20,19.0625,19.375,19.00,19.3125,111500,9.71606
2000-03-17,19.00,19.25,19.00,19.1875,61800,9.653173
2000-03-16,18.875,19.00,18.875,19.00,68400,9.558842
2000-03-15,18.9375,18.9375,18.625,18.75,285500,9.433068
2000-03-14,18.75,19.00,18.75,18.875,49800,9.495955
2000-03-13,18.75,18.875,18.6875,18.75,17600,9.433068
2000-03-10,18.8125,18.9375,18.6875,18.75,42500,9.433068
2000-03-09,18.9375,19.00,18.75,18.875,31800,9.495955
2000-03-08,18.875,19.00,18.875,19.00,58400,9.558842
2000-03-07,19.1875,19.25,18.75,18.75,128000,9.433068
2000-03-06,19.00,19.1875,18.8125,19.1875,184300,9.653173
2000-03-03,19.25,19.25,18.9375,19.0625,135200,9.590285
2000-03-02,19.0625,19.0625,19.00,19.00,39600,9.558842
2000-03-01,19.1875,19.25,18.9375,19.125,109400,9.621729
2000-02-29,18.75,19.25,18.625,19.25,114200,9.684616
2000-02-28,18.375,18.75,18.375,18.625,57300,9.37018
2000-02-25,18.25,18.50,18.25,18.375,37200,9.244406
2000-02-24,18.50,18.50,18.0625,18.25,49900,9.181519
2000-02-23,18.375,18.6875,18.125,18.625,85000,9.37018
2000-02-22,18.125,18.50,18.0625,18.50,83500,9.307293
2000-02-18,18.0625,18.375,18.0625,18.1875,113000,9.150076
2000-02-17,17.9375,18.0625,17.9375,18.0625,70100,9.087188
2000-02-16,18.00,18.125,17.875,17.875,97100,8.992858
2000-02-15,18.00,18.25,17.875,18.00,249000,9.055745
2000-02-14,18.75,18.75,17.75,18.00,143600,9.055745
2000-02-11,19.1875,19.25,18.75,18.75,77400,9.433068
2000-02-10,19.00,19.375,18.9375,19.3125,33400,9.71606
2000-02-09,19.1875,19.25,18.875,19.125,70600,9.621729
2000-02-08,19.1875,19.25,19.00,19.125,73500,9.621729
2000-02-07,19.375,19.50,19.1875,19.1875,99200,9.653173
2000-02-04,19.625,19.6875,19.4375,19.4375,73000,9.778947
2000-02-03,19.75,19.8125,19.6875,19.75,34500,9.936165
2000-02-02,20.0625,20.0625,19.625,19.6875,171500,9.904721
2000-02-01,20.0625,20.0625,19.875,20.0625,49100,10.093382
2000-01-31,19.9375,20.0625,19.9375,19.9375,57100,10.030495
2000-01-28,20.00,20.0625,20.00,20.0625,33400,10.093382
2000-01-27,20.0625,20.125,20.00,20.0625,61000,10.093382
2000-01-26,20.0625,20.0625,20.00,20.00,34200,10.061939
2000-01-25,20.00,20.125,19.875,20.00,66700,10.061939
2000-01-24,20.125,20.1875,20.00,20.00,52600,10.061939
2000-01-21,20.1875,20.1875,20.0625,20.1875,29200,10.156269
2000-01-20,20.1875,20.25,20.125,20.1875,51900,10.156269
2000-01-19,19.875,20.125,19.75,20.125,154100,10.124826
2000-01-18,20.00,20.0625,19.8125,20.00,64000,10.061939
2000-01-14,20.00,20.0625,19.75,19.75,53400,9.936165
2000-01-13,19.875,20.0625,19.625,19.9375,164200,10.030495
2000-01-12,19.75,20.25,19.75,20.00,96100,10.061939
2000-01-11,20.25,20.25,19.50,19.625,56900,9.873277
2000-01-10,20.3125,20.50,20.0625,20.375,64400,10.2506
2000-01-07,19.25,20.375,19.1875,20.25,190200,10.187713
2000-01-06,18.75,19.25,18.625,19.25,186800,9.684616
2000-01-05,18.75,18.875,18.625,18.6875,135400,9.401624
2000-01-04,18.75,18.8125,18.625,18.75,176500,9.433068
2000-01-03,18.8125,18.875,18.625,18.8125,110000,9.464511
1999-12-31,18.50,18.875,18.50,18.8125,69700,9.464511
1999-12-30,18.75,18.9375,18.3125,18.75,105900,9.433068
1999-12-29,18.875,19.125,18.8125,18.9375,88600,9.301005
1999-12-28,18.1875,18.625,18.125,18.4375,123700,9.055433
1999-12-27,18.25,18.25,18.125,18.25,116500,8.963344
1999-12-23,18.1875,18.25,18.0625,18.1875,120200,8.932648
1999-12-22,18.00,18.25,17.75,18.125,174800,8.901952
1999-12-21,17.75,18.1875,17.625,18.00,147700,8.840559
1999-12-20,17.625,17.9375,17.375,17.875,176200,8.779166
1999-12-17,17.125,18.375,17.00,17.50,166600,8.594988
1999-12-16,16.625,17.375,16.625,16.9375,1148800,8.31872
1999-12-15,17.1875,17.3125,16.375,16.625,225900,8.165238
1999-12-14,17.75,18.0625,17.125,17.25,249300,8.472202
1999-12-13,17.875,18.00,17.50,17.75,164500,8.717773
1999-12-10,17.9375,18.125,17.8125,17.875,88200,8.779166
1999-12-09,17.875,18.125,17.8125,17.8125,167000,8.74847
1999-12-08,18.00,18.0625,17.875,18.00,191200,8.840559
1999-12-07,18.0625,18.1875,17.875,18.0625,86700,8.871255
1999-12-06,17.875,18.375,17.875,17.9375,163000,8.809862
1999-12-03,18.25,18.50,18.00,18.00,95200,8.840559
1999-12-02,18.00,18.375,18.00,18.125,59200,8.901952
1999-12-01,18.00,18.1875,17.875,18.125,245000,8.901952
1999-11-30,18.3125,18.4375,17.875,18.00,250000,8.840559
1999-11-29,18.50,18.75,18.25,18.375,90700,9.024737
1999-11-26,18.875,18.875,18.50,18.6875,13100,9.178219
1999-11-24,18.875,19.00,18.625,18.875,81400,9.270308
1999-11-23,18.8125,19.125,18.50,18.75,57300,9.208915
1999-11-22,19.375,19.50,19.00,19.00,39300,9.331701
1999-11-19,19.125,19.25,18.625,19.25,72400,9.454486
1999-11-18,19.125,19.25,18.9375,19.0625,32100,9.362397
1999-11-17,19.0625,19.1875,18.9375,19.0625,157200,9.362397
1999-11-16,19.375,19.375,19.00,19.1875,171700,9.42379
1999-11-15,19.375,19.4375,19.00,19.1875,70500,9.42379
1999-11-12,19.125,19.375,19.125,19.25,61300,9.454486
1999-11-11,19.25,19.25,19.0625,19.125,86600,9.393094
1999-11-10,19.375,19.50,19.125,19.1875,67400,9.42379
1999-11-09,19.50,19.625,19.3125,19.375,122200,9.515879
1999-11-08,19.50,19.5625,19.25,19.50,202100,9.577272
1999-11-05,19.3125,19.50,19.00,19.50,90400,9.577272
1999-11-04,19.625,19.75,19.375,19.625,236600,9.638665
1999-11-03,19.25,19.625,19.00,19.5625,117500,9.607968
1999-11-02,18.75,19.375,18.75,19.125,58700,9.393094
1999-11-01,18.4375,18.9375,18.25,18.75,73700,9.208915
1999-10-29,18.125,18.3125,18.00,18.1875,54600,8.932648
1999-10-28,18.25,18.4375,17.875,18.00,45900,8.840559
1999-10-27,18.25,18.25,17.875,18.125,100100,8.901952
1999-10-26,18.50,18.5625,18.25,18.25,77800,8.963344
1999-10-25,18.5625,18.625,18.375,18.375,79000,9.024737
1999-10-22,18.50,18.5625,18.375,18.4375,113200,9.055433
1999-10-21,19.00,19.00,18.50,18.50,264700,9.08613
1999-10-20,19.00,19.125,18.625,18.9375,42800,9.301005
1999-10-19,19.125,19.4375,19.00,19.00,104000,9.331701
1999-10-18,18.8125,19.25,18.8125,19.125,61700,9.393094
1999-10-15,19.125,19.125,18.625,18.75,43300,9.208915
1999-10-14,19.25,19.4375,19.00,19.00,77200,9.331701
1999-10-13,19.125,19.50,19.0625,19.125,56000,9.393094
1999-10-12,19.4375,19.50,19.00,19.00,101400,9.331701
1999-10-11,19.625,19.75,19.375,19.375,42300,9.515879
1999-10-08,19.625,19.875,19.50,19.75,32500,9.700058
1999-10-07,19.75,19.75,19.50,19.625,32800,9.638665
1999-10-06,20.00,20.00,19.5625,19.75,101800,9.700058
1999-10-05,20.125,20.125,19.75,19.875,82800,9.76145
1999-10-04,20.00,20.125,19.9375,20.125,37100,9.884236
1999-10-01,20.9375,20.9375,20.1875,20.3125,42300,9.755311
1999-09-30,20.375,20.9375,20.375,20.9375,51400,10.055475
1999-09-29,20.50,20.5625,20.00,20.3125,63500,9.755311
1999-09-28,20.875,20.875,20.3125,20.4375,142200,9.815344
1999-09-27,20.8125,20.875,20.6875,20.75,77200,9.965426
1999-09-24,20.75,20.875,20.50,20.75,49300,9.965426
1999-09-23,20.75,20.9375,20.50,20.625,29100,9.905393
1999-09-22,20.8125,20.9375,20.50,20.75,28300,9.965426
1999-09-21,21.00,21.0625,20.75,20.8125,61900,9.995442
1999-09-20,21.125,21.25,21.00,21.00,47500,10.085491
1999-09-17,21.25,21.25,21.125,21.125,35500,10.145524
1999-09-16,21.375,21.4375,21.125,21.25,71300,10.205556
1999-09-15,21.5625,21.5625,21.25,21.4375,56100,10.295605
1999-09-14,21.9375,22.00,21.50,21.5625,64700,10.355638
1999-09-13,21.9375,22.00,21.625,21.8125,67500,10.475703
1999-09-10,22.125,22.125,21.75,22.0625,92800,10.595769
1999-09-09,22.25,22.3125,21.9375,22.125,76700,10.625785
1999-09-08,22.75,22.75,21.875,22.375,235700,10.74585
1999-09-07,23.9375,23.9375,22.75,23.00,279900,11.046014
1999-09-03,23.3125,24.00,23.3125,23.9375,111900,11.496259
1999-09-02,22.6875,23.375,22.5625,23.3125,231000,11.196096
1999-09-01,21.875,23.00,21.875,22.625,216100,10.865916
1999-08-31,21.8125,21.875,21.625,21.875,67800,10.50572
1999-08-30,21.75,21.875,21.625,21.6875,21400,10.415671
1999-08-27,21.50,21.875,21.50,21.875,117900,10.50572
1999-08-26,21.625,21.75,21.50,21.625,131600,10.385654
1999-08-25,21.6875,21.6875,21.50,21.5625,97100,10.355638
1999-08-24,21.6875,21.75,21.50,21.625,49900,10.385654
1999-08-23,21.625,21.75,21.50,21.625,82900,10.385654
1999-08-20,21.9375,21.9375,21.50,21.5625,147700,10.355638
1999-08-19,22.00,22.125,21.625,21.8125,32100,10.475703
1999-08-18,22.125,22.1875,22.00,22.125,17300,10.625785
1999-08-17,22.375,22.4375,22.0625,22.125,37300,10.625785
1999-08-16,22.375,22.4375,22.1875,22.3125,24700,10.715834
1999-08-13,22.3125,22.375,22.00,22.1875,64200,10.655801
1999-08-12,22.1875,22.375,21.9375,22.3125,54900,10.715834
1999-08-11,22.4375,22.4375,21.875,22.0625,47500,10.595769
1999-08-10,22.1875,22.3125,21.875,22.0625,72400,10.595769
1999-08-09,22.375,22.4375,22.125,22.25,25500,10.685818
1999-08-06,22.1875,22.375,22.125,22.25,50500,10.685818
1999-08-05,22.25,22.5625,22.00,22.4375,47600,10.775867
1999-08-04,22.5625,22.5625,22.25,22.3125,53300,10.715834
1999-08-03,22.875,22.875,22.25,22.5625,65000,10.8359
1999-08-02,22.50,22.75,22.1875,22.75,34300,10.925949
1999-07-30,22.00,22.625,22.00,22.625,43600,10.865916
1999-07-29,22.00,22.125,21.625,22.0625,30500,10.595769
1999-07-28,22.125,22.375,21.9375,22.25,28200,10.685818
1999-07-27,21.75,22.3125,21.625,22.125,36400,10.625785
1999-07-26,21.625,22.00,21.5625,21.6875,55300,10.415671
1999-07-23,22.125,22.125,21.625,21.6875,62600,10.415671
1999-07-22,22.375,22.375,22.0625,22.25,33800,10.685818
1999-07-21,22.3125,22.4375,22.125,22.3125,31200,10.715834
1999-07-20,22.25,22.375,22.125,22.375,38500,10.74585
1999-07-19,22.375,22.4375,21.9375,22.1875,145300,10.655801
1999-07-16,22.625,22.625,22.25,22.50,37000,10.805883
1999-07-15,22.375,22.625,22.125,22.4375,74100,10.775867
1999-07-14,22.4375,22.5625,22.125,22.3125,48000,10.715834
1999-07-13,22.1875,22.375,22.00,22.3125,39000,10.715834
1999-07-12,22.625,22.625,22.125,22.1875,117600,10.655801
1999-07-09,22.75,22.75,22.3125,22.50,121900,10.805883
1999-07-08,22.6875,22.8125,22.50,22.75,57600,10.925949
1999-07-07,22.8125,22.875,22.625,22.625,34400,10.865916
1999-07-06,23.00,23.125,22.75,23.0625,30400,11.07603
1999-07-02,23.375,23.375,23.00,23.125,72400,11.106047
1999-07-01,22.875,23.3125,22.5625,23.3125,43100,11.196096
1999-06-30,23.00,23.25,22.875,22.9375,73200,11.015998
1999-06-29,23.25,23.25,22.75,23.00,46200,11.046014
1999-06-28,22.875,23.50,22.75,23.1875,98700,11.136063
1999-06-25,22.625,22.9375,22.625,22.75,55500,10.925949
1999-06-24,23.0625,23.25,22.625,22.625,30300,10.865916
1999-06-23,23.125,23.375,23.125,23.25,29700,11.166079
1999-06-22,23.75,23.9375,23.6875,23.875,100800,11.254927
1999-06-21,23.375,23.875,23.3125,23.875,82900,11.254927
1999-06-18,23.8125,23.9375,23.625,23.625,121900,11.137075
1999-06-17,23.5625,23.9375,23.5625,23.5625,58700,11.107612
1999-06-16,23.625,23.75,23.3125,23.625,44900,11.137075
1999-06-15,23.00,23.9375,22.9375,23.625,154500,11.137075
1999-06-14,23.125,23.125,22.75,22.875,54100,10.783517
1999-06-11,23.00,23.0625,22.75,22.875,79300,10.783517
1999-06-10,22.9375,23.0625,22.875,23.0625,70600,10.871906
1999-06-09,22.8125,22.9375,22.8125,22.875,31700,10.783517
1999-06-08,22.625,22.875,22.50,22.8125,56400,10.754054
1999-06-07,23.0625,23.125,22.6875,22.75,26800,10.724591
1999-06-04,23.0625,23.125,22.875,23.00,20800,10.842443
1999-06-03,22.9375,23.25,22.875,23.125,56500,10.901369
1999-06-02,23.00,23.125,22.8125,22.9375,66600,10.81298
1999-06-01,23.125,23.125,22.8125,23.00,31100,10.842443
1999-05-28,22.9375,23.125,22.8125,23.125,34600,10.901369
1999-05-27,22.9375,23.00,22.625,22.875,38300,10.783517
1999-05-26,23.0625,23.125,22.8125,22.875,109800,10.783517
1999-05-25,22.8125,23.25,22.6875,22.9375,104500,10.81298
1999-05-24,23.125,23.25,22.875,22.9375,94500,10.81298
1999-05-21,23.125,23.375,23.00,23.0625,174200,10.871906
1999-05-20,23.0625,23.50,23.00,23.375,118500,11.019222
1999-05-19,22.875,23.0625,22.75,22.9375,63000,10.81298
1999-05-18,23.375,23.375,22.75,22.875,74400,10.783517
1999-05-17,23.6875,23.6875,23.25,23.25,55200,10.960296
1999-05-14,23.8125,23.875,23.625,23.6875,40400,11.166538
1999-05-13,23.875,23.9375,23.625,23.8125,78200,11.225464
1999-05-12,23.375,23.9375,23.1875,23.75,121600,11.196001
1999-05-11,23.625,23.625,23.25,23.50,140500,11.078148
1999-05-10,23.1875,23.9375,23.1875,23.625,102400,11.137075
1999-05-07,23.50,23.75,23.25,23.3125,42800,10.989759
1999-05-06,23.75,24.00,23.3125,23.375,45600,11.019222
1999-05-05,23.625,23.75,23.25,23.75,50000,11.196001
1999-05-04,23.50,23.6875,23.25,23.4375,78500,11.048685
1999-05-03,23.75,23.9375,23.50,23.5625,75400,11.107612
1999-04-30,23.25,23.875,23.25,23.875,80900,11.254927
1999-04-29,23.75,23.75,23.25,23.3125,55300,10.989759
1999-04-28,23.50,23.75,23.25,23.6875,128800,11.166538
1999-04-27,23.3125,23.625,23.3125,23.50,46100,11.078148
1999-04-26,24.00,24.00,23.3125,23.3125,73200,10.989759
1999-04-23,23.25,24.0625,23.1875,24.0625,111200,11.343317
1999-04-22,23.0625,23.25,22.6875,23.1875,42800,10.930833
1999-04-21,22.5625,23.00,22.50,23.00,96500,10.842443
1999-04-20,22.75,22.75,22.25,22.50,67200,10.606738
1999-04-19,21.875,23.00,21.875,22.75,255200,10.724591
1999-04-16,21.50,22.375,21.4375,21.9375,227000,10.341569
1999-04-15,21.50,21.625,21.4375,21.4375,103500,10.105864
1999-04-14,21.50,21.6875,21.375,21.625,133500,10.194254
1999-04-13,21.00,21.50,20.9375,21.4375,40800,10.105864
1999-04-12,21.00,21.1875,20.8125,21.125,59600,9.958548
1999-04-09,21.0625,21.0625,20.875,20.9375,26500,9.870159
1999-04-08,21.25,21.25,20.8125,21.0625,37500,9.929085
1999-04-07,20.9375,21.1875,20.625,21.1875,41000,9.988012
1999-04-06,21.25,21.4375,20.875,21.0625,38300,9.929085
1999-04-05,20.875,21.0625,20.75,21.0625,59300,9.929085
1999-04-01,21.0625,21.125,20.5625,21.00,81300,9.899622
1999-03-31,21.1875,21.375,21.125,21.1875,54000,9.988012
1999-03-30,21.4375,21.4375,21.1875,21.1875,27600,9.988012
1999-03-29,21.4375,21.4375,21.25,21.3125,23000,10.046938
1999-03-26,20.6875,21.625,20.6875,21.3125,47600,10.046938
1999-03-25,20.375,20.6875,20.375,20.6875,41300,9.752306
1999-03-24,20.6875,20.6875,20.25,20.25,59400,9.546064
1999-03-23,21.125,21.125,20.625,20.625,41800,9.722843
1999-03-22,21.3125,21.50,21.125,21.125,48500,9.751128
1999-03-19,21.3125,21.5625,21.125,21.375,64100,9.866526
1999-03-18,21.625,21.875,21.375,21.375,39300,9.866526
1999-03-17,21.8125,21.8125,21.5625,21.75,41800,10.039623
1999-03-16,21.75,21.875,21.6875,21.8125,30500,10.068472
1999-03-15,22.125,22.125,21.75,21.8125,28600,10.068472
1999-03-12,22.125,22.1875,21.75,22.00,28900,10.15502
1999-03-11,22.0625,22.125,21.8125,22.00,45300,10.15502
1999-03-10,22.00,22.3125,21.9375,22.00,109400,10.15502
1999-03-09,22.00,22.125,21.75,21.9375,41100,10.126171
1999-03-08,22.00,22.00,21.6875,21.6875,100400,10.010773
1999-03-05,22.00,22.00,21.8125,21.9375,56100,10.126171
1999-03-04,21.9375,22.00,21.875,21.875,77700,10.097321
1999-03-03,22.3125,22.3125,21.875,21.875,144100,10.097321
1999-03-02,22.25,22.50,22.25,22.25,137500,10.270418
1999-03-01,22.1875,22.375,22.00,22.25,198100,10.270418
1999-02-26,22.00,22.3125,21.75,22.0625,72600,10.18387
1999-02-25,22.00,22.25,22.00,22.00,90400,10.15502
1999-02-24,21.8125,22.25,21.8125,22.0625,124200,10.18387
1999-02-23,21.4375,21.875,21.3125,21.8125,179900,10.068472
1999-02-22,20.8125,21.25,20.8125,21.0625,44200,9.722278
1999-02-19,20.75,21.00,20.375,20.875,126600,9.63573
1999-02-18,20.875,21.00,20.8125,21.00,49100,9.693429
1999-02-17,21.25,21.25,20.75,20.75,116400,9.578031
1999-02-16,21.1875,21.375,20.875,21.1875,54900,9.779977
1999-02-12,21.3125,21.375,20.50,21.00,80400,9.693429
1999-02-11,21.125,21.375,21.00,21.3125,134200,9.837676
1999-02-10,21.3125,21.4375,21.00,21.00,109500,9.693429
1999-02-09,21.25,21.3125,21.00,21.1875,132300,9.779977
1999-02-08,21.0625,21.375,20.9375,21.25,42100,9.808827
1999-02-05,21.25,21.3125,20.25,20.8125,4025900,9.60688
1999-02-04,22.25,22.25,21.0625,21.125,80000,9.751128
1999-02-03,22.00,22.375,22.00,22.25,51100,10.270418
1999-02-02,22.625,22.625,22.00,22.00,87800,10.15502
1999-02-01,22.875,23.00,22.375,22.75,34300,10.501214
1999-01-29,22.6875,23.00,22.25,23.00,83400,10.616612
1999-01-28,23.0625,23.0625,22.625,22.6875,109800,10.472365
1999-01-27,23.0625,23.125,23.0625,23.0625,47900,10.645462
1999-01-26,23.4375,23.4375,23.00,23.0625,60800,10.645462
1999-01-25,23.50,23.5625,23.375,23.50,16000,10.847408
1999-01-22,23.9375,23.9375,23.3125,23.3125,38800,10.76086
1999-01-21,23.50,23.9375,23.50,23.9375,23500,11.049355
1999-01-20,24.125,24.125,23.50,23.625,64100,10.905107
1999-01-19,24.00,24.25,23.625,24.125,59800,11.135903
1999-01-15,23.875,24.00,23.75,24.00,31700,11.078204
1999-01-14,24.25,24.25,24.00,24.00,20300,11.078204
1999-01-13,23.125,24.3125,23.125,24.25,57000,11.193602
1999-01-12,23.625,24.00,23.5625,23.875,38300,11.020505
1999-01-11,23.9375,23.9375,23.625,23.6875,33400,10.933957
1999-01-08,24.125,24.1875,23.625,24.00,110600,11.078204
1999-01-07,24.50,24.50,24.125,24.125,26000,11.135903
1999-01-06,24.75,24.875,24.3125,24.50,75500,11.309
1999-01-05,23.9375,24.50,23.8125,24.50,66800,11.309
1999-01-04,23.125,23.9375,23.125,23.50,59100,10.847408
1998-12-31,23.125,23.625,22.9375,23.625,40000,10.905107
1998-12-30,23.3125,23.50,23.00,23.375,27500,10.789709
1998-12-29,23.9375,24.125,23.50,23.875,34500,10.817405
1998-12-28,24.125,24.125,23.875,24.00,33900,10.874041
1998-12-24,24.0625,24.125,23.875,24.125,23200,10.930676
1998-12-23,24.1875,24.25,24.00,24.125,57000,10.930676
1998-12-22,24.1875,24.50,24.1875,24.375,50600,11.043948
1998-12-21,24.25,24.50,24.125,24.25,45200,10.987312
1998-12-18,23.9375,24.125,23.75,24.125,51100,10.930676
1998-12-17,24.0625,24.125,23.75,24.125,55400,10.930676
1998-12-16,24.1875,24.3125,24.0625,24.125,27500,10.930676
1998-12-15,24.0625,24.25,24.0625,24.1875,33400,10.958994
1998-12-14,24.1875,24.375,24.0625,24.125,30000,10.930676
1998-12-11,24.0625,24.1875,24.00,24.0625,33200,10.902359
1998-12-10,24.00,24.125,23.8125,24.00,49700,10.874041
1998-12-09,23.375,23.625,23.25,23.5625,47000,10.675816
1998-12-08,23.4375,23.625,23.125,23.4375,37000,10.619181
1998-12-07,23.75,23.75,23.25,23.375,31400,10.590863
1998-12-04,23.75,23.75,23.4375,23.50,45100,10.647498
1998-12-03,24.00,24.00,23.625,23.8125,37200,10.789087
1998-12-02,24.125,24.1875,23.875,23.9375,38300,10.845723
1998-12-01,23.9375,24.00,23.50,24.00,63300,10.874041
1998-11-30,23.375,24.125,23.0625,23.9375,123100,10.845723
1998-11-27,23.1875,23.4375,23.00,23.4375,14300,10.619181
1998-11-25,22.9375,23.25,22.9375,23.0625,14900,10.449274
1998-11-24,23.375,23.50,22.50,22.8125,30500,10.336002
1998-11-23,22.375,23.75,22.375,23.375,74100,10.590863
1998-11-20,22.375,23.00,22.1875,22.625,49700,10.251049
1998-11-19,23.00,23.00,22.5625,22.625,23600,10.251049
1998-11-18,23.0625,23.25,22.6875,23.25,22600,10.534227
1998-11-17,22.8125,22.8125,22.25,22.8125,32400,10.336002
1998-11-16,23.375,23.375,22.75,22.75,38500,10.307685
1998-11-13,23.25,23.3125,23.1875,23.25,29600,10.534227
1998-11-12,22.6875,23.25,22.6875,23.25,51200,10.534227
1998-11-11,23.5625,23.625,22.75,22.875,24700,10.36432
1998-11-10,23.3125,23.5625,23.3125,23.4375,37400,10.619181
1998-11-09,23.75,23.875,23.375,23.50,27400,10.647498
1998-11-06,22.9375,23.625,22.875,23.625,92800,10.704134
1998-11-05,22.9375,23.00,22.875,23.00,24600,10.420956
1998-11-04,22.875,23.00,22.8125,22.9375,43900,10.392638
1998-11-03,22.75,22.8125,22.5625,22.8125,61300,10.336002
1998-11-02,22.75,22.75,22.625,22.75,81000,10.307685
1998-10-30,22.5625,22.6875,22.50,22.625,53500,10.251049
1998-10-29,22.25,22.625,22.25,22.5625,44400,10.222731
1998-10-28,22.00,22.125,21.9375,22.00,25800,9.967871
1998-10-27,22.625,22.6875,22.00,22.00,33500,9.967871
1998-10-26,22.6875,22.6875,22.375,22.50,65100,10.194413
1998-10-23,22.6875,22.6875,22.50,22.625,51900,10.251049
1998-10-22,22.00,22.50,21.8125,22.50,25200,10.194413
1998-10-21,22.125,22.25,21.6875,22.0625,51000,9.996189
1998-10-20,21.625,22.375,21.625,22.00,43800,9.967871
1998-10-19,21.125,21.875,21.125,21.75,54300,9.8546
1998-10-16,21.125,21.3125,21.00,21.125,61100,9.571421
1998-10-15,21.125,21.125,20.9375,21.0625,32300,9.543104
1998-10-14,21.125,21.1875,21.00,21.125,47100,9.571421
1998-10-13,21.375,21.50,21.00,21.0625,80300,9.543104
1998-10-12,21.5625,21.875,21.375,21.375,60900,9.684693
1998-10-09,20.625,21.50,20.625,21.375,51300,9.684693
1998-10-08,21.625,21.625,20.00,20.625,83900,9.344879
1998-10-07,21.6875,22.125,21.50,21.5625,102400,9.769646
1998-10-06,22.00,22.00,21.50,21.5625,116400,9.769646
1998-10-05,21.9375,22.00,21.1875,21.75,61900,9.8546
1998-10-02,22.3125,22.3125,21.75,21.8125,84500,9.882917
1998-10-01,22.5625,22.5625,22.25,22.3125,28800,10.10946
1998-09-30,22.5625,22.6875,22.50,22.625,53000,10.251049
1998-09-29,22.875,22.9375,22.625,22.625,23400,10.251049
1998-09-28,22.9375,22.9375,22.50,22.6875,39200,10.279367
1998-09-25,23.00,23.125,22.8125,22.9375,52300,10.392638
1998-09-24,23.00,23.25,23.00,23.0625,100900,10.449274
1998-09-23,22.9375,23.25,22.9375,23.25,96700,10.534227
1998-09-22,22.25,23.75,22.25,23.5625,157000,10.476459
1998-09-21,22.25,22.9375,21.9375,22.125,112300,9.837311
1998-09-18,21.75,22.125,21.6875,22.125,109400,9.837311
1998-09-17,21.625,21.625,21.375,21.5625,216300,9.58721
1998-09-16,21.00,21.6875,21.00,21.625,87200,9.614999
1998-09-15,21.00,21.1875,20.875,21.00,73200,9.337109
1998-09-14,20.75,21.25,20.75,21.00,65000,9.337109
1998-09-11,20.375,20.8125,20.375,20.625,35800,9.170375
1998-09-10,20.875,20.875,20.375,20.375,66500,9.059219
1998-09-09,20.125,21.00,20.125,20.6875,43600,9.198164
1998-09-08,20.25,20.75,20.125,20.375,198600,9.059219
1998-09-04,19.5625,19.625,19.375,19.5625,89400,8.697962
1998-09-03,20.125,20.125,19.5625,19.5625,139300,8.697962
1998-09-02,20.25,20.25,19.9375,20.125,62500,8.948063
1998-09-01,20.25,20.3125,19.75,20.125,166700,8.948063
1998-08-31,21.50,21.50,20.00,20.125,57800,8.948063
1998-08-28,21.625,21.75,21.25,21.375,67100,9.503843
1998-08-27,21.75,21.75,21.3125,21.625,85300,9.614999
1998-08-26,21.8125,21.875,21.625,21.875,158600,9.726155
1998-08-25,22.0625,22.0625,21.5625,21.875,53500,9.726155
1998-08-24,22.125,22.375,21.875,21.9375,62500,9.753944
1998-08-21,22.25,22.375,21.75,22.25,32200,9.892889
1998-08-20,22.4375,22.4375,22.125,22.375,19800,9.948467
1998-08-19,22.125,22.50,22.125,22.3125,27900,9.920678
1998-08-18,22.00,22.1875,21.9375,22.1875,68900,9.8651
1998-08-17,22.125,22.125,21.875,21.875,93800,9.726155
1998-08-14,22.4375,22.4375,22.0625,22.0625,74000,9.809522
1998-08-13,22.375,22.375,22.1875,22.3125,40400,9.920678
1998-08-12,22.125,22.50,22.125,22.50,55900,10.004046
1998-08-11,22.50,22.50,21.75,22.1875,267800,9.8651
1998-08-10,22.875,23.00,22.50,22.75,111400,10.115202
1998-08-07,22.1875,23.375,22.1875,23.125,218700,10.281936
1998-08-06,22.25,22.375,21.75,22.0625,69500,9.809522
1998-08-05,22.1875,22.50,22.00,22.50,89400,10.004046
1998-08-04,23.375,23.4375,22.125,22.1875,65600,9.8651
1998-08-03,23.5625,23.75,23.25,23.25,80000,10.337514
1998-07-31,23.50,23.625,23.25,23.375,56100,10.393092
1998-07-30,23.25,23.6875,23.25,23.625,42000,10.504248
1998-07-29,23.625,23.8125,23.125,23.375,42600,10.393092
1998-07-28,23.6875,23.9375,23.50,23.50,64600,10.44867
1998-07-27,24.1875,24.1875,23.75,23.75,43600,10.559826
1998-07-24,24.375,24.4375,24.1875,24.25,43600,10.782138
1998-07-23,24.625,24.75,24.3125,24.375,49400,10.837716
1998-07-22,24.9375,24.9375,24.5625,24.6875,41200,10.976661
1998-07-21,24.9375,25.125,24.9375,25.00,51400,11.115606
1998-07-20,25.00,25.125,24.875,24.9375,64200,11.087817
1998-07-17,25.00,25.0625,24.50,24.9375,50100,11.087817
1998-07-16,24.875,24.9375,24.625,24.9375,42400,11.087817
1998-07-15,24.625,24.75,24.5625,24.75,32600,11.00445
1998-07-14,24.5625,24.75,24.50,24.50,51800,10.893294
1998-07-13,24.5625,24.8125,24.25,24.75,32300,11.00445
1998-07-10,24.8125,25.00,24.3125,24.4375,19600,10.865505
1998-07-09,24.4375,25.125,24.4375,24.6875,50500,10.976661
1998-07-08,24.4375,24.625,24.25,24.4375,86700,10.865505
1998-07-07,24.1875,24.50,24.1875,24.375,58200,10.837716
1998-07-06,24.125,24.25,24.00,24.125,111000,10.72656
1998-07-02,24.125,24.1875,24.00,24.0625,31000,10.698771
1998-07-01,24.0625,24.25,24.0625,24.1875,199300,10.754349
1998-06-30,24.0625,24.375,23.875,24.0625,65100,10.698771
1998-06-29,23.5625,24.25,23.5625,24.0625,68600,10.698771
1998-06-26,24.00,24.00,23.50,23.625,37400,10.504248
1998-06-25,24.125,24.125,23.875,24.00,59200,10.670982
1998-06-24,23.875,24.1875,23.75,24.0625,52900,10.698771
1998-06-23,24.00,24.125,23.875,24.00,89400,10.670982
1998-06-22,24.3125,24.5625,24.00,24.3125,215800,10.618739
1998-06-19,24.3125,24.3125,24.0625,24.1875,98500,10.564144
1998-06-18,24.1875,24.1875,24.00,24.0625,13800,10.509548
1998-06-17,23.875,24.4375,23.8125,24.4375,499600,10.673334
1998-06-16,24.00,24.00,23.625,23.8125,60600,10.400358
1998-06-15,24.50,24.50,23.75,23.75,39300,10.373061
1998-06-12,24.50,24.50,24.1875,24.375,42000,10.646036
1998-06-11,24.375,24.4375,24.1875,24.3125,27500,10.618739
1998-06-10,24.4375,24.50,24.375,24.375,27700,10.646036
1998-06-09,24.4375,24.50,24.125,24.50,39000,10.700631
1998-06-08,24.50,24.8125,24.375,24.4375,39000,10.673334
1998-06-05,24.625,24.625,24.3125,24.50,24900,10.700631
1998-06-04,24.50,24.50,24.3125,24.50,40900,10.700631
1998-06-03,24.75,24.75,24.125,24.25,37400,10.591441
1998-06-02,24.625,24.875,24.50,24.6875,75100,10.782524
1998-06-01,24.75,24.8125,24.375,24.625,32600,10.755226
1998-05-29,24.75,25.00,24.375,24.75,42800,10.809821
1998-05-28,24.50,24.75,24.50,24.6875,53700,10.782524
1998-05-27,24.1875,24.625,23.625,24.50,48500,10.700631
1998-05-26,24.50,24.625,24.1875,24.25,39300,10.591441
1998-05-22,24.3125,24.625,24.00,24.50,41700,10.700631
1998-05-21,24.4375,24.6875,24.375,24.5625,26600,10.727929
1998-05-20,24.50,24.6875,24.375,24.4375,33400,10.673334
1998-05-19,24.625,24.6875,24.375,24.625,44600,10.755226
1998-05-18,24.50,24.75,24.4375,24.6875,29100,10.782524
1998-05-15,24.4375,24.50,24.375,24.375,31900,10.646036
1998-05-14,24.375,24.5625,24.375,24.50,62200,10.700631
1998-05-13,24.75,24.75,24.50,24.625,60900,10.755226
1998-05-12,25.50,25.50,24.6875,24.75,96000,10.809821
1998-05-11,24.875,25.25,24.6875,24.75,74900,10.809821
1998-05-08,25.25,25.5625,24.75,24.9375,94900,10.891714
1998-05-07,25.3125,25.3125,25.0625,25.3125,56300,11.055499
1998-05-06,25.875,25.875,25.125,25.25,38700,11.028201
1998-05-05,25.375,25.875,25.3125,25.8125,128900,11.273879
1998-05-04,25.3125,25.4375,25.25,25.375,66400,11.082797
1998-05-01,24.3125,25.4375,24.3125,25.4375,95500,11.110094
1998-04-30,24.5625,24.5625,24.1875,24.3125,40300,10.618739
1998-04-29,24.4375,24.6875,24.4375,24.5625,65500,10.727929
1998-04-28,24.125,24.625,24.00,24.50,74400,10.700631
1998-04-27,24.1875,24.1875,23.5625,23.875,71800,10.427656
1998-04-24,24.375,24.4375,24.25,24.25,88500,10.591441
1998-04-23,24.25,24.375,24.1875,24.25,90500,10.591441
1998-04-22,24.6875,24.9375,24.625,24.6875,30700,10.782524
1998-04-21,24.875,24.9375,24.625,24.6875,27600,10.782524
1998-04-20,24.875,24.875,24.50,24.75,22300,10.809821
1998-04-17,24.625,25.00,24.625,24.875,26800,10.864416
1998-04-16,24.8125,25.00,24.75,24.75,29600,10.809821
1998-04-15,25.00,25.00,24.6875,24.75,28200,10.809821
1998-04-14,24.8125,25.00,24.6875,24.9375,61000,10.891714
1998-04-13,24.875,24.875,24.75,24.75,27500,10.809821
1998-04-09,25.0625,25.0625,24.75,24.8125,72600,10.837119
1998-04-08,24.9375,25.0625,24.9375,25.00,28800,10.919011
1998-04-07,24.875,25.0625,24.75,25.0625,84500,10.946309
1998-04-06,25.00,25.00,24.375,24.9375,71800,10.891714
1998-04-03,24.6875,24.9375,24.6875,24.8125,46900,10.837119
1998-04-02,24.625,24.8125,24.625,24.6875,72000,10.782524
1998-04-01,24.6875,24.75,24.50,24.625,33500,10.755226
1998-03-31,24.50,24.75,24.4375,24.5625,54200,10.727929
1998-03-30,24.1875,24.5625,24.1875,24.50,55800,10.700631
1998-03-27,24.1875,24.4375,24.125,24.25,36100,10.591441
1998-03-26,24.3125,24.3125,24.0625,24.25,163000,10.591441
1998-03-25,24.4375,24.5625,23.625,24.25,185100,10.591441
1998-03-24,24.625,24.875,24.375,24.375,112500,10.646036
1998-03-23,24.3125,24.625,24.00,24.375,63500,10.646036
1998-03-20,25.125,25.25,24.6875,24.75,108800,10.622014
1998-03-19,24.9375,25.125,24.875,24.9375,57900,10.702484
1998-03-18,25.125,25.1875,24.9375,24.9375,72000,10.702484
1998-03-17,25.125,25.25,25.0625,25.1875,37700,10.809777
1998-03-16,24.75,25.0625,24.75,25.00,30200,10.729307
1998-03-13,24.75,24.875,24.50,24.8125,94100,10.648837
1998-03-12,24.625,24.9375,24.625,24.625,57500,10.568367
1998-03-11,24.8125,24.875,24.50,24.50,51600,10.514721
1998-03-10,25.00,25.00,24.8125,24.8125,23900,10.648837
1998-03-09,24.875,25.00,24.8125,25.00,27200,10.729307
1998-03-06,24.6875,24.875,24.625,24.8125,45300,10.648837
1998-03-05,24.6875,24.75,24.5625,24.5625,94200,10.541544
1998-03-04,24.875,24.875,24.6875,24.75,53900,10.622014
1998-03-03,24.6875,24.875,24.625,24.875,102400,10.67566
1998-03-02,24.75,24.875,24.6875,24.6875,72200,10.595191
1998-02-27,25.00,25.00,24.75,24.75,74500,10.622014
1998-02-26,25.00,25.375,24.9375,24.9375,95200,10.702484
1998-02-25,25.00,25.125,24.875,25.0625,38200,10.75613
1998-02-24,25.1875,25.1875,24.9375,25.00,113700,10.729307
1998-02-23,24.875,25.1875,24.875,25.1875,70400,10.809777
1998-02-20,24.9375,25.0625,24.875,24.875,73400,10.67566
1998-02-19,24.8125,25.00,24.8125,24.9375,86800,10.702484
1998-02-18,24.75,24.875,24.625,24.8125,72500,10.648837
1998-02-17,25.00,25.00,24.75,24.8125,47100,10.648837
1998-02-13,24.75,24.9375,24.6875,24.9375,72100,10.702484
1998-02-12,24.875,25.0625,24.75,24.75,54900,10.622014
1998-02-11,24.9375,24.9375,24.8125,24.8125,78200,10.648837
1998-02-10,24.625,25.00,24.625,24.9375,120900,10.702484
1998-02-09,25.00,25.0625,24.50,24.625,63300,10.568367
1998-02-06,25.00,25.00,24.8125,25.00,123100,10.729307
1998-02-05,25.00,25.125,24.75,24.9375,79700,10.702484
1998-02-04,24.9375,25.1875,24.8125,24.875,50000,10.67566
1998-02-03,25.3125,25.375,24.8125,24.9375,62400,10.702484
1998-02-02,24.9375,25.375,24.8125,25.25,59200,10.8366
1998-01-30,25.0625,25.0625,24.75,24.75,43500,10.622014
1998-01-29,25.1875,25.25,25.00,25.1875,40600,10.809777
1998-01-28,24.9375,25.1875,24.875,25.00,118400,10.729307
1998-01-27,25.25,25.25,24.9375,24.9375,151900,10.702484
1998-01-26,25.125,25.3125,25.125,25.1875,215100,10.809777
1998-01-23,25.25,25.25,25.125,25.125,36900,10.782953
1998-01-22,25.25,25.375,25.125,25.1875,87300,10.809777
1998-01-21,25.3125,25.375,25.125,25.1875,166500,10.809777
1998-01-20,25.3125,25.4375,25.25,25.3125,287800,10.863423
1998-01-16,25.50,25.6875,25.25,25.3125,72700,10.863423
1998-01-15,25.125,25.3125,25.125,25.25,97800,10.8366
1998-01-14,25.6875,25.6875,24.9375,25.0625,150000,10.75613
1998-01-13,25.0625,25.6875,25.0625,25.625,101800,10.99754
1998-01-12,25.00,25.25,24.875,25.0625,52400,10.75613
1998-01-09,25.5625,25.5625,25.00,25.0625,113800,10.75613
1998-01-08,25.75,25.75,25.375,25.4375,34200,10.91707
1998-01-07,25.75,25.875,25.625,25.6875,31200,11.024363
1998-01-06,25.9375,25.9375,25.75,25.875,68200,11.104833
1998-01-05,25.8125,25.9375,25.75,25.875,36900,11.104833
1998-01-02,25.75,25.9375,25.6875,25.875,30100,11.104833
1997-12-31,25.6875,25.875,25.625,25.75,61100,11.051186
1997-12-30,24.6875,25.75,24.6875,25.75,156000,11.051186
1997-12-29,24.6875,25.125,24.6875,25.125,68200,10.59841
1997-12-26,24.625,24.6875,24.50,24.625,56700,10.387496
1997-12-24,24.9375,25.00,24.5625,24.6875,32000,10.41386
1997-12-23,24.875,24.9375,24.625,24.8125,41200,10.466589
1997-12-22,25.0625,25.0625,24.625,24.875,58900,10.492953
1997-12-19,25.25,25.25,24.9375,25.0625,55400,10.572046
1997-12-18,25.50,25.5625,25.00,25.3125,68000,10.677502
1997-12-17,25.75,26.00,25.50,25.50,29900,10.756595
1997-12-16,25.5625,25.8125,25.5625,25.6875,38600,10.835688
1997-12-15,25.50,25.625,25.125,25.625,43000,10.809323
1997-12-12,25.4375,25.625,25.0625,25.375,28700,10.703867
1997-12-11,25.6875,25.9375,25.1875,25.5625,32100,10.782959
1997-12-10,25.125,25.8125,25.125,25.6875,24700,10.835688
1997-12-09,25.5625,25.9375,25.0625,25.125,50200,10.59841
1997-12-08,25.5625,25.9375,25.50,25.6875,57500,10.835688
1997-12-05,25.6875,25.75,25.625,25.625,39600,10.809323
1997-12-04,25.6875,25.8125,25.5625,25.75,26100,10.862052
1997-12-03,25.625,25.8125,25.4375,25.6875,18700,10.835688
1997-12-02,25.6875,25.875,25.625,25.625,81700,10.809323
1997-12-01,25.3125,25.6875,25.125,25.6875,47000,10.835688
1997-11-28,25.3125,25.3125,25.1875,25.1875,21900,10.624774
1997-11-26,25.25,25.3125,25.1875,25.3125,31700,10.677502
1997-11-25,25.25,25.4375,25.25,25.3125,47200,10.677502
1997-11-24,25.50,25.50,25.25,25.375,28100,10.703867
1997-11-21,25.9375,25.9375,25.5625,25.5625,47600,10.782959
1997-11-20,25.6875,25.9375,25.6875,25.8125,26900,10.888416
1997-11-19,25.9375,26.0625,25.625,25.625,47600,10.809323
1997-11-18,25.875,25.9375,25.625,25.8125,35200,10.888416
1997-11-17,25.75,26.00,25.6875,25.875,130400,10.91478
1997-11-14,25.375,25.50,25.375,25.50,12500,10.756595
1997-11-13,25.50,25.50,25.375,25.375,25500,10.703867
1997-11-12,25.625,25.9375,25.50,25.50,52100,10.756595
1997-11-11,25.375,25.625,25.25,25.5625,79600,10.782959
1997-11-10,25.25,25.375,25.1875,25.3125,31500,10.677502
1997-11-07,25.25,25.375,25.00,25.125,50100,10.59841
1997-11-06,25.50,25.5625,25.3125,25.375,22800,10.703867
1997-11-05,25.6875,25.75,25.5625,25.6875,11200,10.835688
1997-11-04,25.75,25.8125,25.625,25.625,33000,10.809323
1997-11-03,25.375,25.875,25.375,25.75,32000,10.862052
1997-10-31,25.25,25.375,25.00,25.3125,41300,10.677502
1997-10-30,25.125,25.375,25.00,25.25,213800,10.651138
1997-10-29,25.375,25.625,25.1875,25.25,73900,10.651138
1997-10-28,25.1875,25.625,25.0625,25.3125,49300,10.677502
1997-10-27,26.125,26.1875,25.375,25.4375,45100,10.730231
1997-10-24,26.125,26.375,26.0625,26.25,58300,11.072965
1997-10-23,26.4375,26.50,26.00,26.00,19000,10.967509
1997-10-22,26.5625,26.6875,26.4375,26.50,97700,11.178422
1997-10-21,26.50,26.50,26.3125,26.4375,12800,11.152058
1997-10-20,26.25,26.5625,26.25,26.375,38500,11.125694
1997-10-17,26.4375,26.50,26.125,26.1875,23700,11.046601
1997-10-16,27.00,27.00,26.625,26.625,28400,11.231151
1997-10-15,27.0625,27.0625,26.75,26.875,22700,11.336608
1997-10-14,27.00,27.125,26.75,27.00,40100,11.389336
1997-10-13,27.25,27.375,27.125,27.125,19700,11.442064
1997-10-10,27.25,27.375,27.125,27.3125,31000,11.521157
1997-10-09,27.50,27.5625,27.25,27.25,29000,11.494793
1997-10-08,27.375,27.6875,27.375,27.5625,120600,11.626614
1997-10-07,27.375,27.625,27.0625,27.3125,46500,11.521157
1997-10-06,26.4375,27.625,26.4375,27.25,87400,11.494793
1997-10-03,26.25,26.8125,26.25,26.50,49300,11.178422
1997-10-02,25.6875,26.1875,25.5625,26.125,110800,11.020237
1997-10-01,25.1875,25.6875,25.125,25.6875,811300,10.835688
1997-09-30,24.9375,25.1875,24.875,25.1875,346700,10.624774
1997-09-29,24.875,25.00,24.75,24.8125,117400,10.466589
1997-09-26,25.00,25.1875,24.9375,24.9375,44000,10.519317
1997-09-25,25.1875,25.1875,24.9375,24.9375,61300,10.519317
1997-09-24,25.4375,25.4375,25.125,25.1875,91000,10.624774
1997-09-23,25.50,25.50,25.1875,25.375,55900,10.703867
1997-09-22,25.8125,25.8125,25.625,25.6875,144000,10.654302
1997-09-19,25.75,25.9375,25.6875,25.75,94900,10.680225
1997-09-18,26.00,26.25,25.8125,25.8125,52800,10.706148
1997-09-17,26.00,26.00,25.9375,26.00,26500,10.783916
1997-09-16,26.00,26.125,25.50,25.875,229500,10.732071
1997-09-15,25.50,25.8125,25.50,25.75,33400,10.680225
1997-09-12,25.375,25.4375,25.25,25.4375,31000,10.55061
1997-09-11,25.00,25.375,25.00,25.25,57600,10.472842
1997-09-10,25.125,25.125,24.875,25.00,151000,10.36915
1997-09-09,25.25,25.375,25.0625,25.125,43900,10.420996
1997-09-08,25.3125,25.3125,25.1875,25.25,42200,10.472842
1997-09-05,25.50,25.50,25.25,25.25,54100,10.472842
1997-09-04,25.4375,25.5625,25.375,25.4375,134800,10.55061
1997-09-03,25.4375,25.50,25.375,25.375,39300,10.524688
1997-09-02,25.3125,25.625,25.1875,25.4375,41200,10.55061
1997-08-29,24.75,25.25,24.75,25.1875,86400,10.446919
1997-08-28,24.75,24.875,24.5625,24.875,48600,10.317305
1997-08-27,24.625,24.9375,24.625,24.75,72500,10.265459
1997-08-26,25.00,25.125,24.8125,24.9375,53800,10.343227
1997-08-25,25.375,25.5625,25.0625,25.125,44500,10.420996
1997-08-22,25.1875,25.375,25.125,25.375,156700,10.524688
1997-08-21,25.25,25.3125,25.00,25.125,181600,10.420996
1997-08-20,25.375,25.4375,25.125,25.1875,77400,10.446919
1997-08-19,26.125,26.25,25.00,25.375,1219900,10.524688
1997-08-18,26.625,26.625,26.125,26.125,90700,10.835762
1997-08-15,26.5625,26.625,26.50,26.50,34400,10.991299
1997-08-14,26.3125,26.5625,26.3125,26.5625,36100,11.017222
1997-08-13,26.25,26.375,26.1875,26.375,43300,10.939454
1997-08-12,25.875,26.1875,25.875,26.125,137400,10.835762
1997-08-11,26.125,26.125,25.75,25.8125,104300,10.706148
1997-08-08,26.3125,26.50,26.0625,26.125,42300,10.835762
1997-08-07,26.875,26.9375,26.4375,26.5625,58700,11.017222
1997-08-06,26.75,26.875,26.75,26.875,47600,11.146837
1997-08-05,26.6875,26.75,26.4375,26.625,125100,11.043145
1997-08-04,26.50,26.6875,26.4375,26.5625,50900,11.017222
1997-08-01,26.50,26.50,26.3125,26.4375,48600,10.965376
1997-07-31,26.75,26.875,26.50,26.50,53500,10.991299
1997-07-30,26.25,26.8125,26.1875,26.625,72100,11.043145
1997-07-29,26.0625,26.25,26.0625,26.1875,33400,10.861685
1997-07-28,26.00,26.125,25.875,26.125,100600,10.835762
1997-07-25,26.1875,26.1875,26.00,26.00,202400,10.783916
1997-07-24,26.375,26.375,26.125,26.125,91700,10.835762
1997-07-23,26.5625,26.5625,26.125,26.3125,87500,10.913531
1997-07-22,26.4375,26.6875,26.4375,26.5625,20500,11.017222
1997-07-21,26.8125,26.875,26.4375,26.4375,33900,10.965376
1997-07-18,26.8125,26.875,26.75,26.8125,44500,11.120914
1997-07-17,26.5625,26.875,26.5625,26.875,33600,11.146837
1997-07-16,26.4375,26.625,26.375,26.625,94700,11.043145
1997-07-15,26.50,26.50,26.375,26.4375,36800,10.965376
1997-07-14,26.4375,26.50,26.4375,26.50,69700,10.991299
1997-07-11,26.75,26.8125,26.375,26.50,53800,10.991299
1997-07-10,27.1875,27.1875,26.625,26.6875,46300,11.069068
1997-07-09,27.00,27.25,27.00,27.1875,39400,11.276451
1997-07-08,27.00,27.125,26.875,27.00,66300,11.198682
1997-07-07,27.125,27.25,26.875,27.00,39100,11.198682
1997-07-03,27.125,27.25,27.125,27.125,9000,11.250528
1997-07-02,27.00,27.125,26.875,27.125,72400,11.250528
1997-07-01,27.00,27.125,26.875,27.00,60300,11.198682
1997-06-30,27.00,27.25,27.00,27.00,55500,11.198682
1997-06-27,27.625,27.625,27.00,27.0625,49400,11.224605
1997-06-26,26.375,27.50,26.25,27.50,94400,11.406065
1997-06-25,26.75,26.75,26.375,26.50,24500,10.991299
1997-06-24,26.875,26.875,26.375,26.625,186200,11.043145
1997-06-23,27.375,27.375,26.75,26.75,57500,11.094991
1997-06-20,27.50,28.00,27.50,27.875,115700,11.387401
1997-06-19,27.625,27.75,27.50,27.75,40800,11.336336
1997-06-18,27.75,27.75,27.375,27.625,55200,11.285272
1997-06-17,27.625,27.75,27.50,27.625,17000,11.285272
1997-06-16,27.25,27.75,27.25,27.75,56700,11.336336
1997-06-13,26.625,27.375,26.625,27.375,80200,11.183142
1997-06-12,26.125,26.375,26.00,26.375,73500,10.774626
1997-06-11,25.875,26.00,25.875,26.00,264100,10.621432
1997-06-10,26.00,26.125,25.875,26.125,34200,10.672497
1997-06-09,26.125,26.125,25.875,25.875,122500,10.570367
1997-06-06,25.875,26.25,25.75,26.00,39000,10.621432
1997-06-05,25.50,25.875,25.50,25.875,33000,10.570367
1997-06-04,25.875,25.875,25.375,25.375,29800,10.366109
1997-06-03,25.875,26.00,25.75,25.75,28700,10.519303
1997-06-02,26.125,26.25,25.75,26.00,304100,10.621432
1997-05-30,26.00,26.125,25.875,26.125,11100,10.672497
1997-05-29,26.75,26.75,25.875,26.00,37500,10.621432
1997-05-28,26.75,26.875,26.50,26.75,30600,10.927819
1997-05-27,26.375,26.50,26.375,26.50,22100,10.82569
1997-05-23,26.00,26.375,26.00,26.375,17000,10.774626
1997-05-22,26.25,26.25,25.875,25.875,57500,10.570367
1997-05-21,26.375,26.375,26.125,26.25,30000,10.723561
1997-05-20,26.50,26.50,26.25,26.375,13300,10.774626
1997-05-19,26.625,26.625,26.375,26.375,14600,10.774626
1997-05-16,26.75,26.75,26.50,26.625,18700,10.876755
1997-05-15,26.875,26.875,26.625,26.75,29700,10.927819
1997-05-14,27.00,27.00,26.625,26.875,21900,10.978884
1997-05-13,26.875,27.00,26.75,26.875,21900,10.978884
1997-05-12,27.125,27.125,26.75,26.875,37600,10.978884
1997-05-09,27.00,27.125,27.00,27.125,23600,11.081013
1997-05-08,27.25,27.50,27.00,27.125,23900,11.081013
1997-05-07,27.125,27.375,27.00,27.125,20100,11.081013
1997-05-06,27.625,27.625,27.00,27.25,34200,11.132078
1997-05-05,27.50,27.75,27.50,27.75,51100,11.336336
1997-05-02,26.50,27.375,26.375,27.375,61800,11.183142
1997-05-01,25.625,26.25,25.625,26.25,17200,10.723561
1997-04-30,26.00,26.25,25.625,25.75,21700,10.519303
1997-04-29,25.875,26.25,25.75,26.125,21900,10.672497
1997-04-28,26.00,26.00,25.75,25.75,6800,10.519303
1997-04-25,25.875,26.00,25.625,25.875,10400,10.570367
1997-04-24,26.00,26.00,25.75,25.75,35400,10.519303
1997-04-23,26.25,26.375,25.875,25.875,32400,10.570367
1997-04-22,25.875,26.00,25.75,26.00,29000,10.621432
1997-04-21,26.125,26.125,25.75,25.75,19300,10.519303
1997-04-18,26.00,26.125,25.75,26.00,12300,10.621432
1997-04-17,26.125,26.125,25.875,25.875,11100,10.570367
1997-04-16,26.25,26.375,26.00,26.00,17000,10.621432
1997-04-15,25.375,26.00,25.25,26.00,42800,10.621432
1997-04-14,25.75,25.75,24.875,25.25,33400,10.315045
1997-04-11,25.875,25.875,25.50,25.75,23900,10.519303
1997-04-10,25.75,26.125,25.50,26.00,42000,10.621432
1997-04-09,25.625,25.75,25.50,25.75,18200,10.519303
1997-04-08,25.625,25.625,25.375,25.50,24700,10.417174
1997-04-07,25.125,25.50,24.875,25.50,35500,10.417174
1997-04-04,24.875,25.00,24.875,25.00,36700,10.212915
1997-04-03,25.25,25.25,24.875,25.00,53700,10.212915
1997-04-02,25.125,25.25,25.125,25.25,122300,10.315045
1997-04-01,25.625,25.625,25.125,25.375,54400,10.366109
1997-03-31,26.75,26.75,25.75,25.75,22000,10.519303
1997-03-27,27.00,27.375,26.50,26.625,22100,10.876755
1997-03-26,26.875,27.125,26.75,27.125,32000,11.081013
1997-03-25,26.875,26.875,26.75,26.75,26300,10.927819
1997-03-24,27.00,27.00,26.50,26.75,13900,10.927819
1997-03-21,27.25,27.25,26.625,26.875,85200,10.978884
1997-03-20,27.50,27.75,27.25,27.75,38100,11.164759
1997-03-19,27.625,27.6875,27.50,27.625,49600,11.114467
1997-03-18,27.75,27.875,27.50,27.50,358700,11.064175
1997-03-17,27.875,27.875,27.75,27.75,29500,11.164759
1997-03-14,27.625,27.875,27.50,27.875,42900,11.21505
1997-03-13,27.625,27.625,27.50,27.625,22100,11.114467
1997-03-12,27.75,27.875,27.50,27.625,50600,11.114467
1997-03-11,27.75,27.875,27.625,27.875,46400,11.21505
1997-03-10,27.375,27.75,27.375,27.75,36000,11.164759
1997-03-07,27.375,27.625,27.375,27.50,17000,11.064175
1997-03-06,27.50,27.625,27.375,27.50,21000,11.064175
1997-03-05,27.625,27.75,27.50,27.50,60900,11.064175
1997-03-04,27.125,27.625,27.125,27.50,147600,11.064175
1997-03-03,26.875,27.50,26.875,27.375,32800,11.013884
1997-02-28,26.875,26.875,26.50,26.875,34100,10.812717
1997-02-27,27.375,27.375,26.625,26.75,79200,10.762425
1997-02-26,27.50,27.625,27.375,27.375,32500,11.013884
1997-02-25,27.625,27.75,27.50,27.50,14300,11.064175
1997-02-24,27.625,27.75,27.50,27.50,23900,11.064175
1997-02-21,27.625,27.625,27.375,27.50,14500,11.064175
1997-02-20,27.75,27.875,27.625,27.625,18000,11.114467
1997-02-19,27.625,28.00,27.375,27.75,41500,11.164759
1997-02-18,27.625,27.875,27.50,27.875,31100,11.21505
1997-02-14,27.25,27.50,27.125,27.50,29900,11.064175
1997-02-13,26.875,27.25,26.75,27.25,15400,10.963592
1997-02-12,27.375,27.375,26.75,26.75,38800,10.762425
1997-02-11,27.25,27.50,27.125,27.375,49800,11.013884
1997-02-10,27.75,27.75,26.75,27.25,60700,10.963592
1997-02-07,27.50,27.75,27.375,27.75,48400,11.164759
1997-02-06,28.25,28.25,27.375,27.375,67700,11.013884
1997-02-05,28.00,28.375,28.00,28.125,52600,11.315634
1997-02-04,28.50,28.625,28.00,28.125,46100,11.315634
1997-02-03,28.50,28.75,28.375,28.625,22100,11.516801
1997-01-31,28.125,28.375,28.00,28.25,33900,11.365926
1997-01-30,28.25,28.25,28.00,28.00,32900,11.265342
1997-01-29,28.25,28.25,28.00,28.125,51200,11.315634
1997-01-28,28.125,28.25,28.00,28.125,26100,11.315634
1997-01-27,28.00,28.125,27.875,28.00,56700,11.265342
1997-01-24,28.375,28.375,27.875,27.875,46300,11.21505
1997-01-23,28.125,28.50,28.00,28.375,50100,11.416217
1997-01-22,28.50,28.625,28.00,28.00,47500,11.265342
1997-01-21,28.375,28.75,28.375,28.625,80200,11.516801
1997-01-20,28.375,28.375,28.125,28.375,38400,11.416217
1997-01-17,28.125,28.50,28.125,28.25,50100,11.365926
1997-01-16,28.50,28.75,28.25,28.25,75900,11.365926
1997-01-15,28.125,28.50,28.125,28.375,96400,11.416217
1997-01-14,28.25,28.375,28.00,28.125,58300,11.315634
1997-01-13,28.00,28.25,27.875,28.125,103300,11.315634
1997-01-10,27.875,28.00,27.625,27.875,51200,11.21505
1997-01-09,27.625,27.75,27.625,27.75,54900,11.164759
1997-01-08,27.375,27.875,27.375,27.625,77100,11.114467
1997-01-07,26.875,27.25,26.75,27.25,92000,10.963592
1997-01-06,26.75,27.00,26.75,27.00,48600,10.863008
1997-01-03,26.75,27.00,26.625,26.75,57600,10.762425
1997-01-02,27.125,27.125,26.50,26.75,35600,10.762425
1996-12-31,27.00,27.125,26.625,27.125,216400,10.9133
1996-12-30,27.25,27.25,26.75,27.00,81200,10.863008
1996-12-27,27.125,27.25,27.00,27.25,118300,10.794612
1996-12-26,26.875,27.00,26.75,27.00,35200,10.695579
1996-12-24,26.75,26.875,26.625,26.75,26300,10.596546
1996-12-23,26.75,26.875,26.50,26.625,49800,10.547029
1996-12-20,26.875,27.00,26.625,26.875,38900,10.646063
1996-12-19,27.25,27.25,26.875,27.00,103800,10.695579
1996-12-18,26.25,27.00,26.25,26.625,169700,10.547029
1996-12-17,26.125,26.25,26.00,26.25,66100,10.39848
1996-12-16,26.50,26.625,26.25,26.25,140400,10.39848
1996-12-13,26.375,26.625,24.75,26.25,212500,10.39848
1996-12-12,26.50,26.625,26.25,26.375,410200,10.447996
1996-12-11,27.75,27.75,26.25,26.25,581800,10.39848
1996-12-10,28.00,28.75,27.75,27.75,103900,10.992679
1996-12-09,27.25,27.875,27.125,27.875,37700,11.042195
1996-12-06,26.75,27.25,26.625,27.125,55200,10.745096
1996-12-05,26.375,27.25,26.25,27.125,67000,10.745096
1996-12-04,25.875,26.375,25.875,26.25,77900,10.39848
1996-12-03,26.00,26.00,25.875,26.00,45500,10.299447
1996-12-02,25.75,26.00,25.75,26.00,30000,10.299447
1996-11-29,25.875,26.00,25.75,26.00,7600,10.299447
1996-11-27,25.75,25.875,25.75,25.875,26000,10.24993
1996-11-26,26.25,26.25,25.875,26.00,26100,10.299447
1996-11-25,26.25,26.375,26.125,26.25,65800,10.39848
1996-11-22,26.25,26.50,26.25,26.375,43200,10.447996
1996-11-21,26.75,26.875,26.25,26.375,34100,10.447996
1996-11-20,26.375,27.00,26.125,26.50,82300,10.497513
1996-11-19,25.75,26.375,25.625,26.375,42200,10.447996
1996-11-18,25.75,25.875,25.625,25.75,29200,10.200413
1996-11-15,25.875,26.125,25.625,25.75,64600,10.200413
1996-11-14,25.50,25.875,25.50,25.875,49700,10.24993
1996-11-13,25.25,25.50,25.125,25.50,50100,10.10138
1996-11-12,25.125,25.375,25.125,25.25,60900,10.002347
1996-11-11,25.00,25.25,25.00,25.25,78900,10.002347
1996-11-08,24.625,25.00,24.50,25.00,119600,9.903314
1996-11-07,24.25,24.75,24.25,24.625,51200,9.754764
1996-11-06,24.25,24.25,24.125,24.25,15600,9.606215
1996-11-05,24.00,24.25,23.875,24.25,64100,9.606215
1996-11-04,24.00,24.25,23.875,24.00,49800,9.507181
1996-11-01,23.625,24.00,23.50,24.00,19500,9.507181
1996-10-31,23.25,23.625,23.125,23.625,31500,9.358632
1996-10-30,23.25,23.375,23.125,23.25,14200,9.210082
1996-10-29,23.125,23.25,23.125,23.25,22500,9.210082
1996-10-28,23.25,23.25,23.125,23.25,20900,9.210082
1996-10-25,23.25,23.25,23.125,23.25,12800,9.210082
1996-10-24,23.25,23.25,23.00,23.25,13300,9.210082
1996-10-23,23.25,23.25,23.125,23.25,30500,9.210082
1996-10-22,23.25,23.25,23.00,23.125,75000,9.160565
1996-10-21,23.375,23.375,23.125,23.25,32300,9.210082
1996-10-18,23.00,23.375,23.00,23.375,27600,9.259599
1996-10-17,23.00,23.00,22.875,23.00,12800,9.111049
1996-10-16,23.00,23.00,22.875,22.875,34300,9.061532
1996-10-15,23.00,23.125,22.875,22.875,39700,9.061532
1996-10-14,23.125,23.125,22.875,23.00,31100,9.111049
1996-10-11,22.875,23.125,22.75,23.00,26700,9.111049
1996-10-10,22.875,23.00,22.75,22.875,28000,9.061532
1996-10-09,23.00,23.125,22.625,22.875,81500,9.061532
1996-10-08,23.375,23.375,22.875,23.00,44100,9.111049
1996-10-07,23.875,23.875,23.375,23.375,23600,9.259599
1996-10-04,23.625,23.875,23.625,23.75,37300,9.408148
1996-10-03,23.625,23.75,23.50,23.625,40200,9.358632
1996-10-02,23.50,23.625,23.50,23.625,12200,9.358632
1996-10-01,23.50,23.625,23.50,23.50,26400,9.309115
1996-09-30,23.50,23.75,23.50,23.50,25200,9.309115
1996-09-27,23.875,23.875,23.50,23.50,18700,9.309115
1996-09-26,23.75,23.875,23.375,23.75,36500,9.408148
1996-09-25,23.875,24.125,23.75,23.875,51100,9.457665
1996-09-24,24.125,24.25,24.00,24.25,16700,9.606215
1996-09-23,24.75,25.00,24.50,24.625,83100,9.588389
1996-09-20,24.50,24.75,24.50,24.75,17600,9.637061
1996-09-19,24.75,24.75,24.625,24.625,9800,9.588389
1996-09-18,24.875,24.875,24.75,24.75,14900,9.637061
1996-09-17,24.75,24.875,24.75,24.875,22300,9.685733
1996-09-16,24.375,24.875,24.375,24.875,23100,9.685733
1996-09-13,24.50,24.50,24.25,24.25,15100,9.442373
1996-09-12,24.375,24.50,24.125,24.375,16300,9.491045
1996-09-11,24.375,24.625,24.25,24.25,31200,9.442373
1996-09-10,24.625,24.625,24.125,24.50,42600,9.539717
1996-09-09,24.50,24.625,24.125,24.625,33700,9.588389
1996-09-06,23.75,24.50,23.75,24.50,15000,9.539717
1996-09-05,23.50,24.00,23.50,23.875,92200,9.296357
1996-09-04,23.375,23.625,23.25,23.50,22000,9.150341
1996-09-03,23.625,23.625,23.25,23.375,41500,9.101669
1996-08-30,23.75,23.75,23.50,23.50,78500,9.150341
1996-08-29,23.50,23.625,23.50,23.625,28000,9.199013
1996-08-28,23.625,23.75,23.50,23.625,18300,9.199013
1996-08-27,23.50,23.625,23.375,23.625,17700,9.199013
1996-08-26,23.75,23.75,23.375,23.375,13100,9.101669
1996-08-23,23.75,23.75,23.50,23.50,66100,9.150341
1996-08-22,23.75,23.75,23.625,23.75,17500,9.247685
1996-08-21,23.875,24.00,23.625,23.75,17500,9.247685
1996-08-20,23.25,23.75,23.25,23.625,41900,9.199013
1996-08-19,23.25,23.50,23.25,23.25,14500,9.052996
1996-08-16,23.125,23.25,23.00,23.25,16900,9.052996
1996-08-15,23.00,23.25,23.00,23.00,27200,8.955652
1996-08-14,23.00,23.25,23.00,23.00,31700,8.955652
1996-08-13,22.875,23.125,22.875,23.00,30000,8.955652
1996-08-12,22.875,23.00,22.625,23.00,47100,8.955652
1996-08-09,22.75,22.75,22.625,22.75,26700,8.858308
1996-08-08,22.875,22.875,22.75,22.75,10800,8.858308
1996-08-07,23.00,23.00,22.625,22.875,20300,8.90698
1996-08-06,22.75,22.875,22.375,22.875,17900,8.90698
1996-08-05,23.00,23.125,22.625,22.75,38800,8.858308
1996-08-02,23.00,23.25,23.00,23.125,42400,9.004324
1996-08-01,22.50,22.75,22.25,22.75,21200,8.858308
1996-07-31,22.50,22.75,22.375,22.375,17000,8.712292
1996-07-30,21.875,22.50,21.875,22.375,17000,8.712292
1996-07-29,21.875,22.00,21.75,22.00,67400,8.566276
1996-07-26,21.875,22.00,21.75,21.875,33600,8.517604
1996-07-25,22.00,22.125,21.875,21.875,14600,8.517604
1996-07-24,22.50,22.50,22.00,22.00,66000,8.566276
1996-07-23,22.375,22.50,22.375,22.50,19300,8.760964
1996-07-22,22.75,22.75,22.375,22.375,8700,8.712292
1996-07-19,22.25,22.75,22.25,22.75,28800,8.858308
1996-07-18,22.25,22.25,22.125,22.25,14900,8.66362
1996-07-17,22.25,22.25,22.125,22.25,11700,8.66362
1996-07-16,22.25,22.375,22.125,22.25,35300,8.66362
1996-07-15,22.00,22.375,21.875,22.00,49500,8.566276
1996-07-12,21.875,22.00,21.75,21.875,12800,8.517604
1996-07-11,22.25,22.25,21.875,21.875,18400,8.517604
1996-07-10,22.50,22.50,22.125,22.25,18400,8.66362
1996-07-09,22.50,22.625,22.375,22.375,20200,8.712292
1996-07-08,22.625,22.625,22.375,22.50,7900,8.760964
1996-07-05,22.625,22.75,22.625,22.75,5100,8.858308
1996-07-03,22.875,22.875,22.625,22.625,7300,8.809636
1996-07-02,22.75,22.875,22.75,22.875,11200,8.90698
1996-07-01,22.75,23.125,22.75,22.875,49600,8.90698
1996-06-28,22.625,23.00,22.50,22.50,69100,8.760964
1996-06-27,23.00,23.00,22.75,22.75,46800,8.858308
1996-06-26,22.75,23.00,22.75,23.00,61400,8.955652
1996-06-25,22.625,23.125,22.625,22.75,34400,8.698664
1996-06-24,22.50,22.75,22.50,22.75,26400,8.698664
1996-06-21,22.75,22.75,22.50,22.625,24200,8.650869
1996-06-20,22.50,22.625,22.375,22.50,18800,8.603074
1996-06-19,22.625,22.875,22.50,22.625,26400,8.650869
1996-06-18,22.75,23.00,22.625,22.875,71600,8.746459
1996-06-17,22.50,22.75,22.375,22.625,28400,8.650869
1996-06-14,21.875,22.50,21.875,22.50,21900,8.603074
1996-06-13,21.875,21.875,21.625,21.875,19900,8.3641
1996-06-12,21.75,21.875,21.625,21.75,17300,8.316305
1996-06-11,22.00,22.00,21.375,21.625,165000,8.26851
1996-06-10,21.75,21.875,21.625,21.75,27500,8.316305
1996-06-07,21.75,21.875,21.75,21.875,11100,8.3641
1996-06-06,21.50,21.875,21.50,21.875,24800,8.3641
1996-06-05,21.75,21.75,21.50,21.75,19300,8.316305
1996-06-04,21.625,21.75,21.625,21.75,16600,8.316305
1996-06-03,21.625,21.75,21.625,21.75,37800,8.316305
1996-05-31,21.625,21.625,21.375,21.625,19400,8.26851
1996-05-30,21.125,21.625,21.125,21.625,23600,8.26851
1996-05-29,21.125,21.125,20.875,21.00,18500,8.029536
1996-05-28,21.125,21.25,21.00,21.00,26200,8.029536
1996-05-24,21.25,21.25,21.00,21.125,46000,8.077331
1996-05-23,21.25,21.25,21.125,21.25,23500,8.125126
1996-05-22,21.25,21.25,21.125,21.25,16400,8.125126
1996-05-21,21.625,21.625,21.125,21.125,47600,8.077331
1996-05-20,22.00,22.125,21.50,21.625,42600,8.26851
1996-05-17,21.50,21.75,21.25,21.75,61000,8.316305
1996-05-16,22.125,22.125,21.75,21.75,10500,8.316305
1996-05-15,22.625,22.625,22.25,22.25,23000,8.507484
1996-05-14,22.50,22.625,22.375,22.625,28400,8.650869
1996-05-13,21.75,22.50,21.625,22.375,36400,8.555279
1996-05-10,21.75,21.875,21.625,21.625,14000,8.26851
1996-05-09,21.625,21.875,21.625,21.75,16400,8.316305
1996-05-08,21.375,21.625,21.375,21.625,23100,8.26851
1996-05-07,21.625,21.75,21.50,21.50,13000,8.220715
1996-05-06,21.625,21.75,21.625,21.75,26700,8.316305
1996-05-03,21.75,21.75,21.50,21.625,19500,8.26851
1996-05-02,21.875,22.00,21.625,21.625,28600,8.26851
1996-05-01,21.75,22.00,21.625,21.75,15300,8.316305
1996-04-30,21.875,22.00,21.75,21.75,25800,8.316305
1996-04-29,21.50,21.875,21.50,21.75,14000,8.316305
1996-04-26,21.50,21.625,21.375,21.50,11100,8.220715
1996-04-25,21.625,21.625,21.375,21.50,17900,8.220715
1996-04-24,21.75,21.75,21.50,21.625,15400,8.26851
1996-04-23,21.75,22.00,21.625,21.625,33500,8.26851
1996-04-22,21.625,21.75,21.625,21.75,16700,8.316305
1996-04-19,21.625,21.75,21.50,21.75,17400,8.316305
1996-04-18,21.625,21.625,21.375,21.375,50500,8.17292
1996-04-17,21.50,21.625,21.375,21.50,38000,8.220715
1996-04-16,21.125,21.50,21.00,21.375,56500,8.17292
1996-04-15,21.00,21.125,21.00,21.125,25100,8.077331
1996-04-12,20.50,21.25,20.50,21.00,355500,8.029536
1996-04-11,21.25,21.25,20.625,20.75,34900,7.933946
1996-04-10,21.75,21.75,21.25,21.375,36300,8.17292
1996-04-09,21.625,21.875,21.50,21.625,22400,8.26851
1996-04-08,21.75,22.00,21.75,21.75,19700,8.316305
1996-04-04,22.25,22.25,21.625,22.00,64900,8.411895
1996-04-03,22.25,22.25,22.125,22.25,10100,8.507484
1996-04-02,22.25,22.25,22.125,22.25,16800,8.507484
1996-04-01,22.25,22.375,22.125,22.25,69500,8.507484
1996-03-29,22.25,22.50,22.25,22.25,16100,8.507484
1996-03-28,21.875,22.25,21.875,22.25,31600,8.507484
1996-03-27,22.25,22.375,21.875,21.875,20300,8.3641
1996-03-26,22.375,22.50,22.25,22.25,22100,8.507484
1996-03-25,22.50,22.50,22.00,22.375,21000,8.555279
1996-03-22,22.625,22.625,22.25,22.375,17900,8.555279
1996-03-21,22.375,22.75,22.375,22.625,49500,8.650869
1996-03-20,22.875,23.125,22.875,23.00,43400,8.637486
1996-03-19,22.50,22.75,22.375,22.625,23700,8.496658
1996-03-18,22.375,22.50,22.125,22.375,31000,8.402772
1996-03-15,22.375,22.625,22.375,22.375,19900,8.402772
1996-03-14,22.625,22.75,22.50,22.50,26500,8.449715
1996-03-13,22.625,22.75,22.625,22.625,29600,8.496658
1996-03-12,22.50,22.75,22.50,22.75,35500,8.5436
1996-03-11,22.25,22.75,22.00,22.625,29300,8.496658
1996-03-08,22.50,22.75,22.375,22.375,19800,8.402772
1996-03-07,22.625,22.75,22.50,22.75,18400,8.5436
1996-03-06,22.625,22.75,22.50,22.625,18900,8.496658
1996-03-05,22.625,22.75,22.50,22.75,44300,8.5436
1996-03-04,22.50,22.625,22.50,22.50,38600,8.449715
1996-03-01,22.50,22.625,22.25,22.50,22500,8.449715
1996-02-29,22.125,22.50,22.00,22.50,28300,8.449715
1996-02-28,22.125,22.25,22.00,22.125,59900,8.308886
1996-02-27,21.875,22.125,21.875,22.00,48500,8.261943
1996-02-26,21.50,21.875,21.50,21.875,25600,8.215
1996-02-23,22.00,22.00,21.25,21.50,101200,8.074172
1996-02-22,21.625,22.00,21.50,22.00,64300,8.261943
1996-02-21,21.125,21.50,21.125,21.50,50000,8.074172
1996-02-20,21.00,21.25,21.00,21.25,45700,7.980286
1996-02-16,20.375,21.125,20.25,21.125,141900,7.933343
1996-02-15,20.50,20.625,20.25,20.375,86200,7.651686
1996-02-14,21.25,21.25,20.50,20.625,146100,7.745572
1996-02-13,21.25,21.375,21.25,21.25,52200,7.980286
1996-02-12,21.375,21.50,21.25,21.375,36100,8.027229
1996-02-09,21.25,21.50,21.25,21.375,58400,8.027229
1996-02-08,21.25,21.25,21.125,21.125,97500,7.933343
1996-02-07,21.125,21.25,21.125,21.25,29400,7.980286
1996-02-06,21.125,21.50,21.00,21.375,42700,8.027229
1996-02-05,21.125,21.125,21.00,21.125,61400,7.933343
1996-02-02,21.25,21.375,20.875,21.125,70500,7.933343
1996-02-01,21.375,21.375,21.125,21.25,21200,7.980286
1996-01-31,21.375,21.50,21.125,21.375,36200,8.027229
1996-01-30,21.125,21.50,21.125,21.375,15800,8.027229
1996-01-29,21.625,21.625,20.875,21.25,37100,7.980286
1996-01-26,21.875,21.875,21.625,21.75,21400,8.168058
1996-01-25,21.875,22.00,21.50,21.625,20700,8.121115
1996-01-24,21.875,22.00,21.625,21.625,31000,8.121115
1996-01-23,22.00,22.00,21.75,21.875,30800,8.215
1996-01-22,22.25,22.25,22.00,22.00,18600,8.261943
1996-01-19,22.25,22.375,22.00,22.125,42000,8.308886
1996-01-18,21.75,22.125,21.625,22.125,114400,8.308886
1996-01-17,22.50,22.50,22.25,22.375,68200,8.402772
1996-01-16,22.50,22.50,22.375,22.50,27000,8.449715
1996-01-15,22.625,22.625,22.375,22.50,18000,8.449715
1996-01-12,22.375,22.50,22.125,22.375,51000,8.402772
1996-01-11,22.50,22.50,22.375,22.50,22400,8.449715
1996-01-10,22.75,22.75,22.375,22.375,40100,8.402772
1996-01-09,22.375,22.75,22.375,22.75,78600,8.5436
1996-01-08,22.50,22.50,22.375,22.375,3400,8.402772
1996-01-05,22.75,22.75,22.375,22.625,23200,8.496658
1996-01-04,22.875,23.00,22.625,22.625,46700,8.496658
1996-01-03,23.125,23.125,22.75,22.875,32500,8.590543
1996-01-02,22.625,23.00,22.50,23.00,29400,8.637486
1995-12-29,22.875,22.875,22.375,22.75,87600,8.5436
1995-12-28,23.00,23.125,22.875,23.00,46200,8.637486
1995-12-27,23.25,23.50,23.125,23.50,34700,8.671285
1995-12-26,23.25,23.50,23.125,23.125,27100,8.532914
1995-12-22,23.25,23.375,23.125,23.375,28500,8.625162
1995-12-21,23.25,23.25,23.125,23.125,18100,8.532914
1995-12-20,23.125,23.375,23.125,23.125,23700,8.532914
1995-12-19,23.25,23.25,22.625,23.00,97700,8.48679
1995-12-18,23.25,23.375,23.125,23.25,27500,8.579038
1995-12-15,23.375,23.375,23.25,23.375,37100,8.625162
1995-12-14,23.375,23.50,23.25,23.375,34900,8.625162
1995-12-13,23.375,23.375,23.125,23.25,38900,8.579038
1995-12-12,23.25,23.50,23.25,23.375,22200,8.625162
1995-12-11,23.125,23.50,23.125,23.375,29500,8.625162
1995-12-08,23.00,23.25,22.875,23.125,30000,8.532914
1995-12-07,22.75,23.125,22.75,23.125,27500,8.532914
1995-12-06,22.375,22.875,22.375,22.75,57000,8.394542
1995-12-05,22.625,22.75,22.50,22.625,37000,8.348418
1995-12-04,22.00,22.75,22.00,22.75,50300,8.394542
1995-12-01,21.875,22.125,21.75,22.125,27300,8.163923
1995-11-30,21.875,22.00,21.75,22.00,17300,8.117799
1995-11-29,21.625,21.875,21.50,21.875,32800,8.071675
1995-11-28,21.50,21.50,21.375,21.50,17800,7.933304
1995-11-27,21.00,21.50,21.00,21.375,37500,7.88718
1995-11-24,21.00,21.125,21.00,21.00,6700,7.748808
1995-11-22,21.125,21.25,21.00,21.00,14700,7.748808
1995-11-21,20.625,21.00,20.625,21.00,21000,7.748808
1995-11-20,20.50,20.75,20.50,20.625,66900,7.610437
1995-11-17,20.75,20.875,20.375,20.375,40300,7.518189
1995-11-16,20.625,20.875,20.50,20.875,19200,7.702684
1995-11-15,20.625,20.75,20.25,20.625,35300,7.610437
1995-11-14,20.875,20.875,20.50,20.625,32700,7.610437
1995-11-13,20.50,21.00,20.50,20.75,37800,7.656561
1995-11-10,21.125,21.125,20.875,20.875,20200,7.702684
1995-11-09,21.375,21.50,20.75,21.00,32800,7.748808
1995-11-08,21.00,21.25,21.00,21.25,84100,7.841056
1995-11-07,21.125,21.125,20.875,21.00,24400,7.748808
1995-11-06,21.00,21.125,20.875,21.125,62200,7.794932
1995-11-03,20.625,21.25,20.625,21.25,63000,7.841056
1995-11-02,20.125,20.75,20.125,20.625,42100,7.610437
1995-11-01,20.375,20.50,20.00,20.25,68200,7.472065
1995-10-31,20.625,20.875,20.25,20.25,37600,7.472065
1995-10-30,20.75,21.375,20.625,20.625,37900,7.610437
1995-10-27,21.625,21.625,20.50,20.875,38800,7.702684
1995-10-26,22.00,22.125,21.50,21.50,26500,7.933304
1995-10-25,22.00,22.00,21.875,22.00,30400,8.117799
1995-10-24,22.00,22.00,21.75,21.875,38700,8.071675
1995-10-23,22.25,22.375,21.875,22.00,76300,8.117799
1995-10-20,22.50,22.50,22.25,22.50,57800,8.302295
1995-10-19,22.50,22.625,22.125,22.50,47600,8.302295
1995-10-18,22.75,22.75,22.50,22.50,22900,8.302295
1995-10-17,22.875,22.875,22.625,22.625,17000,8.348418
1995-10-16,22.875,22.875,22.75,22.875,24500,8.440666
1995-10-13,22.875,22.875,22.625,22.75,17800,8.394542
1995-10-12,22.625,22.875,22.625,22.875,14300,8.440666
1995-10-11,22.75,22.875,22.625,22.875,13800,8.440666
1995-10-10,22.75,23.00,22.625,23.00,36900,8.48679
1995-10-09,23.00,23.00,22.75,22.75,31200,8.394542
1995-10-06,23.25,23.375,22.75,23.00,61900,8.48679
1995-10-05,23.375,23.375,23.00,23.25,35800,8.579038
1995-10-04,22.875,23.375,22.875,23.375,29900,8.625162
1995-10-03,23.125,23.25,22.875,22.875,40300,8.440666
1995-10-02,23.25,23.375,23.125,23.125,34400,8.532914
1995-09-29,23.50,23.50,23.25,23.375,29500,8.625162
1995-09-28,23.125,23.625,23.125,23.375,48800,8.625162
1995-09-27,23.125,23.25,23.125,23.125,32200,8.532914
1995-09-26,23.00,23.125,23.00,23.125,19800,8.532914
1995-09-25,22.875,23.125,22.875,23.00,41900,8.48679
1995-09-22,22.75,23.00,22.625,22.875,25300,8.440666
1995-09-21,22.75,23.00,22.625,22.75,31700,8.394542
1995-09-20,22.75,23.125,22.75,23.00,24700,8.335504
1995-09-19,23.00,23.00,22.625,22.625,76100,8.199599
1995-09-18,23.00,23.125,23.00,23.00,19500,8.335504
1995-09-15,23.125,23.125,23.00,23.125,31500,8.380805
1995-09-14,23.00,23.25,23.00,23.00,29200,8.335504
1995-09-13,22.375,23.125,22.375,23.00,41900,8.335504
1995-09-12,22.375,22.50,22.25,22.375,20800,8.108995
1995-09-11,22.125,22.375,22.125,22.375,23600,8.108995
1995-09-08,21.875,22.125,21.875,22.125,19100,8.018392
1995-09-07,22.00,22.00,21.875,22.00,37500,7.97309
1995-09-06,22.375,22.50,22.125,22.125,10300,8.018392
1995-09-05,22.00,22.375,22.00,22.375,17200,8.108995
1995-09-01,21.875,22.25,21.875,22.00,37600,7.97309
1995-08-31,21.875,22.125,21.875,21.875,11400,7.927789
1995-08-30,22.00,22.125,21.875,21.875,14100,7.927789
1995-08-29,22.00,22.125,21.75,21.875,24700,7.927789
1995-08-28,21.875,21.875,21.50,21.875,34500,7.927789
1995-08-25,21.25,21.875,21.125,21.875,66700,7.927789
1995-08-24,21.75,21.75,21.25,21.25,80800,7.70128
1995-08-23,22.00,22.00,21.50,21.75,57000,7.882487
1995-08-22,22.00,22.00,21.75,21.875,56500,7.927789
1995-08-21,22.00,22.125,21.875,22.00,30300,7.97309
1995-08-18,22.25,22.25,21.875,21.875,23700,7.927789
1995-08-17,22.25,22.50,22.00,22.125,41400,8.018392
1995-08-16,22.375,22.375,22.125,22.25,25400,8.063694
1995-08-15,22.25,22.375,22.25,22.25,44700,8.063694
1995-08-14,22.00,22.125,22.00,22.125,23400,8.018392
1995-08-11,22.125,22.125,21.875,22.00,27800,7.97309
1995-08-10,22.25,22.375,22.00,22.00,119000,7.97309
1995-08-09,22.00,22.25,22.00,22.25,39300,8.063694
1995-08-08,22.00,22.00,21.875,21.875,29100,7.927789
1995-08-07,21.625,22.00,21.625,22.00,18200,7.97309
1995-08-04,21.625,21.875,21.50,21.625,32900,7.837185
1995-08-03,21.625,21.625,21.50,21.50,73400,7.791884
1995-08-02,21.75,21.75,21.50,21.625,41300,7.837185
1995-08-01,21.625,21.75,21.625,21.75,69500,7.882487
1995-07-31,21.875,21.875,21.75,21.75,67100,7.882487
1995-07-28,22.125,22.25,21.75,21.75,18600,7.882487
1995-07-27,22.125,22.25,22.125,22.125,17900,8.018392
1995-07-26,21.75,22.125,21.75,22.125,19100,8.018392
1995-07-25,21.75,21.875,21.50,21.75,44900,7.882487
1995-07-24,21.625,21.75,21.50,21.75,43700,7.882487
1995-07-21,21.75,21.875,21.50,21.625,9300,7.837185
1995-07-20,21.625,22.00,21.625,21.875,20800,7.927789
1995-07-19,22.00,22.00,21.50,21.625,28500,7.837185
1995-07-18,21.75,22.25,21.75,22.00,29600,7.97309
1995-07-17,22.125,22.125,21.75,22.00,19700,7.97309
1995-07-14,22.125,22.25,21.625,21.875,56800,7.927789
1995-07-13,22.25,22.375,22.00,22.125,23700,8.018392
1995-07-12,22.375,22.375,22.00,22.125,21800,8.018392
1995-07-11,22.00,22.50,21.75,22.125,38500,8.018392
1995-07-10,21.625,21.875,21.625,21.75,22300,7.882487
1995-07-07,22.25,22.50,21.625,21.625,73000,7.837185
1995-07-06,21.75,22.50,21.75,22.25,52200,8.063694
1995-07-05,21.75,22.125,21.50,21.75,38800,7.882487
1995-07-03,21.625,21.625,21.375,21.50,10700,7.791884
1995-06-30,21.00,21.625,21.00,21.625,41400,7.837185
1995-06-29,21.125,21.125,21.00,21.00,13900,7.610677
1995-06-28,21.25,21.25,21.125,21.25,23500,7.70128
1995-06-27,21.25,21.25,20.75,21.125,1109500,7.655979
1995-06-26,21.75,21.75,21.125,21.25,57000,7.70128
1995-06-23,21.625,21.625,21.50,21.50,12300,7.791884
1995-06-22,22.00,22.00,21.75,22.00,28100,7.829937
1995-06-21,22.25,22.25,22.00,22.00,60400,7.829937
1995-06-20,22.00,22.50,22.00,22.375,58700,7.963402
1995-06-19,22.25,22.25,22.125,22.125,19200,7.874426
1995-06-16,22.00,22.25,21.875,22.25,147500,7.918914
1995-06-15,21.625,21.875,21.625,21.875,33300,7.785449
1995-06-14,21.875,22.00,21.625,21.75,35900,7.740961
1995-06-13,21.625,21.875,21.375,21.75,54500,7.740961
1995-06-12,21.625,21.625,21.50,21.50,19600,7.651984
1995-06-09,21.625,21.625,21.50,21.50,23400,7.651984
1995-06-08,21.625,21.75,21.50,21.625,25000,7.696473
1995-06-07,21.75,21.75,21.625,21.625,29700,7.696473
1995-06-06,21.875,22.00,21.625,21.625,91800,7.696473
1995-06-05,21.75,21.875,21.75,21.75,89200,7.740961
1995-06-02,21.375,21.75,21.125,21.625,92700,7.696473
1995-06-01,21.375,21.375,21.25,21.375,22600,7.607496
1995-05-31,21.375,21.50,21.125,21.25,63900,7.563008
1995-05-30,21.25,21.375,21.25,21.375,18000,7.607496
1995-05-26,21.375,21.375,21.00,21.375,22300,7.607496
1995-05-25,21.125,21.25,21.125,21.125,137900,7.518519
1995-05-24,21.75,21.875,21.125,21.125,33100,7.518519
1995-05-23,21.875,21.875,21.50,21.75,40500,7.740961
1995-05-22,21.25,21.75,21.125,21.75,19400,7.740961
1995-05-19,20.875,21.25,20.75,21.25,31900,7.563008
1995-05-18,21.50,21.75,20.875,20.875,29800,7.429543
1995-05-17,22.25,22.25,21.50,21.50,26100,7.651984
1995-05-16,22.00,22.125,21.75,22.125,23800,7.874426
1995-05-15,21.625,22.125,21.50,22.00,21800,7.829937
1995-05-12,22.00,22.125,21.625,21.625,26200,7.696473
1995-05-11,22.125,22.25,22.00,22.00,62700,7.829937
1995-05-10,21.25,22.625,21.25,22.00,175300,7.829937
1995-05-09,20.50,21.125,20.50,21.125,80300,7.518519
1995-05-08,20.625,20.75,20.50,20.50,21000,7.296078
1995-05-05,20.25,20.625,20.25,20.625,26100,7.340566
1995-05-04,20.50,20.75,20.375,20.375,34700,7.25159
1995-05-03,20.125,20.375,20.00,20.25,43500,7.207102
1995-05-02,19.875,20.125,19.875,20.125,42400,7.162613
1995-05-01,20.25,20.375,20.00,20.00,52600,7.118125
1995-04-28,20.125,20.375,20.00,20.25,119400,7.207102
1995-04-27,20.00,20.125,19.875,20.125,21500,7.162613
1995-04-26,20.125,20.25,20.00,20.00,50600,7.118125
1995-04-25,20.00,20.25,20.00,20.00,29500,7.118125
1995-04-24,19.75,20.125,19.75,20.00,27500,7.118125
1995-04-21,20.00,20.00,19.75,19.75,33000,7.029148
1995-04-20,20.375,20.50,20.125,20.25,29700,7.207102
1995-04-19,20.875,21.00,20.25,20.375,33600,7.25159
1995-04-18,21.125,21.125,20.875,20.875,22100,7.429543
1995-04-17,21.125,21.25,21.00,21.00,12100,7.474031
1995-04-13,21.125,21.125,21.00,21.125,7800,7.518519
1995-04-12,20.875,21.125,20.875,21.125,22300,7.518519
1995-04-11,21.00,21.00,20.875,20.875,21500,7.429543
1995-04-10,20.875,21.125,20.75,21.00,21700,7.474031
1995-04-07,20.875,20.875,20.75,20.75,11500,7.385055
1995-04-06,20.75,20.875,20.75,20.75,37200,7.385055
1995-04-05,20.875,21.00,20.75,20.75,32300,7.385055
1995-04-04,21.125,21.125,21.00,21.00,13800,7.474031
1995-04-03,21.00,21.25,20.625,21.00,34300,7.474031
1995-03-31,20.75,21.25,20.75,21.25,33700,7.563008
1995-03-30,20.75,20.875,20.625,20.875,23900,7.429543
1995-03-29,20.875,20.875,20.75,20.75,84700,7.385055
1995-03-28,20.75,20.875,20.625,20.75,61600,7.385055
1995-03-27,20.75,20.875,20.75,20.875,16800,7.429543
1995-03-24,20.75,20.875,20.75,20.75,20800,7.385055
1995-03-23,20.875,20.875,20.625,20.75,15900,7.385055
1995-03-22,20.75,20.875,20.625,20.75,34900,7.385055
1995-03-21,20.875,20.875,20.75,20.75,27300,7.385055
1995-03-20,20.75,20.875,20.75,20.75,20200,7.385055
1995-03-17,21.125,21.25,20.875,21.25,52100,7.422425
1995-03-16,20.875,21.25,20.875,21.00,52600,7.335102
1995-03-15,20.875,21.125,20.75,20.875,52300,7.291441
1995-03-14,20.875,21.00,20.75,21.00,15800,7.335102
1995-03-13,20.875,20.875,20.375,20.875,19100,7.291441
1995-03-10,21.125,21.125,20.50,20.875,24700,7.291441
1995-03-09,21.125,21.25,21.00,21.00,176400,7.335102
1995-03-08,20.875,21.125,20.75,20.875,43000,7.291441
1995-03-07,20.875,21.125,20.875,20.875,23200,7.291441
1995-03-06,21.125,21.25,20.875,21.00,63800,7.335102
1995-03-03,21.375,21.375,21.00,21.125,16900,7.378763
1995-03-02,21.125,22.00,21.125,21.375,33900,7.466086
1995-03-01,21.125,21.125,20.875,21.125,32200,7.378763
1995-02-28,20.875,21.125,20.875,21.125,33400,7.378763
1995-02-27,21.125,21.25,20.75,20.875,113900,7.291441
1995-02-24,20.875,21.125,20.875,21.00,93100,7.335102
1995-02-23,20.875,20.875,20.625,20.75,173500,7.24778
1995-02-22,20.875,21.00,20.75,20.75,135200,7.24778
1995-02-21,20.75,21.00,20.75,20.875,36100,7.291441
1995-02-17,21.00,21.00,20.875,20.875,83800,7.291441
1995-02-16,20.75,21.00,20.75,20.875,54800,7.291441
1995-02-15,20.875,20.875,20.75,20.75,72400,7.24778
1995-02-14,21.00,21.00,20.75,20.75,31100,7.24778
1995-02-13,20.875,21.00,20.875,20.875,37300,7.291441
1995-02-10,20.875,21.00,20.75,20.875,40000,7.291441
1995-02-09,20.875,21.00,20.75,20.875,52700,7.291441
1995-02-08,21.00,21.00,20.875,20.875,51600,7.291441
1995-02-07,21.00,21.125,20.875,21.00,43200,7.335102
1995-02-06,21.125,21.25,21.00,21.125,33600,7.378763
1995-02-03,21.00,21.375,20.875,21.125,134200,7.378763
1995-02-02,21.00,21.00,20.875,21.00,38200,7.335102
1995-02-01,20.875,21.00,20.75,20.875,42100,7.291441
1995-01-31,20.875,21.00,20.875,20.875,25000,7.291441
1995-01-30,21.00,21.00,20.875,20.875,9500,7.291441
1995-01-27,20.875,21.00,20.875,21.00,30300,7.335102
1995-01-26,20.375,20.875,20.375,20.875,26300,7.291441
1995-01-25,20.50,20.50,20.375,20.50,12300,7.160457
1995-01-24,20.625,20.625,20.375,20.375,58900,7.116796
1995-01-23,20.75,20.875,20.625,20.625,13100,7.204118
1995-01-20,20.875,20.875,20.75,20.75,38800,7.24778
1995-01-19,20.75,21.00,20.625,20.75,29300,7.24778
1995-01-18,20.75,20.875,20.625,20.625,76100,7.204118
1995-01-17,20.75,21.00,20.75,20.75,35800,7.24778
1995-01-16,21.25,21.25,20.75,20.75,49300,7.24778
1995-01-13,20.75,20.875,20.50,20.875,62700,7.291441
1995-01-12,20.25,20.625,20.25,20.625,33500,7.204118
1995-01-11,20.625,20.625,20.25,20.50,28700,7.160457
1995-01-10,20.875,20.875,20.50,20.50,51800,7.160457
1995-01-09,21.125,21.25,20.875,21.125,187400,7.378763
1995-01-06,21.125,21.125,20.875,21.00,129200,7.335102
1995-01-05,20.75,21.125,20.75,21.125,170300,7.378763
1995-01-04,20.875,21.00,20.75,20.875,152700,7.291441
1995-01-03,20.875,21.125,20.875,21.00,17700,7.335102
1994-12-30,20.75,20.875,20.625,20.625,53800,7.204118
1994-12-29,20.875,20.875,20.75,20.75,23300,7.24778
1994-12-28,20.875,20.875,20.50,20.625,50200,7.204118
1994-12-27,21.50,21.50,20.625,21.125,82800,7.378763
1994-12-23,22.00,22.125,21.875,21.875,99200,7.502761
1994-12-22,22.125,22.125,21.875,22.125,29300,7.588507
1994-12-21,22.875,22.875,22.125,22.125,111600,7.588507
1994-12-20,23.00,23.00,22.75,22.75,25700,7.802872
1994-12-19,23.00,23.00,22.75,23.00,58600,7.888617
1994-12-16,23.00,23.75,22.875,23.00,43700,7.888617
1994-12-15,21.625,22.75,21.625,22.75,102500,7.802872
1994-12-14,21.25,21.75,21.125,21.625,128000,7.417015
1994-12-13,21.50,21.75,21.25,21.25,46100,7.288397
1994-12-12,21.00,21.50,21.00,21.375,77500,7.331269
1994-12-09,21.125,21.25,21.00,21.00,81000,7.202651
1994-12-08,21.00,21.375,21.00,21.25,39900,7.288397
1994-12-07,20.625,21.125,20.375,21.00,123600,7.202651
1994-12-06,20.75,20.875,20.625,20.625,27300,7.074032
1994-12-05,21.125,21.25,20.75,20.75,32200,7.116905
1994-12-02,21.00,21.25,20.75,21.00,45300,7.202651
1994-12-01,21.00,21.00,20.875,20.875,21700,7.159778
1994-11-30,20.875,21.125,20.75,21.00,38700,7.202651
1994-11-29,21.125,21.125,20.75,20.875,44000,7.159778
1994-11-28,21.125,21.25,20.875,21.125,16500,7.245524
1994-11-25,20.50,21.125,20.50,21.125,11000,7.245524
1994-11-23,20.50,20.625,20.375,20.50,18000,7.031159
1994-11-22,20.50,20.625,20.125,20.25,39900,6.945413
1994-11-21,20.875,20.875,20.625,20.625,29700,7.074032
1994-11-18,20.625,21.00,20.625,20.875,19000,7.159778
1994-11-17,20.75,21.00,20.625,20.875,34900,7.159778
1994-11-16,21.125,21.125,20.875,20.875,15200,7.159778
1994-11-15,21.125,21.25,20.875,21.00,45700,7.202651
1994-11-14,21.125,21.125,21.00,21.125,72200,7.245524
1994-11-11,20.75,21.00,20.75,20.875,12100,7.159778
1994-11-10,20.875,21.00,20.50,20.625,38100,7.074032
1994-11-09,20.875,21.125,20.875,21.00,17900,7.202651
1994-11-08,20.75,21.125,20.75,20.875,62600,7.159778
1994-11-07,21.125,21.25,20.75,20.75,23600,7.116905
1994-11-04,21.125,21.25,21.125,21.125,15000,7.245524
1994-11-03,21.50,21.625,21.125,21.125,159200,7.245524
1994-11-02,21.00,21.375,21.00,21.25,147000,7.288397
1994-11-01,21.00,21.375,20.875,21.125,24000,7.245524
1994-10-31,20.875,21.375,20.875,21.375,27400,7.331269
1994-10-28,20.75,21.125,20.625,21.00,20200,7.202651
1994-10-27,20.50,20.625,20.375,20.50,44000,7.031159
1994-10-26,20.375,20.875,20.375,20.375,51700,6.988286
1994-10-25,20.375,20.625,20.125,20.375,58200,6.988286
1994-10-24,20.50,20.75,20.50,20.50,25300,7.031159
1994-10-21,20.75,20.875,20.50,20.50,57700,7.031159
1994-10-20,21.00,21.00,20.75,20.75,56800,7.116905
1994-10-19,20.375,21.00,20.375,20.875,165900,7.159778
1994-10-18,20.875,20.875,20.375,20.50,48000,7.031159
1994-10-17,20.875,20.875,20.625,20.625,42000,7.074032
1994-10-14,20.50,20.75,20.375,20.625,46300,7.074032
1994-10-13,20.375,20.75,20.375,20.50,71300,7.031159
1994-10-12,20.75,20.75,20.50,20.50,22200,7.031159
1994-10-11,20.625,20.75,20.375,20.625,25700,7.074032
1994-10-10,20.00,20.625,20.00,20.375,31800,6.988286
1994-10-07,20.375,20.625,20.25,20.25,29600,6.945413
1994-10-06,20.25,20.375,20.125,20.125,24100,6.90254
1994-10-05,20.375,20.375,19.625,20.125,91200,6.90254
1994-10-04,21.00,21.00,20.25,20.375,53900,6.988286
1994-10-03,21.00,21.375,20.875,20.875,33300,7.159778
1994-09-30,21.375,21.50,21.00,21.375,91000,7.331269
1994-09-29,21.50,21.875,21.375,21.50,185700,7.374142
1994-09-28,21.375,21.625,21.375,21.625,40700,7.417015
1994-09-27,21.75,21.75,21.375,21.375,50100,7.331269
1994-09-26,21.75,21.875,21.625,21.625,59300,7.417015
1994-09-23,22.00,22.25,21.75,21.75,46800,7.459888
1994-09-22,22.00,22.00,21.625,22.00,79000,7.545634
1994-09-21,22.125,22.375,22.00,22.00,30600,7.545634
1994-09-20,22.375,22.50,21.75,22.125,59000,7.588507
1994-09-19,22.875,22.875,22.50,22.625,78100,7.624521
1994-09-16,22.50,22.875,22.50,22.875,78600,7.70877
1994-09-15,22.50,22.625,22.375,22.625,85900,7.624521
1994-09-14,22.625,22.75,22.375,22.375,25000,7.540272
1994-09-13,22.375,22.75,22.375,22.375,25100,7.540272
1994-09-12,22.75,22.875,22.375,22.50,30600,7.582396
1994-09-09,22.875,22.875,22.50,22.50,16700,7.582396
1994-09-08,22.75,23.125,22.625,22.75,20100,7.666645
1994-09-07,22.625,22.75,22.375,22.625,24500,7.624521
1994-09-06,22.50,22.875,22.375,22.50,228100,7.582396
1994-09-02,23.125,23.375,22.50,22.50,157000,7.582396
1994-09-01,23.625,23.625,23.00,23.25,128400,7.835143
1994-08-31,23.25,23.50,23.25,23.375,28000,7.877267
1994-08-30,23.375,23.375,22.75,23.00,28400,7.750894
1994-08-29,22.875,23.50,22.75,23.25,23200,7.835143
1994-08-26,23.00,23.00,22.50,22.625,50800,7.624521
1994-08-25,22.50,23.00,22.125,23.00,108300,7.750894
1994-08-24,22.625,23.00,21.50,22.00,80800,7.413899
1994-08-23,22.875,23.00,22.375,22.625,43600,7.624521
1994-08-22,23.00,23.125,22.375,22.75,38000,7.666645
1994-08-19,23.25,23.25,22.75,23.00,52500,7.750894
1994-08-18,24.00,24.00,23.125,23.125,75600,7.793018
1994-08-17,24.00,24.00,23.75,23.875,49300,8.045765
1994-08-16,23.875,24.375,23.875,24.125,26400,8.130014
1994-08-15,24.00,24.125,23.75,23.75,79800,8.003641
1994-08-12,24.75,24.75,23.50,24.00,40300,8.087889
1994-08-11,25.50,25.625,24.375,24.75,295300,8.340636
1994-08-10,25.50,25.75,25.375,25.50,15700,8.593383
1994-08-09,25.50,25.75,25.25,25.25,29900,8.509134
1994-08-08,25.625,25.625,25.25,25.50,16400,8.593383
1994-08-05,25.00,25.625,25.00,25.375,12700,8.551258
1994-08-04,25.125,25.25,25.125,25.25,12500,8.509134
1994-08-03,25.00,25.375,25.00,25.125,10900,8.467009
1994-08-02,25.625,25.625,25.00,25.125,20900,8.467009
1994-08-01,25.00,25.375,25.00,25.375,22500,8.551258
1994-07-29,25.375,25.625,24.875,24.875,23100,8.38276
1994-07-28,25.50,25.875,25.125,25.125,31800,8.467009
1994-07-27,25.625,25.625,25.25,25.375,31800,8.551258
1994-07-26,25.75,25.75,25.25,25.50,74400,8.593383
1994-07-25,25.75,25.875,25.625,25.75,13100,8.677631
1994-07-22,25.75,25.75,25.625,25.75,12100,8.677631
1994-07-21,25.75,25.875,25.625,25.625,19600,8.635507
1994-07-20,26.125,26.125,25.625,25.75,45100,8.677631
1994-07-19,26.00,26.125,25.875,26.00,22600,8.76188
1994-07-18,26.00,26.00,25.875,25.875,26700,8.719756
1994-07-15,26.00,26.00,25.75,26.00,33700,8.76188
1994-07-14,25.875,26.00,25.75,26.00,23000,8.76188
1994-07-13,26.00,26.00,25.75,25.75,12200,8.677631
1994-07-12,26.00,26.00,25.75,26.00,18600,8.76188
1994-07-11,25.875,26.00,25.75,26.00,23400,8.76188
1994-07-08,25.875,26.00,25.75,25.875,47900,8.719756
1994-07-07,25.75,25.875,25.75,25.875,24400,8.719756
1994-07-06,26.00,26.00,25.50,25.75,25100,8.677631
1994-07-05,26.125,26.125,25.875,26.00,98800,8.76188
1994-07-01,26.00,26.125,25.875,26.125,84600,8.804005
1994-06-30,25.625,25.625,25.50,25.625,45000,8.635507
1994-06-29,24.875,25.625,24.875,25.50,54700,8.593383
1994-06-28,24.625,25.00,24.625,24.875,56000,8.38276
1994-06-27,24.75,24.75,24.50,24.625,20700,8.298512
1994-06-24,24.875,24.875,24.75,24.75,11900,8.340636
1994-06-23,25.00,25.00,24.75,24.875,22400,8.38276
1994-06-22,25.25,25.375,24.75,24.75,108200,8.340636
1994-06-21,25.25,25.375,25.25,25.25,37400,8.509134
1994-06-20,25.875,25.875,25.625,25.625,47100,8.504078
1994-06-17,25.875,25.875,25.625,25.625,53400,8.504078
1994-06-16,25.625,25.875,25.50,25.75,75000,8.545562
1994-06-15,25.50,25.75,25.50,25.50,50500,8.462595
1994-06-14,25.375,25.625,25.375,25.625,79400,8.504078
1994-06-13,25.625,25.75,25.375,25.375,35800,8.421112
1994-06-10,25.125,25.625,25.00,25.625,43400,8.504078
1994-06-09,25.50,25.50,25.00,25.125,14900,8.338145
1994-06-08,25.50,25.50,25.25,25.50,47400,8.462595
1994-06-07,25.25,25.50,25.125,25.375,27900,8.421112
1994-06-06,25.00,25.375,25.00,25.125,45300,8.338145
1994-06-03,24.625,25.125,24.625,25.125,14500,8.338145
1994-06-02,25.25,25.25,24.875,24.875,41100,8.255179
1994-06-01,25.00,25.25,24.875,25.125,16400,8.338145
1994-05-31,25.25,25.25,25.125,25.125,11600,8.338145
1994-05-27,25.125,25.50,25.125,25.25,45700,8.379628
1994-05-26,25.25,25.25,25.125,25.125,23500,8.338145
1994-05-25,25.00,25.25,25.00,25.25,34800,8.379628
1994-05-24,25.375,25.625,25.00,25.25,22600,8.379628
1994-05-23,25.25,25.375,25.125,25.25,33300,8.379628
1994-05-20,24.75,25.25,24.75,25.25,17400,8.379628
1994-05-19,25.00,25.00,24.625,24.625,39300,8.172212
1994-05-18,24.875,25.25,24.875,25.125,23900,8.338145
1994-05-17,25.00,25.125,25.00,25.00,68300,8.296662
1994-05-16,25.50,25.50,25.00,25.125,25400,8.338145
1994-05-13,25.00,25.25,24.625,25.25,70500,8.379628
1994-05-12,24.875,25.25,24.75,25.25,25500,8.379628
1994-05-11,24.875,25.00,24.75,24.875,33900,8.255179
1994-05-10,24.50,25.125,24.50,24.875,72600,8.255179
1994-05-09,24.75,24.75,24.00,24.25,26200,8.047762
1994-05-06,24.625,24.75,24.25,24.75,26800,8.213695
1994-05-05,24.875,24.875,24.50,24.75,16500,8.213695
1994-05-04,24.75,25.00,24.75,24.875,24800,8.255179
1994-05-03,24.75,25.00,24.75,25.00,117000,8.296662
1994-05-02,24.75,24.875,24.375,24.625,45900,8.172212
1994-04-29,24.375,24.75,24.25,24.625,15400,8.172212
1994-04-28,24.75,24.875,24.00,24.25,48000,8.047762
1994-04-26,24.875,25.00,24.625,24.75,22000,8.213695
1994-04-25,24.75,25.00,24.625,24.875,57900,8.255179
1994-04-22,24.75,24.75,24.50,24.625,38100,8.172212
1994-04-21,24.625,24.875,24.625,24.625,21500,8.172212
1994-04-20,24.375,24.75,24.375,24.625,30300,8.172212
1994-04-19,24.875,24.875,24.50,24.50,27900,8.130729
1994-04-18,24.875,24.875,24.375,24.75,50600,8.213695
1994-04-15,24.00,24.875,24.00,24.75,37200,8.213695
1994-04-14,24.375,24.625,24.25,24.25,17500,8.047762
1994-04-13,24.50,24.75,24.00,24.375,51600,8.089245
1994-04-12,24.75,24.875,24.25,24.375,95400,8.089245
1994-04-11,25.25,25.25,24.625,24.75,15100,8.213695
1994-04-08,24.875,25.25,24.75,25.00,157000,8.296662
1994-04-07,24.75,25.125,24.75,25.125,64000,8.338145
1994-04-06,24.375,24.75,24.375,24.625,56500,8.172212
1994-04-05,24.25,25.00,24.125,24.50,96600,8.130729
1994-04-04,23.50,24.25,23.50,23.75,209300,7.881829
1994-03-31,25.00,25.00,23.50,24.625,249200,8.172212
1994-03-30,25.75,25.75,24.50,24.75,1191400,8.213695
1994-03-29,26.375,26.375,25.875,26.00,22100,8.628528
1994-03-28,27.375,27.375,26.25,26.375,35400,8.752978
1994-03-25,27.375,27.375,27.00,27.25,5200,9.043361
1994-03-24,27.25,27.25,26.875,27.25,6500,9.043361
1994-03-23,26.75,27.00,26.375,27.00,21000,8.960395
1994-03-22,26.50,27.00,26.375,27.00,44000,8.960395
1994-03-21,27.625,27.625,26.50,26.50,19400,8.794462
1994-03-18,28.00,28.00,27.50,27.875,25700,9.12135
1994-03-17,27.875,27.875,27.50,27.75,7900,9.080447
1994-03-16,27.50,28.00,27.375,28.00,36600,9.162253
1994-03-15,28.25,28.375,27.375,27.50,27400,8.998642
1994-03-14,28.25,28.50,28.25,28.25,39200,9.244059
1994-03-11,28.00,28.125,27.75,28.125,25400,9.203156
1994-03-10,28.625,28.625,27.75,28.00,33900,9.162253
1994-03-09,28.625,28.625,28.50,28.625,47000,9.366768
1994-03-08,28.125,28.75,28.125,28.625,16100,9.366768
1994-03-07,27.875,29.50,27.875,28.125,92200,9.203156
1994-03-04,27.125,27.75,27.125,27.75,42500,9.080447
1994-03-03,27.625,27.625,27.25,27.375,42700,8.957739
1994-03-02,27.625,27.75,27.125,27.625,36100,9.039545
1994-03-01,27.75,27.875,27.50,27.625,55200,9.039545
1994-02-28,27.375,27.875,27.25,27.875,19900,9.12135
1994-02-25,27.00,27.50,26.625,27.25,35300,8.916836
1994-02-24,27.75,27.875,27.125,27.50,54900,8.998642
1994-02-23,26.75,27.50,26.50,27.50,98900,8.998642
1994-02-22,26.375,26.75,26.25,26.75,41600,8.753224
1994-02-18,26.00,26.375,25.875,26.25,30400,8.589612
1994-02-17,26.00,26.125,25.75,26.125,34200,8.54871
1994-02-16,26.00,26.375,26.00,26.125,12100,8.54871
1994-02-15,26.375,26.625,26.00,26.00,46600,8.507807
1994-02-14,26.875,26.875,26.125,26.25,53300,8.589612
1994-02-11,26.00,26.75,26.00,26.75,70900,8.753224
1994-02-10,25.50,26.125,25.25,26.125,29700,8.54871
1994-02-09,25.75,26.00,25.625,25.75,67800,8.426001
1994-02-08,25.75,25.875,25.375,25.875,55800,8.466904
1994-02-07,24.75,26.00,24.125,26.00,102100,8.507807
1994-02-04,24.75,24.875,24.25,24.625,44900,8.057875
1994-02-03,24.125,25.00,23.75,24.625,109200,8.057875
1994-02-02,23.75,24.375,23.75,24.125,78800,7.894263
1994-02-01,24.00,24.00,23.00,23.875,184500,7.812457
1994-01-31,25.00,25.00,24.125,24.125,71000,7.894263
1994-01-28,25.25,25.50,24.625,24.75,50400,8.098777
1994-01-27,25.00,25.25,24.875,25.25,81000,8.262389
1994-01-26,24.625,25.00,24.50,24.875,16900,8.13968
1994-01-25,25.00,25.00,24.75,25.00,14900,8.180583
1994-01-24,25.125,25.375,24.875,25.00,65800,8.180583
1994-01-21,25.125,25.50,25.125,25.375,28000,8.303292
1994-01-20,26.25,26.25,25.25,25.25,69400,8.262389
1994-01-19,25.75,26.25,25.375,26.00,23600,8.507807
1994-01-18,26.50,26.625,25.75,25.75,23600,8.426001
1994-01-17,26.625,26.75,26.375,26.75,19300,8.753224
1994-01-14,26.375,26.625,26.25,26.625,13700,8.712321
1994-01-13,26.125,26.375,26.00,26.125,23700,8.54871
1994-01-12,25.875,26.125,25.50,26.125,92200,8.54871
1994-01-11,26.125,26.125,25.875,26.00,27500,8.507807
1994-01-10,26.00,26.125,25.75,26.125,31200,8.54871
1994-01-07,25.625,26.00,25.375,26.00,11900,8.507807
1994-01-06,26.00,26.25,25.50,25.875,74400,8.466904
1994-01-05,25.50,26.25,25.375,26.00,62100,8.507807
1994-01-04,24.75,25.50,24.75,25.50,35400,8.344195
1994-01-03,24.75,25.75,24.375,24.75,102300,8.098777
1993-12-31,24.75,25.00,24.625,25.00,29900,8.180583
1993-12-30,24.625,24.625,24.125,24.50,95800,8.016972
1993-12-29,24.75,24.75,24.25,24.625,58900,8.057875
1993-12-28,24.75,24.75,24.50,24.75,39200,8.098777
1993-12-27,25.625,25.625,25.00,25.25,127000,8.134772
1993-12-23,25.875,25.875,25.375,25.625,22800,8.255585
1993-12-22,25.50,25.875,25.25,25.875,66400,8.336128
1993-12-21,26.00,26.00,25.125,25.25,33300,8.134772
1993-12-20,26.00,26.25,25.75,26.00,32800,8.376399
1993-12-17,25.75,26.00,25.625,26.00,66900,8.376399
1993-12-16,25.625,25.75,25.625,25.75,121600,8.295857
1993-12-15,26.125,26.125,25.625,25.875,27900,8.336128
1993-12-14,26.125,26.375,26.00,26.00,46100,8.376399
1993-12-13,26.50,26.625,26.25,26.50,31700,8.537483
1993-12-10,26.50,26.625,26.25,26.50,18000,8.537483
1993-12-09,26.375,26.625,26.25,26.625,43100,8.577755
1993-12-08,26.75,27.00,26.50,26.50,49600,8.537483
1993-12-07,26.50,26.625,26.50,26.625,13000,8.577755
1993-12-06,26.625,26.625,26.375,26.50,34600,8.537483
1993-12-03,26.625,26.75,26.25,26.375,55600,8.497212
1993-12-02,26.50,26.625,26.50,26.625,36200,8.577755
1993-12-01,26.375,27.00,26.00,26.75,39000,8.618026
1993-11-30,26.125,26.50,26.125,26.375,31400,8.497212
1993-11-29,26.125,26.50,26.125,26.125,25200,8.41667
1993-11-26,25.50,25.875,25.50,25.875,8600,8.336128
1993-11-24,26.375,26.50,25.75,25.75,24600,8.295857
1993-11-23,25.375,26.625,25.125,26.625,46400,8.577755
1993-11-22,25.75,25.75,24.75,24.75,31800,7.973687
1993-11-19,26.50,26.625,25.50,25.75,76000,8.295857
1993-11-18,26.50,27.00,26.25,26.625,9300,8.577755
1993-11-17,26.25,26.375,26.00,26.25,42600,8.456941
1993-11-16,26.125,26.25,25.75,26.00,29400,8.376399
1993-11-15,27.125,27.125,26.25,26.25,49800,8.456941
1993-11-12,27.25,27.25,27.00,27.125,19100,8.738839
1993-11-11,27.375,27.375,27.00,27.25,45500,8.77911
1993-11-10,27.375,27.50,27.25,27.25,27600,8.77911
1993-11-09,27.125,27.625,27.00,27.50,56600,8.859653
1993-11-08,27.125,27.25,27.00,27.25,15200,8.77911
1993-11-05,26.50,27.625,26.375,27.125,35700,8.738839
1993-11-04,27.50,27.50,26.50,26.50,27400,8.537483
1993-11-03,27.625,27.75,27.25,27.50,12200,8.859653
1993-11-02,27.50,27.75,27.375,27.625,34600,8.899924
1993-11-01,27.25,27.625,27.25,27.625,28300,8.899924
1993-10-29,27.875,28.125,27.00,27.25,57900,8.77911
1993-10-28,28.875,29.00,28.00,28.375,40900,9.141551
1993-10-27,29.25,29.25,28.875,28.875,42700,9.302635
1993-10-26,29.375,29.375,29.125,29.25,29000,9.423449
1993-10-25,29.50,29.50,29.25,29.50,31800,9.503991
1993-10-22,29.25,29.50,29.25,29.25,16800,9.423449
1993-10-21,29.25,29.50,29.125,29.375,17200,9.46372
1993-10-20,28.75,29.50,28.75,29.50,88700,9.503991
1993-10-19,29.25,29.25,28.625,29.00,24500,9.342906
1993-10-18,29.50,29.50,29.125,29.25,49500,9.423449
1993-10-15,29.125,29.375,29.125,29.25,36200,9.423449
1993-10-14,28.50,29.125,28.25,29.125,40100,9.383178
1993-10-13,28.875,28.875,28.625,28.75,20700,9.262364
1993-10-12,29.00,29.25,28.875,29.00,24300,9.342906
1993-10-11,29.25,29.25,28.875,29.00,12500,9.342906
1993-10-08,29.375,29.375,28.875,29.25,19700,9.423449
1993-10-07,29.375,29.50,29.125,29.375,21100,9.46372
1993-10-06,29.25,29.625,29.25,29.625,29100,9.544262
1993-10-05,29.375,29.625,29.125,29.375,70500,9.46372
1993-10-04,29.25,29.50,29.125,29.25,51300,9.423449
1993-10-01,29.875,29.875,29.25,29.50,14600,9.503991
1993-09-30,29.75,29.875,29.625,29.875,68900,9.624804
1993-09-29,29.625,29.625,29.25,29.625,37200,9.544262
1993-09-28,29.75,29.75,29.375,29.50,57900,9.503991
1993-09-27,29.875,29.875,29.375,29.625,23400,9.544262
1993-09-24,29.875,29.875,29.50,29.75,23600,9.584533
1993-09-23,29.625,29.875,29.625,29.75,25100,9.584533
1993-09-22,29.125,29.75,29.125,29.625,26800,9.544262
1993-09-21,29.50,29.75,29.125,29.125,25400,9.383178
1993-09-20,29.25,29.875,29.25,29.75,22300,9.584533
1993-09-17,29.50,30.25,29.50,30.00,51600,9.539429
1993-09-16,29.875,30.00,29.50,29.625,41500,9.420186
1993-09-15,29.50,29.875,29.25,29.875,50100,9.499682
1993-09-14,29.375,30.00,28.875,29.50,67200,9.380439
1993-09-13,28.875,29.50,28.75,29.125,63000,9.261196
1993-09-10,28.00,29.00,28.00,28.75,49100,9.141953
1993-09-09,27.625,28.125,27.625,28.125,58900,8.943215
1993-09-08,27.375,27.625,27.25,27.625,20100,8.784224
1993-09-07,27.375,27.75,27.375,27.50,38700,8.744477
1993-09-03,27.75,27.75,27.25,27.375,15200,8.704729
1993-09-02,27.50,27.75,27.25,27.50,28600,8.744477
1993-09-01,27.50,27.50,27.25,27.50,39900,8.744477
1993-08-31,27.375,27.50,27.125,27.50,53300,8.744477
1993-08-30,27.00,27.375,26.875,27.375,49700,8.704729
1993-08-27,27.00,27.00,26.625,27.00,11100,8.585486
1993-08-26,26.875,27.00,26.875,27.00,19200,8.585486
1993-08-25,27.00,27.125,26.875,26.875,47800,8.545739
1993-08-24,27.125,27.125,26.875,27.00,20700,8.585486
1993-08-23,26.875,27.125,26.875,27.125,23100,8.625234
1993-08-20,27.375,27.375,26.75,27.00,42600,8.585486
1993-08-19,27.25,27.375,27.125,27.125,39200,8.625234
1993-08-18,27.50,27.625,27.375,27.375,39400,8.704729
1993-08-17,27.00,27.875,27.00,27.50,22800,8.744477
1993-08-16,27.00,27.125,27.00,27.00,60300,8.585486
1993-08-13,26.875,27.125,26.625,27.125,23700,8.625234
1993-08-12,27.00,27.25,26.50,26.75,8500,8.505991
1993-08-11,26.375,27.375,26.375,27.00,46100,8.585486
1993-08-10,25.875,26.50,25.50,26.25,127500,8.347001
1993-08-09,26.25,26.875,26.00,26.25,89200,8.347001
1993-08-06,27.25,27.375,26.00,26.375,138700,8.386748
1993-08-05,27.25,27.375,27.00,27.125,11500,8.625234
1993-08-04,27.25,27.50,26.875,27.25,19200,8.664982
1993-08-03,27.00,27.375,27.00,27.25,17200,8.664982
1993-08-02,27.125,27.25,27.00,27.00,15200,8.585486
1993-07-30,27.375,27.50,27.125,27.125,12000,8.625234
1993-07-29,27.25,27.75,26.75,27.375,28400,8.704729
1993-07-28,27.25,27.75,27.00,27.25,21800,8.664982
1993-07-27,27.50,27.625,27.25,27.25,10900,8.664982
1993-07-26,27.625,27.875,27.00,27.50,42000,8.744477
1993-07-23,27.625,27.875,27.375,27.875,21600,8.86372
1993-07-22,27.50,28.00,27.375,27.625,33800,8.784224
1993-07-21,27.50,27.625,27.25,27.375,26200,8.704729
1993-07-20,27.75,27.875,27.50,27.50,44900,8.744477
1993-07-19,27.75,27.875,27.50,27.75,25700,8.823972
1993-07-16,27.75,28.00,27.375,28.00,27700,8.903467
1993-07-15,27.375,27.75,27.25,27.75,34000,8.823972
1993-07-14,27.125,27.625,27.125,27.625,28400,8.784224
1993-07-13,27.25,27.375,27.125,27.125,69200,8.625234
1993-07-12,27.00,27.25,26.75,27.25,31900,8.664982
1993-07-09,26.75,27.00,26.625,27.00,37800,8.585486
1993-07-08,27.125,27.125,26.50,26.50,49600,8.426496
1993-07-07,26.625,27.25,26.625,26.875,21400,8.545739
1993-07-06,26.75,26.75,26.25,26.625,63500,8.466243
1993-07-02,26.625,26.75,26.25,26.50,43000,8.426496
1993-07-01,26.75,26.875,26.25,26.375,22300,8.386748
1993-06-30,26.375,26.75,26.125,26.75,17900,8.505991
1993-06-29,26.50,26.50,26.00,26.375,33800,8.386748
1993-06-28,26.50,26.75,26.25,26.50,48600,8.426496
1993-06-25,26.75,27.00,26.625,26.625,18800,8.466243
1993-06-24,26.50,27.00,26.50,26.625,572400,8.466243
1993-06-23,26.75,26.875,26.50,26.50,68200,8.426496
1993-06-22,26.50,26.875,26.50,26.625,21400,8.466243
1993-06-21,25.875,26.50,25.625,26.50,18600,8.426496
1993-06-18,26.75,26.75,26.375,26.375,29700,8.264325
1993-06-17,26.625,26.625,26.25,26.50,12800,8.303493
1993-06-16,26.875,27.00,26.50,26.50,26800,8.303493
1993-06-15,27.00,27.00,26.625,26.875,12900,8.420995
1993-06-14,27.125,27.50,26.875,26.875,133000,8.420995
1993-06-11,27.00,27.125,26.75,26.75,9300,8.381828
1993-06-10,27.25,27.375,27.00,27.25,58100,8.538497
1993-06-09,27.25,27.50,26.875,27.125,44700,8.49933
1993-06-08,27.25,27.625,26.875,27.125,92300,8.49933
1993-06-07,27.00,27.375,27.00,27.375,55000,8.577665
1993-06-04,27.00,27.00,26.25,26.875,21600,8.420995
1993-06-03,27.00,27.00,26.75,27.00,12400,8.460163
1993-06-02,27.00,27.375,26.75,27.00,33200,8.460163
1993-06-01,27.375,27.375,27.125,27.125,22900,8.49933
1993-05-28,26.375,27.125,26.125,27.125,32500,8.49933
1993-05-27,25.75,26.375,25.625,26.375,26900,8.264325
1993-05-26,25.875,26.00,25.625,25.875,28500,8.107656
1993-05-25,25.00,25.75,24.875,25.75,45300,8.068488
1993-05-24,25.25,25.25,25.00,25.00,194600,7.833484
1993-05-21,25.50,25.50,24.75,24.875,102100,7.794316
1993-05-20,25.50,25.50,25.00,25.25,39800,7.911819
1993-05-19,25.25,25.75,25.125,25.25,39400,7.911819
1993-05-18,25.75,25.75,25.125,25.50,26400,7.990153
1993-05-17,26.125,26.25,25.50,25.625,25300,8.029321
1993-05-14,26.00,26.00,25.50,26.00,41100,8.146823
1993-05-13,26.125,26.125,26.00,26.00,19200,8.146823
1993-05-12,26.625,26.625,26.25,26.375,46000,8.264325
1993-05-11,26.375,26.50,26.00,26.50,39300,8.303493
1993-05-10,26.625,26.875,26.375,26.50,45100,8.303493
1993-05-07,27.00,27.125,26.625,26.75,36200,8.381828
1993-05-06,26.75,27.125,26.75,26.75,17600,8.381828
1993-05-05,27.00,27.125,26.50,26.75,25400,8.381828
1993-05-04,27.125,27.125,26.75,27.00,40700,8.460163
1993-05-03,27.375,27.375,26.625,27.00,12700,8.460163
1993-04-30,27.00,27.375,26.875,27.25,10500,8.538497
1993-04-29,26.25,27.125,26.25,27.125,61900,8.49933
1993-04-28,27.50,27.50,26.25,26.75,34400,8.381828
1993-04-27,28.00,28.00,27.375,27.50,38400,8.616832
1993-04-26,27.875,28.00,27.75,27.875,23000,8.734334
1993-04-23,27.25,28.125,27.25,28.125,33400,8.812669
1993-04-22,28.00,28.00,27.25,27.25,31300,8.538497
1993-04-21,28.25,28.25,27.75,27.75,24300,8.695167
1993-04-20,28.25,28.375,28.00,28.00,29400,8.773502
1993-04-19,28.50,28.50,27.875,28.125,29700,8.812669
1993-04-16,28.50,28.875,28.375,28.50,70800,8.930172
1993-04-15,28.125,28.50,28.00,28.50,62400,8.930172
1993-04-14,28.125,28.125,28.00,28.00,122900,8.773502
1993-04-13,28.00,28.25,28.00,28.125,67100,8.812669
1993-04-12,28.00,28.125,28.00,28.00,100500,8.773502
1993-04-08,27.875,27.875,27.75,27.875,145600,8.734334
1993-04-07,28.00,28.00,27.875,28.00,96000,8.773502
1993-04-06,28.00,28.00,27.875,28.00,969900,8.773502
1993-04-05,28.00,28.00,27.625,28.00,27000,8.773502
1993-04-02,27.75,28.25,27.625,28.00,44400,8.773502
1993-04-01,27.625,27.75,27.50,27.625,30400,8.656
1993-03-31,28.25,28.25,27.625,27.625,29900,8.656
1993-03-30,27.875,28.25,27.875,28.00,29500,8.773502
1993-03-29,28.375,28.375,27.875,27.875,14500,8.734334
1993-03-26,28.625,28.75,28.00,28.00,39200,8.773502
1993-03-25,28.00,28.625,28.00,28.625,41000,8.969339
1993-03-24,28.00,28.00,27.625,27.75,45500,8.695167
1993-03-23,28.25,28.50,27.25,27.50,115400,8.616832
1993-03-22,28.50,28.50,28.25,28.25,41000,8.851837
1993-03-19,28.50,28.625,28.375,28.50,47800,8.930172
1993-03-18,28.125,29.00,28.125,28.625,146900,8.969339
1993-03-17,28.375,28.50,28.25,28.25,68600,8.851837
1993-03-16,28.00,28.50,28.00,28.25,101900,8.851837
1993-03-15,28.00,28.25,27.75,28.00,37000,8.773502
1993-03-12,27.875,27.875,26.875,27.75,97300,8.695167
1993-03-11,28.25,28.50,28.00,28.00,109300,8.773502
1993-03-10,29.00,29.00,27.75,28.25,45100,8.851837
1993-03-09,27.50,28.75,27.50,28.75,170600,9.008506
1993-03-08,27.50,27.875,27.375,27.875,105000,8.613699
1993-03-05,27.25,27.375,27.125,27.125,36700,8.381941
1993-03-04,27.25,27.375,27.00,27.375,61900,8.459194
1993-03-03,27.125,27.375,27.00,27.375,68200,8.459194
1993-03-02,27.50,27.50,27.00,27.125,57400,8.381941
1993-03-01,26.875,27.25,26.875,27.125,88000,8.381941
1993-02-26,26.875,26.875,26.50,26.875,71700,8.304688
1993-02-25,26.50,26.75,26.375,26.625,18900,8.227435
1993-02-24,26.875,26.875,26.375,26.625,46200,8.227435
1993-02-23,26.625,27.00,26.625,26.875,38100,8.304688
1993-02-22,26.375,26.625,26.375,26.625,28300,8.227435
1993-02-19,26.375,26.50,26.125,26.50,26100,8.188808
1993-02-18,26.375,26.625,26.00,26.125,22500,8.072929
1993-02-17,26.50,26.50,26.125,26.375,17100,8.150182
1993-02-16,26.625,26.625,26.375,26.375,40100,8.150182
1993-02-12,26.375,27.00,26.375,26.50,47900,8.188808
1993-02-11,26.125,26.375,26.00,26.125,14500,8.072929
1993-02-10,26.125,26.50,26.125,26.125,25600,8.072929
1993-02-09,26.25,26.25,25.875,26.125,33700,8.072929
1993-02-08,26.25,26.625,26.125,26.125,48600,8.072929
1993-02-05,26.00,26.375,26.00,26.125,31700,8.072929
1993-02-04,25.50,26.25,25.50,26.125,54200,8.072929
1993-02-03,25.875,25.875,25.25,25.375,40100,7.84117
1993-02-02,25.25,25.875,25.25,25.75,50900,7.95705
1993-02-01,24.75,25.125,24.625,25.125,51400,7.763917
1993-01-29,24.375,24.625,24.00,24.625,40100,7.609412
1993-01-28,24.00,24.375,23.875,24.375,74400,7.532159
1993-01-27,24.375,24.50,24.00,24.125,33100,7.454906
1993-01-26,24.625,24.875,24.25,24.625,20100,7.609412
1993-01-25,24.50,24.625,24.25,24.50,40700,7.570785
1993-01-22,25.00,25.125,24.125,24.25,227600,7.493532
1993-01-21,25.50,25.75,25.50,25.75,39000,7.95705
1993-01-20,25.375,25.875,25.25,25.625,43900,7.918423
1993-01-19,25.25,25.375,25.00,25.125,33000,7.763917
1993-01-18,25.00,25.375,25.00,25.25,57200,7.802544
1993-01-15,25.25,25.25,24.875,25.00,63400,7.725291
1993-01-14,25.25,25.50,25.125,25.25,67400,7.802544
1993-01-13,25.125,25.375,25.125,25.25,38800,7.802544
1993-01-12,25.00,25.375,25.00,25.125,58900,7.763917
1993-01-11,24.75,25.125,24.75,25.125,28900,7.763917
1993-01-08,25.125,25.125,24.75,24.75,11600,7.648038
1993-01-07,24.75,24.875,24.625,24.875,43700,7.686664
1993-01-06,24.375,24.875,24.25,24.625,50800,7.609412
1993-01-05,24.875,25.00,24.625,24.625,39800,7.609412
1993-01-04,24.875,25.00,24.625,25.00,12600,7.725291
1992-12-31,24.00,25.125,24.00,25.00,30400,7.725291
1992-12-30,24.625,24.625,24.00,24.25,35600,7.493532
1992-12-29,24.50,25.00,24.50,24.625,28300,7.609412
1992-12-28,24.625,24.625,24.00,24.25,8600,7.493532
1992-12-24,24.875,25.125,24.875,25.00,5700,7.607866
1992-12-23,24.875,24.875,24.625,24.875,46000,7.569827
1992-12-22,24.50,25.25,24.375,25.00,15400,7.607866
1992-12-21,24.25,24.50,24.125,24.375,37600,7.417669
1992-12-18,24.50,24.50,24.00,24.25,33400,7.37963
1992-12-17,24.375,24.50,24.125,24.375,20100,7.417669
1992-12-16,23.875,24.625,23.875,24.25,33600,7.37963
1992-12-15,23.75,23.875,23.50,23.75,39100,7.227473
1992-12-14,23.625,24.00,23.50,23.625,57700,7.189433
1992-12-11,23.75,23.875,23.50,23.50,54300,7.151394
1992-12-10,24.00,24.125,23.625,23.625,14400,7.189433
1992-12-09,23.875,24.00,23.625,23.75,37600,7.227473
1992-12-08,23.25,24.00,23.25,23.75,22300,7.227473
1992-12-07,23.125,23.375,22.875,23.375,29700,7.113355
1992-12-04,23.00,23.50,22.875,23.375,33800,7.113355
1992-12-03,22.875,23.00,22.875,23.00,25200,6.999237
1992-12-02,22.625,23.125,22.625,22.875,38000,6.961197
1992-12-01,22.625,22.875,22.00,22.75,144900,6.923158
1992-11-30,22.875,23.25,22.875,22.875,51900,6.961197
1992-11-27,22.625,22.875,22.625,22.875,12400,6.961197
1992-11-25,22.875,22.875,22.50,22.75,20500,6.923158
1992-11-24,22.50,22.875,22.50,22.75,21900,6.923158
1992-11-23,22.875,22.875,22.625,22.75,25400,6.923158
1992-11-20,22.75,22.875,22.50,22.625,47300,6.885119
1992-11-19,23.00,23.125,22.625,22.625,31500,6.885119
1992-11-18,22.875,23.125,22.875,23.00,66100,6.999237
1992-11-17,22.75,23.00,22.625,22.875,97600,6.961197
1992-11-16,23.00,23.00,22.625,22.625,69300,6.885119
1992-11-13,22.00,23.375,22.00,23.00,247600,6.999237
1992-11-12,23.50,23.75,23.50,23.75,49400,7.227473
1992-11-11,23.375,23.625,23.375,23.625,25200,7.189433
1992-11-10,23.75,24.00,23.625,23.625,77400,7.189433
1992-11-09,24.00,24.125,23.75,23.75,52700,7.227473
1992-11-06,24.25,24.25,24.125,24.125,13600,7.341591
1992-11-05,24.25,24.25,24.00,24.25,19200,7.37963
1992-11-04,24.25,24.375,24.125,24.125,7900,7.341591
1992-11-03,24.25,24.50,24.25,24.25,47500,7.37963
1992-11-02,24.50,24.50,24.25,24.25,16900,7.37963
1992-10-30,24.00,24.50,24.00,24.375,32100,7.417669
1992-10-29,24.00,24.00,23.875,23.875,32000,7.265512
1992-10-28,23.75,24.00,23.75,24.00,26600,7.303551
1992-10-27,23.875,24.00,23.75,23.875,11100,7.265512
1992-10-26,24.00,24.00,23.875,24.00,9700,7.303551
1992-10-23,23.875,24.00,23.75,23.875,13500,7.265512
1992-10-22,23.75,24.00,23.75,23.875,20500,7.265512
1992-10-21,24.00,24.125,23.75,23.875,31700,7.265512
1992-10-20,24.00,24.125,24.00,24.00,18700,7.303551
1992-10-19,24.25,24.25,24.00,24.125,15700,7.341591
1992-10-16,24.25,24.25,23.875,24.00,9100,7.303551
1992-10-15,23.875,24.125,23.75,23.875,15300,7.265512
1992-10-14,24.00,24.375,23.875,24.125,9200,7.341591
1992-10-13,24.25,24.25,23.875,24.125,8800,7.341591
1992-10-12,24.375,24.375,23.875,24.125,15700,7.341591
1992-10-09,24.00,24.375,24.00,24.25,13900,7.37963
1992-10-08,24.00,24.25,24.00,24.125,15400,7.341591
1992-10-07,24.125,24.375,24.00,24.00,15800,7.303551
1992-10-06,24.25,24.25,24.00,24.25,21500,7.37963
1992-10-05,23.875,24.50,23.875,24.25,41500,7.37963
1992-10-02,23.875,24.00,23.75,23.875,15500,7.265512
1992-10-01,24.50,24.50,23.75,23.75,34700,7.227473
1992-09-30,23.875,25.00,23.875,24.75,71700,7.531787
1992-09-29,23.875,24.00,23.625,23.875,15700,7.265512
1992-09-28,23.75,23.75,23.625,23.625,15100,7.189433
1992-09-25,23.75,24.25,23.75,24.00,608100,7.303551
1992-09-24,23.25,23.875,23.25,23.75,32900,7.227473
1992-09-23,22.875,23.25,22.875,23.25,21400,7.075315
1992-09-22,22.875,22.875,22.50,22.75,25700,6.923158
1992-09-21,22.875,22.875,22.50,22.875,14500,6.961197
1992-09-18,23.00,23.375,22.875,23.375,12600,6.997715
1992-09-17,23.25,23.375,22.875,23.125,9000,6.922873
1992-09-16,22.875,23.125,22.75,23.00,30700,6.885452
1992-09-15,23.375,23.375,22.875,23.125,14300,6.922873
1992-09-14,23.25,23.50,23.00,23.375,31400,6.997715
1992-09-11,22.875,23.125,22.875,23.00,46400,6.885452
1992-09-10,23.125,23.125,22.625,22.875,42800,6.848031
1992-09-09,22.625,23.25,22.625,23.25,13100,6.960294
1992-09-08,22.625,22.75,22.50,22.75,18400,6.81061
1992-09-04,22.50,22.75,22.25,22.625,15900,6.773189
1992-09-03,22.50,22.50,22.375,22.50,24300,6.735768
1992-09-02,22.375,22.50,22.25,22.375,7500,6.698348
1992-09-01,22.75,22.75,22.125,22.375,30800,6.698348
1992-08-31,22.50,22.75,22.50,22.625,8900,6.773189
1992-08-28,22.75,22.75,22.00,22.375,29500,6.698348
1992-08-27,22.50,22.625,22.375,22.625,24400,6.773189
1992-08-26,22.625,22.625,22.375,22.50,18900,6.735768
1992-08-25,22.625,22.875,22.50,22.625,20800,6.773189
1992-08-24,22.50,22.625,22.375,22.375,71900,6.698348
1992-08-21,22.75,22.75,22.50,22.625,21600,6.773189
1992-08-20,22.875,22.875,22.625,22.75,19400,6.81061
1992-08-19,22.75,22.875,22.625,22.875,83100,6.848031
1992-08-18,22.625,22.75,22.375,22.75,21600,6.81061
1992-08-17,23.125,23.25,22.875,22.875,14900,6.848031
1992-08-14,22.875,23.125,22.625,23.125,14300,6.922873
1992-08-13,22.875,23.00,22.75,22.75,24000,6.81061
1992-08-12,22.875,22.875,22.625,22.625,16600,6.773189
1992-08-11,23.00,23.125,22.75,22.75,26600,6.81061
1992-08-10,23.00,23.125,22.875,23.125,25700,6.922873
1992-08-07,22.875,22.875,22.75,22.875,15700,6.848031
1992-08-06,23.25,23.25,22.75,22.75,16200,6.81061
1992-08-05,22.75,23.125,22.75,23.00,26600,6.885452
1992-08-04,22.50,22.75,22.50,22.75,25800,6.81061
1992-08-03,22.25,22.75,22.125,22.625,36900,6.773189
1992-07-31,22.125,22.25,22.00,22.25,63700,6.660927
1992-07-30,21.875,22.125,21.875,22.125,36800,6.623506
1992-07-29,22.25,22.25,21.75,21.875,30300,6.548664
1992-07-28,22.375,22.375,22.125,22.25,63400,6.660927
1992-07-27,22.375,22.375,22.25,22.25,8500,6.660927
1992-07-24,22.25,22.50,22.00,22.375,15100,6.698348
1992-07-23,22.25,22.25,22.125,22.25,15000,6.660927
1992-07-22,22.125,22.375,22.00,22.25,21300,6.660927
1992-07-21,22.50,22.50,22.125,22.25,22100,6.660927
1992-07-20,22.375,22.50,22.25,22.50,20000,6.735768
1992-07-17,22.625,22.75,22.375,22.75,12400,6.81061
1992-07-16,22.50,22.625,22.25,22.50,14100,6.735768
1992-07-15,22.50,22.625,22.375,22.50,17000,6.735768
1992-07-14,22.50,22.50,21.75,22.50,38200,6.735768
1992-07-13,22.625,22.625,22.00,22.50,39900,6.735768
1992-07-10,22.625,22.75,22.375,22.50,16400,6.735768
1992-07-09,22.50,22.625,22.375,22.50,79800,6.735768
1992-07-08,22.50,22.75,22.25,22.625,107600,6.773189
1992-07-07,22.125,22.50,22.00,22.25,32300,6.660927
1992-07-06,22.00,22.125,21.875,22.125,32800,6.623506
1992-07-02,21.50,22.25,21.50,22.125,165700,6.623506
1992-07-01,21.50,21.625,21.375,21.50,29600,6.436401
1992-06-30,21.375,21.50,21.25,21.375,44200,6.39898
1992-06-29,21.50,21.50,21.125,21.375,72000,6.39898
1992-06-26,21.375,21.50,21.25,21.50,64600,6.436401
1992-06-25,20.75,21.25,20.75,21.25,56600,6.361559
1992-06-24,21.25,21.375,21.125,21.125,25400,6.324138
1992-06-23,21.25,21.375,20.875,21.125,31000,6.324138
1992-06-22,20.875,21.25,20.75,21.25,51600,6.361559
1992-06-19,21.375,21.50,20.75,21.00,48500,6.286717
1992-06-18,21.625,21.75,21.375,21.625,27100,6.360062
1992-06-17,21.50,21.75,21.375,21.625,117300,6.360062
1992-06-16,20.625,21.50,20.625,21.375,58500,6.286536
1992-06-15,20.875,21.25,20.75,20.75,70400,6.102719
1992-06-12,20.75,20.875,20.75,20.875,38700,6.139482
1992-06-11,20.75,20.875,20.75,20.875,35200,6.139482
1992-06-10,20.875,20.875,20.75,20.875,44300,6.139482
1992-06-09,20.875,20.875,20.75,20.75,39400,6.102719
1992-06-08,20.875,20.875,20.75,20.75,71200,6.102719
1992-06-05,20.75,20.875,20.625,20.875,87200,6.139482
1992-06-04,20.625,20.75,20.50,20.75,108200,6.102719
1992-06-03,20.50,20.625,20.50,20.625,507100,6.065955
1992-06-02,20.875,21.00,20.50,20.50,36400,6.029192
1992-06-01,21.25,21.25,20.75,20.875,20500,6.139482
1992-05-29,20.75,21.125,20.75,21.125,35400,6.213009
1992-05-28,20.75,20.875,20.75,20.75,7000,6.102719
1992-05-27,20.75,20.875,20.75,20.875,2400,6.139482
1992-05-26,21.00,21.00,20.875,21.00,16500,6.176246
1992-05-22,20.875,21.00,20.875,21.00,12600,6.176246
1992-05-21,21.125,21.125,21.00,21.125,13600,6.213009
1992-05-20,21.25,21.25,21.125,21.25,26800,6.249772
1992-05-19,21.25,21.25,21.125,21.125,11500,6.213009
1992-05-18,21.00,21.25,20.875,21.25,40200,6.249772
1992-05-15,21.375,21.375,20.875,21.00,15900,6.176246
1992-05-14,21.125,21.375,21.125,21.375,21500,6.286536
1992-05-13,21.375,21.50,21.125,21.25,28600,6.249772
1992-05-12,21.25,21.50,21.00,21.50,20700,6.323299
1992-05-11,21.125,21.25,20.75,21.25,24300,6.249772
1992-05-08,21.00,21.25,21.00,21.125,4600,6.213009
1992-05-07,20.875,21.125,20.875,20.875,13500,6.139482
1992-05-06,20.875,21.25,20.875,21.125,15300,6.213009
1992-05-05,21.25,21.25,20.875,20.875,8000,6.139482
1992-05-04,20.75,21.25,20.75,21.25,16000,6.249772
1992-05-01,21.25,21.25,20.875,20.875,38900,6.139482
1992-04-30,21.25,21.25,21.125,21.25,9700,6.249772
1992-04-29,21.125,21.25,21.125,21.25,15000,6.249772
1992-04-28,21.125,21.25,21.00,21.25,11100,6.249772
1992-04-27,21.125,21.25,21.00,21.25,7300,6.249772
1992-04-24,21.25,21.25,21.00,21.00,9200,6.176246
1992-04-23,21.25,21.375,20.875,21.125,124000,6.213009
1992-04-22,21.00,21.25,21.00,21.25,9900,6.249772
1992-04-21,21.25,21.25,20.875,20.875,21000,6.139482
1992-04-20,20.875,21.50,20.875,21.125,21300,6.213009
1992-04-16,20.25,20.875,20.00,20.875,25400,6.139482
1992-04-15,20.375,20.375,20.00,20.125,20200,5.918902
1992-04-14,20.75,21.00,20.50,20.50,14600,6.029192
1992-04-13,20.625,20.875,20.25,20.75,7500,6.102719
1992-04-10,21.00,21.00,20.75,20.875,5000,6.139482
1992-04-09,20.875,21.00,20.625,20.75,10500,6.102719
1992-04-08,20.875,20.875,20.00,20.75,17400,6.102719
1992-04-07,21.125,21.375,20.75,20.75,31600,6.102719
1992-04-06,21.25,21.50,21.125,21.125,13900,6.213009
1992-04-03,21.25,21.25,20.75,21.125,10900,6.213009
1992-04-02,21.00,21.375,21.00,21.125,39100,6.213009
1992-04-01,21.25,21.25,21.00,21.125,20900,6.213009
1992-03-31,21.75,21.75,21.25,21.375,13700,6.286536
1992-03-30,21.625,21.75,20.875,21.50,31600,6.323299
1992-03-27,21.375,21.875,21.375,21.875,11100,6.433589
1992-03-26,21.625,21.875,21.50,21.625,3900,6.360062
1992-03-25,21.75,21.875,21.75,21.75,4300,6.396826
1992-03-24,21.75,22.00,21.75,21.875,12900,6.433589
1992-03-23,21.50,21.625,21.25,21.625,4700,6.360062
1992-03-20,22.25,22.25,22.00,22.00,9800,6.358592
1992-03-19,22.125,22.125,22.00,22.125,4700,6.394721
1992-03-18,22.375,22.375,22.00,22.125,15100,6.394721
1992-03-17,22.00,22.375,22.00,22.375,16400,6.466977
1992-03-16,22.125,22.25,21.875,22.125,8400,6.394721
1992-03-13,22.125,22.125,21.75,22.125,16900,6.394721
1992-03-12,22.25,22.25,21.75,21.875,3900,6.322464
1992-03-11,21.875,22.125,21.75,22.125,12200,6.394721
1992-03-10,21.75,22.00,21.75,22.00,7100,6.358592
1992-03-09,21.75,22.00,21.625,21.75,9400,6.286335
1992-03-06,21.625,21.75,21.625,21.75,29800,6.286335
1992-03-05,21.625,22.00,21.625,21.875,16200,6.322464
1992-03-04,21.50,21.875,21.50,21.875,31200,6.322464
1992-03-03,21.50,21.75,21.375,21.375,5900,6.17795
1992-03-02,21.25,21.875,21.25,21.625,31600,6.250207
1992-02-28,21.375,21.375,21.00,21.00,2200,6.069565
1992-02-27,21.125,21.375,21.125,21.375,36400,6.17795
1992-02-26,21.125,21.25,20.50,21.25,15400,6.141822
1992-02-25,21.50,21.75,21.00,21.00,20500,6.069565
1992-02-24,21.625,21.625,21.50,21.625,1700,6.250207
1992-02-21,21.50,21.625,21.50,21.625,8200,6.250207
1992-02-20,22.25,22.25,21.50,21.50,10500,6.214079
1992-02-19,21.625,22.125,21.25,22.125,40600,6.394721
1992-02-18,21.50,21.625,21.50,21.50,9100,6.214079
1992-02-14,21.25,21.375,20.75,21.25,13800,6.141822
1992-02-13,22.125,22.125,20.875,21.125,46800,6.105694
1992-02-12,22.00,22.125,22.00,22.00,14500,6.358592
1992-02-11,21.875,22.25,21.75,22.00,58000,6.358592
1992-02-10,22.25,22.25,21.875,22.125,29800,6.394721
1992-02-07,22.125,22.25,22.00,22.125,40000,6.394721
1992-02-06,22.125,22.125,21.875,22.00,17400,6.358592
1992-02-05,21.875,22.50,21.75,22.00,82300,6.358592
1992-02-04,20.875,21.75,20.75,21.625,88600,6.250207
1992-02-03,20.875,20.875,20.625,20.75,18000,5.997309
1992-01-31,20.75,20.875,20.625,20.75,25000,5.997309
1992-01-30,20.50,20.875,20.375,20.75,30000,5.997309
1992-01-29,20.375,20.75,20.25,20.75,30700,5.997309
1992-01-28,20.00,20.375,20.00,20.375,21800,5.888923
1992-01-27,20.00,20.25,19.875,20.25,30300,5.852795
1992-01-24,20.50,20.625,20.00,20.00,27300,5.780538
1992-01-23,20.375,20.50,20.25,20.50,16700,5.925052
1992-01-22,20.00,20.375,20.00,20.375,11600,5.888923
1992-01-21,20.75,20.875,19.875,20.00,26900,5.780538
1992-01-20,20.875,20.875,20.50,20.75,13100,5.997309
1992-01-17,20.875,20.875,20.375,20.75,55600,5.997309
1992-01-16,20.75,20.875,20.625,20.875,59100,6.033437
1992-01-15,20.75,20.75,20.50,20.75,21100,5.997309
1992-01-14,20.25,20.875,20.125,20.875,50900,6.033437
1992-01-13,20.50,20.50,20.125,20.375,34600,5.888923
1992-01-10,20.25,20.50,20.125,20.50,23400,5.925052
1992-01-09,19.50,20.50,19.50,20.25,64400,5.852795
1992-01-08,19.50,19.75,19.25,19.625,16500,5.672153
1992-01-07,19.50,19.625,19.25,19.50,27000,5.636025
1992-01-06,19.125,19.75,19.125,19.375,46000,5.599896
1992-01-03,19.00,19.125,18.75,19.125,22100,5.52764
1992-01-02,19.00,19.25,18.75,18.875,39900,5.455383
1991-12-31,18.50,19.125,18.375,18.875,110700,5.455383
1991-12-30,18.25,18.50,18.25,18.50,44000,5.346998
1991-12-27,18.375,18.50,18.25,18.375,8400,5.31087
1991-12-26,18.25,18.375,18.25,18.375,11500,5.31087
1991-12-24,18.375,18.50,18.375,18.375,13300,5.31087
1991-12-23,18.00,18.50,18.00,18.375,37100,5.31087
1991-12-20,17.875,17.875,17.625,17.75,118400,5.130228
1991-12-19,17.625,17.625,17.50,17.625,28200,5.094099
1991-12-18,17.625,17.75,17.50,17.625,30900,5.094099
1991-12-17,17.875,17.875,17.625,17.75,32100,5.130228
1991-12-16,17.875,17.875,17.75,17.875,125100,5.166356
1991-12-13,18.00,18.00,17.75,17.875,20200,5.166356
1991-12-12,17.75,18.00,17.75,17.75,35100,5.130228
1991-12-11,17.75,17.875,17.75,17.875,109300,5.166356
1991-12-10,17.875,18.125,17.875,17.875,106700,5.166356
1991-12-09,17.75,17.875,17.75,17.75,26000,5.130228
1991-12-06,17.50,17.875,17.50,17.75,85100,5.130228
1991-12-05,17.50,17.625,17.50,17.625,15100,5.094099
1991-12-04,17.50,17.75,17.25,17.50,115400,5.057971
1991-12-03,17.875,17.875,17.50,17.50,96800,5.057971
1991-12-02,17.625,17.75,17.50,17.75,52000,5.130228
1991-11-29,17.75,17.75,17.50,17.50,23800,5.057971
1991-11-27,17.75,17.75,17.50,17.625,1106100,5.094099
1991-11-26,18.125,18.125,17.375,18.00,100300,5.202484
1991-11-25,18.25,18.375,18.125,18.375,14300,5.201039
1991-11-22,18.75,18.75,18.375,18.50,34700,5.236421
1991-11-21,18.625,18.875,18.625,18.625,29800,5.271802
1991-11-20,18.00,18.50,18.00,18.50,7100,5.236421
1991-11-19,18.00,18.125,17.75,18.125,8400,5.130277
1991-11-18,18.125,18.25,18.00,18.00,13700,5.094896
1991-11-15,18.625,18.75,18.25,18.25,11900,5.165658
1991-11-14,18.75,19.00,18.625,18.625,26000,5.271802
1991-11-13,18.75,18.875,18.75,18.75,3700,5.307183
1991-11-12,18.875,19.00,18.875,19.00,11200,5.377945
1991-11-11,19.00,19.00,18.875,19.00,5800,5.377945
1991-11-08,18.875,19.125,18.875,18.875,10800,5.342564
1991-11-07,18.75,19.00,18.75,18.875,34700,5.342564
1991-11-06,18.875,18.875,18.75,18.75,5800,5.307183
1991-11-05,19.00,19.00,18.875,18.875,36600,5.342564
1991-11-04,19.125,19.125,18.875,18.875,2900,5.342564
1991-11-01,19.00,19.125,19.00,19.00,14600,5.377945
1991-10-31,19.25,19.375,18.625,19.00,50800,5.377945
1991-10-30,19.50,19.625,19.25,19.50,27700,5.51947
1991-10-29,19.50,19.625,19.25,19.625,8700,5.554852
1991-10-28,19.625,19.625,19.375,19.50,5500,5.51947
1991-10-25,19.75,19.75,19.50,19.50,2700,5.51947
1991-10-24,19.50,19.875,19.50,19.875,3500,5.625614
1991-10-23,19.75,19.75,19.50,19.75,2300,5.590233
1991-10-22,19.75,19.75,19.25,19.50,8700,5.51947
1991-10-21,19.875,19.875,19.625,19.625,2000,5.554852
1991-10-18,20.00,20.00,19.75,19.75,10700,5.590233
1991-10-17,19.625,20.00,19.625,20.00,13800,5.660995
1991-10-16,19.25,19.625,19.125,19.625,34200,5.554852
1991-10-15,19.25,19.375,19.00,19.00,19900,5.377945
1991-10-14,19.25,19.375,19.00,19.125,4900,5.413327
1991-10-11,19.00,19.25,19.00,19.125,5900,5.413327
1991-10-10,19.125,19.125,18.625,18.875,7500,5.342564
1991-10-09,19.25,19.25,18.875,19.00,6100,5.377945
1991-10-08,19.25,19.25,19.125,19.25,7600,5.448708
1991-10-07,19.375,19.375,19.25,19.375,9100,5.484089
1991-10-04,19.50,19.50,19.25,19.25,5600,5.448708
1991-10-03,19.50,19.50,19.25,19.375,1500,5.484089
1991-10-02,19.50,19.50,19.375,19.50,4200,5.51947
1991-10-01,19.375,19.50,19.375,19.50,11400,5.51947
1991-09-30,19.25,19.50,19.25,19.50,8500,5.51947
1991-09-27,19.25,19.375,19.25,19.375,6500,5.484089
1991-09-26,19.25,19.375,19.125,19.25,4500,5.448708
1991-09-25,19.50,19.50,19.125,19.375,11100,5.484089
1991-09-24,19.50,19.50,19.375,19.50,2300,5.51947
1991-09-23,19.375,19.50,19.375,19.50,6600,5.51947
1991-09-20,19.75,19.75,19.25,19.375,6600,5.484089
1991-09-19,19.50,19.75,19.50,19.75,6100,5.590233
1991-09-18,19.75,19.75,19.50,19.75,6500,5.482674
1991-09-17,19.75,19.75,19.50,19.75,7600,5.482674
1991-09-16,19.375,19.75,19.125,19.75,10000,5.482674
1991-09-13,19.375,19.375,19.125,19.25,3200,5.343872
1991-09-12,19.375,19.50,19.125,19.25,7700,5.343872
1991-09-11,19.25,19.50,19.125,19.25,10400,5.343872
1991-09-10,19.375,19.375,19.125,19.25,6300,5.343872
1991-09-09,19.25,19.375,19.25,19.375,4700,5.378573
1991-09-06,19.50,19.50,19.25,19.50,10100,5.413273
1991-09-05,19.625,19.75,19.375,19.50,17200,5.413273
1991-09-04,19.375,19.75,19.25,19.75,14900,5.482674
1991-09-03,19.375,19.375,19.25,19.375,600,5.378573
1991-08-30,19.125,19.375,19.00,19.25,16900,5.343872
1991-08-29,19.25,19.25,19.00,19.125,3000,5.309172
1991-08-28,19.00,19.125,19.00,19.00,1000,5.274471
1991-08-27,19.00,19.125,19.00,19.00,8300,5.274471
1991-08-26,18.875,19.125,18.875,19.125,2000,5.309172
1991-08-23,18.875,19.125,18.875,18.875,4600,5.239771
1991-08-22,18.875,18.875,18.875,18.875,2400,5.239771
1991-08-21,18.50,19.125,18.50,18.875,5900,5.239771
1991-08-20,18.625,18.75,18.375,18.50,4300,5.135669
1991-08-19,18.50,18.625,18.125,18.50,13100,5.135669
1991-08-16,19.00,19.00,18.75,18.75,3200,5.20507
1991-08-15,18.875,19.25,18.875,18.875,11000,5.239771
1991-08-14,18.875,18.875,18.625,18.75,12800,5.20507
1991-08-13,18.875,19.00,18.75,18.75,7700,5.20507
1991-08-12,19.00,19.00,18.875,19.00,8900,5.274471
1991-08-09,19.25,19.25,19.00,19.00,16600,5.274471
1991-08-08,19.00,19.25,19.00,19.25,2500,5.343872
1991-08-07,19.25,19.25,18.875,18.875,5300,5.239771
1991-08-06,19.375,19.375,19.25,19.375,1500,5.378573
1991-08-05,19.625,19.625,19.50,19.50,800,5.413273
1991-08-02,19.75,19.75,19.625,19.75,1500,5.482674
1991-08-01,20.00,20.00,19.75,19.75,13200,5.482674
1991-07-31,19.75,20.25,19.75,20.00,23700,5.552075
1991-07-30,19.875,19.875,19.875,19.875,8100,5.517374
1991-07-29,19.875,20.00,19.75,20.00,16800,5.552075
1991-07-26,19.75,19.75,19.625,19.75,6300,5.482674
1991-07-25,19.50,19.75,19.50,19.75,10300,5.482674
1991-07-24,19.375,19.625,19.25,19.25,7100,5.343872
1991-07-23,19.375,19.50,19.25,19.50,9400,5.413273
1991-07-22,19.75,19.75,19.375,19.375,3800,5.378573
1991-07-19,19.125,19.75,19.00,19.75,29700,5.482674
1991-07-18,19.25,19.25,19.25,19.25,1600,5.343872
1991-07-17,19.25,19.25,19.125,19.25,7100,5.343872
1991-07-16,19.375,19.375,19.25,19.25,10000,5.343872
1991-07-15,19.25,19.375,19.00,19.25,16600,5.343872
1991-07-12,19.125,19.25,19.125,19.125,10200,5.309172
1991-07-11,19.00,19.00,18.875,18.875,4100,5.239771
1991-07-10,19.00,19.125,19.00,19.125,1000,5.309172
1991-07-09,19.25,19.375,19.125,19.125,16400,5.309172
1991-07-08,18.875,19.125,18.875,19.00,3800,5.274471
1991-07-05,18.875,18.875,18.875,18.875,2800,5.239771
1991-07-03,18.875,19.00,18.75,18.875,4900,5.239771
1991-07-02,19.00,19.00,18.875,18.875,4000,5.239771
1991-07-01,18.875,19.00,18.875,18.875,6700,5.239771
1991-06-28,19.125,19.125,18.875,18.875,5700,5.239771
1991-06-27,19.00,19.125,18.875,19.00,3400,5.274471
1991-06-26,19.125,19.125,18.875,18.875,7800,5.239771
1991-06-25,18.50,19.00,18.50,19.00,40200,5.274471
1991-06-24,19.00,19.125,18.75,18.875,121600,5.137057
1991-06-21,19.25,19.375,18.875,19.00,14300,5.171077
1991-06-20,19.50,19.50,19.375,19.375,4900,5.273138
1991-06-19,19.25,19.50,19.25,19.50,8300,5.307158
1991-06-18,19.50,19.50,19.125,19.375,7200,5.273138
1991-06-17,19.25,19.875,19.25,19.75,12100,5.375199
1991-06-14,19.50,19.50,19.375,19.375,2900,5.273138
1991-06-13,19.50,19.625,19.50,19.625,2000,5.341178
1991-06-12,19.75,19.75,19.50,19.625,8400,5.341178
1991-06-11,19.75,19.75,19.625,19.625,41700,5.341178
1991-06-10,19.625,19.75,19.50,19.625,4700,5.341178
1991-06-07,19.75,19.875,19.625,19.625,7800,5.341178
1991-06-06,20.25,20.25,19.75,19.875,8000,5.409219
1991-06-05,20.25,20.25,20.00,20.25,2600,5.51128
1991-06-04,20.25,20.25,20.00,20.25,6900,5.51128
1991-06-03,19.625,21.00,19.625,20.50,32600,5.57932
1991-05-31,19.25,19.75,19.25,19.75,23400,5.375199
1991-05-30,19.00,19.25,19.00,19.25,36600,5.239118
1991-05-29,19.00,19.25,19.00,19.125,29000,5.205097
1991-05-28,19.00,19.125,18.875,18.875,51200,5.137057
1991-05-24,18.625,18.875,18.625,18.875,5100,5.137057
1991-05-23,18.50,19.00,18.50,18.625,15200,5.069017
1991-05-22,18.625,18.625,18.50,18.625,21300,5.069017
1991-05-21,18.75,18.875,18.50,18.625,36600,5.069017
1991-05-20,18.625,18.875,18.625,18.75,22100,5.103037
1991-05-17,18.75,18.75,18.625,18.625,900,5.069017
1991-05-16,18.625,18.875,18.625,18.75,13000,5.103037
1991-05-15,18.75,18.875,18.50,18.75,8700,5.103037
1991-05-14,18.875,18.875,18.75,18.75,6500,5.103037
1991-05-13,19.00,19.00,18.75,18.75,8600,5.103037
1991-05-10,18.875,19.00,18.875,18.875,6200,5.137057
1991-05-09,18.875,19.125,18.875,18.875,6200,5.137057
1991-05-08,19.125,19.125,18.50,18.75,236600,5.103037
1991-05-07,19.00,19.25,19.00,19.25,3700,5.239118
1991-05-06,18.75,19.00,18.75,19.00,10000,5.171077
1991-05-03,18.875,19.00,18.75,18.875,10400,5.137057
1991-05-02,18.875,18.875,18.75,18.875,6700,5.137057
1991-05-01,19.00,19.00,18.75,18.75,5500,5.103037
1991-04-30,19.125,19.125,18.75,19.00,6400,5.171077
1991-04-29,19.125,19.25,19.125,19.125,4000,5.205097
1991-04-26,19.00,19.125,18.875,18.875,6200,5.137057
1991-04-25,18.75,19.25,18.75,19.125,9300,5.205097
1991-04-24,19.125,19.125,18.75,18.875,4300,5.137057
1991-04-23,19.375,19.625,19.125,19.125,7000,5.205097
1991-04-22,20.00,20.00,19.50,19.50,3100,5.307158
1991-04-19,19.75,20.125,19.75,20.125,10300,5.477259
1991-04-18,19.75,20.00,19.625,19.625,15100,5.341178
1991-04-17,19.375,19.50,19.00,19.50,19800,5.307158
1991-04-16,19.25,19.25,19.125,19.25,15800,5.239118
1991-04-15,18.75,19.125,18.75,19.00,21700,5.171077
1991-04-12,18.875,19.00,18.875,18.875,10600,5.137057
1991-04-11,19.00,19.125,18.875,19.00,7600,5.171077
1991-04-10,19.00,19.125,19.00,19.125,8600,5.205097
1991-04-09,18.875,19.00,18.875,18.875,6900,5.137057
1991-04-08,18.75,19.00,18.75,19.00,20100,5.171077
1991-04-05,18.875,18.875,18.625,18.875,7800,5.137057
1991-04-04,19.25,19.25,18.75,18.875,12500,5.137057
1991-04-03,19.375,19.50,19.00,19.125,13800,5.205097
1991-04-02,18.75,19.25,18.75,19.25,13600,5.239118
1991-04-01,18.25,19.00,18.25,18.75,17200,5.103037
1991-03-28,18.125,18.25,18.00,18.125,14000,4.932936
1991-03-27,17.75,18.00,17.75,18.00,11300,4.898915
1991-03-26,17.75,17.875,17.625,17.875,26100,4.864895
1991-03-25,17.625,18.125,17.50,17.75,18400,4.830875
1991-03-22,17.75,17.875,17.625,17.625,11100,4.696155
1991-03-21,17.375,17.75,17.375,17.75,14300,4.729461
1991-03-20,17.375,17.50,17.25,17.375,5500,4.629543
1991-03-19,17.25,17.375,17.125,17.375,8400,4.629543
1991-03-18,17.00,17.50,17.00,17.25,25800,4.596237
1991-03-15,17.00,17.125,16.875,17.00,34900,4.529624
1991-03-14,17.00,17.00,16.875,17.00,25000,4.529624
1991-03-13,16.625,17.00,16.625,17.00,28200,4.529624
1991-03-12,16.75,16.875,16.375,16.375,38000,4.363094
1991-03-11,16.625,16.75,16.50,16.625,15100,4.429706
1991-03-08,16.375,16.625,16.375,16.625,45500,4.429706
1991-03-07,16.375,16.50,16.375,16.375,24100,4.363094
1991-03-06,16.375,16.50,16.25,16.375,33100,4.363094
1991-03-05,16.375,16.625,16.375,16.375,35000,4.363094
1991-03-04,16.375,16.50,16.125,16.50,103800,4.3964
1991-03-01,16.375,16.625,16.375,16.375,27600,4.363094
1991-02-28,16.00,16.375,16.00,16.375,22100,4.363094
1991-02-27,15.50,16.00,15.375,15.875,36400,4.22987
1991-02-26,15.25,15.25,15.00,15.25,24800,4.06334
1991-02-25,15.50,15.625,15.25,15.25,16500,4.06334
1991-02-22,15.125,15.625,15.125,15.375,25200,4.096646
1991-02-21,15.50,15.50,14.875,15.125,34400,4.030034
1991-02-20,15.75,15.75,15.25,15.25,25800,4.06334
1991-02-19,16.25,16.25,15.50,15.50,16000,4.129952
1991-02-15,15.75,16.00,15.625,16.00,43300,4.263176
1991-02-14,16.50,16.625,15.75,15.875,21600,4.22987
1991-02-13,17.00,17.00,16.25,16.50,66300,4.3964
1991-02-12,15.625,17.00,15.625,17.00,32500,4.529624
1991-02-11,15.875,15.875,15.125,15.50,35500,4.129952
1991-02-08,16.00,16.00,15.75,15.75,7400,4.196564
1991-02-07,16.125,16.50,16.00,16.125,51200,4.296482
1991-02-06,16.625,16.625,16.125,16.125,21900,4.296482
1991-02-05,16.50,16.75,16.375,16.625,25400,4.429706
1991-02-04,16.625,16.75,16.625,16.75,7300,4.463012
1991-02-01,17.25,17.25,16.75,16.75,16000,4.463012
1991-01-31,17.25,17.375,16.75,17.25,26600,4.596237
1991-01-30,17.25,17.375,17.00,17.00,33700,4.529624
1991-01-29,16.375,17.50,16.375,17.125,26000,4.562931
1991-01-28,15.00,16.25,15.00,16.25,20300,4.329788
1991-01-25,15.25,15.25,15.125,15.25,57300,4.06334
1991-01-24,14.875,15.25,14.875,15.25,105700,4.06334
1991-01-23,15.00,15.00,14.75,14.875,7300,3.963421
1991-01-22,15.00,15.00,14.875,15.00,1400,3.996727
1991-01-21,14.625,14.875,14.50,14.875,7700,3.963421
1991-01-18,14.625,15.125,14.625,14.875,28200,3.963421
1991-01-17,14.75,15.125,14.75,14.75,25200,3.930115
1991-01-16,14.625,14.625,14.50,14.50,30600,3.863503
1991-01-15,13.875,14.375,13.875,14.375,11700,3.830197
1991-01-14,13.875,13.875,13.75,13.875,1100,3.696973
1991-01-11,13.75,13.875,13.625,13.75,25700,3.663667
1991-01-10,14.125,14.125,13.75,13.75,19100,3.663667
1991-01-09,13.875,14.125,13.875,14.00,88500,3.730279
1991-01-08,14.00,14.00,13.875,14.00,6600,3.730279
1991-01-07,14.125,14.25,14.00,14.00,20200,3.730279
1991-01-04,14.375,14.375,14.125,14.25,6800,3.796891
1991-01-03,14.125,14.375,14.125,14.375,5700,3.830197
1991-01-02,14.375,14.625,14.25,14.25,8500,3.796891
1990-12-31,14.125,14.375,13.75,14.375,20400,3.830197
1990-12-28,14.75,14.75,14.25,14.375,17000,3.830197
1990-12-27,15.00,15.125,14.75,14.875,10700,3.963421
1990-12-26,14.875,15.125,14.875,15.125,5700,4.030034
1990-12-24,15.25,15.375,15.125,15.25,7700,3.964754
1990-12-21,15.50,15.75,15.375,15.375,13000,3.997252
1990-12-20,16.25,16.25,15.25,15.625,27500,4.062247
1990-12-19,15.50,16.25,15.50,16.00,20000,4.159741
1990-12-18,15.375,15.625,15.25,15.50,10900,4.029749
1990-12-17,15.50,15.625,15.25,15.50,19800,4.029749
1990-12-14,15.75,15.75,15.25,15.50,25400,4.029749
1990-12-13,16.125,16.375,15.875,15.875,9600,4.127243
1990-12-12,16.00,16.25,16.00,16.125,13200,4.192239
1990-12-11,16.25,16.375,16.00,16.00,20900,4.159741
1990-12-10,16.25,16.375,16.125,16.125,43000,4.192239
1990-12-07,16.25,16.625,16.25,16.375,25600,4.257235
1990-12-06,16.25,16.375,16.00,16.375,17100,4.257235
1990-12-05,16.25,16.50,16.25,16.375,9400,4.257235
1990-12-04,16.50,16.75,16.25,16.25,22300,4.224737
1990-12-03,15.75,17.50,15.75,16.75,28000,4.354729
1990-11-30,15.25,15.50,15.125,15.50,9800,4.029749
1990-11-29,15.00,15.375,15.00,15.25,17000,3.964754
1990-11-28,15.00,15.25,14.875,15.00,14600,3.899758
1990-11-27,14.875,15.00,14.75,15.00,14800,3.899758
1990-11-26,14.875,14.875,14.625,14.75,18700,3.834762
1990-11-23,14.75,14.75,14.50,14.625,4600,3.802264
1990-11-21,14.75,14.75,14.25,14.75,14600,3.834762
1990-11-20,14.875,15.00,14.50,14.75,18300,3.834762
1990-11-19,14.875,15.00,14.875,15.00,13000,3.899758
1990-11-16,14.75,15.00,14.75,14.875,9600,3.86726
1990-11-15,15.00,15.00,14.75,15.00,13100,3.899758
1990-11-14,14.75,15.00,14.75,15.00,14700,3.899758
1990-11-13,14.625,15.00,14.50,14.875,11800,3.86726
1990-11-12,13.125,14.75,13.125,14.75,25100,3.834762
1990-11-09,12.625,13.25,12.625,13.125,9200,3.412288
1990-11-08,12.75,12.75,12.75,12.75,6400,3.314794
1990-11-07,12.75,12.75,12.625,12.625,4900,3.282296
1990-11-06,12.875,12.875,12.625,12.625,9000,3.282296
1990-11-05,12.625,13.00,12.625,12.75,16900,3.314794
1990-11-02,12.875,12.875,12.50,12.50,34900,3.249798
1990-11-01,13.00,13.125,12.75,12.875,6200,3.347292
1990-10-31,13.125,13.125,13.00,13.00,30700,3.37979
1990-10-30,13.75,13.75,13.125,13.25,17400,3.444786
1990-10-29,13.625,14.125,13.625,13.75,25700,3.574778
1990-10-26,13.25,13.75,13.125,13.75,14100,3.574778
1990-10-25,12.75,13.25,12.75,13.25,21300,3.444786
1990-10-24,13.25,13.25,12.75,12.75,30800,3.314794
1990-10-23,13.125,13.25,13.125,13.125,8600,3.412288
1990-10-22,13.625,13.75,13.125,13.125,127800,3.412288
1990-10-19,13.75,13.75,13.50,13.50,37000,3.509782
1990-10-18,13.75,13.875,13.625,13.75,36800,3.574778
1990-10-17,13.625,13.625,13.50,13.625,14200,3.54228
1990-10-16,13.75,13.75,13.50,13.625,25900,3.54228
1990-10-15,13.625,13.75,13.375,13.625,49200,3.54228
1990-10-12,13.75,13.75,13.50,13.625,32600,3.54228
1990-10-11,13.875,13.875,13.50,13.625,19000,3.54228
1990-10-10,14.125,14.125,13.75,13.75,44400,3.574778
1990-10-09,14.25,14.375,14.00,14.125,15400,3.672272
1990-10-08,14.50,14.50,14.25,14.375,14200,3.737268
1990-10-05,14.625,14.75,14.375,14.375,23200,3.737268
1990-10-04,14.75,14.75,14.625,14.625,14800,3.802264
1990-10-03,15.00,15.00,14.875,15.00,34400,3.899758
1990-10-02,15.125,15.125,15.00,15.00,13400,3.899758
1990-10-01,14.75,15.00,14.625,14.875,22200,3.86726
1990-09-28,14.50,14.625,14.375,14.625,25000,3.802264
1990-09-27,15.125,15.125,14.375,14.50,69300,3.769766
1990-09-26,15.75,15.75,14.75,14.875,19300,3.86726
1990-09-25,16.25,16.25,15.75,15.875,63800,4.127243
1990-09-24,17.50,17.50,16.50,16.50,28800,4.289733
1990-09-21,17.625,17.625,17.375,17.375,19600,4.517219
1990-09-20,17.625,17.75,17.50,17.50,4500,4.549717
1990-09-19,17.50,17.75,17.375,17.75,25000,4.614713
1990-09-18,18.125,18.125,17.75,17.75,1700,4.518519
1990-09-17,18.00,19.00,18.00,18.00,12300,4.58216
1990-09-14,17.75,18.125,17.75,18.00,8000,4.58216
1990-09-13,17.875,18.00,17.75,17.75,4600,4.518519
1990-09-12,18.00,18.00,17.875,17.875,6100,4.55034
1990-09-11,18.00,18.25,17.875,18.00,6000,4.58216
1990-09-10,18.00,18.25,18.00,18.00,3600,4.58216
1990-09-07,17.75,18.00,17.75,17.875,5900,4.55034
1990-09-06,18.00,18.00,17.875,17.875,6200,4.55034
1990-09-05,17.875,18.25,17.75,18.00,10500,4.58216
1990-09-04,17.75,17.875,17.75,17.75,1700,4.518519
1990-08-31,17.75,17.875,17.75,17.75,600,4.518519
1990-08-30,17.75,17.875,17.75,17.875,1700,4.55034
1990-08-29,17.75,17.875,17.75,17.75,3500,4.518519
1990-08-28,17.625,17.875,17.625,17.875,2800,4.55034
1990-08-27,17.50,17.75,17.50,17.625,9700,4.486699
1990-08-24,17.50,17.75,17.375,17.50,15200,4.454878
1990-08-23,17.50,17.625,17.50,17.50,7100,4.454878
1990-08-22,18.00,18.00,17.625,17.75,16800,4.518519
1990-08-21,17.625,17.875,17.625,17.75,9900,4.518519
1990-08-20,18.25,18.375,17.625,17.75,11700,4.518519
1990-08-17,18.50,18.50,18.375,18.375,9000,4.677622
1990-08-16,18.625,18.625,18.50,18.50,7700,4.709443
1990-08-15,18.625,18.75,18.625,18.625,4200,4.741263
1990-08-14,18.75,18.75,18.50,18.625,47000,4.741263
1990-08-13,19.00,19.00,18.75,18.75,15900,4.773084
1990-08-10,19.25,19.625,19.00,19.125,12600,4.868545
1990-08-09,19.25,19.375,19.125,19.25,5100,4.900366
1990-08-08,19.00,19.25,18.875,19.25,23700,4.900366
1990-08-07,18.75,19.25,18.75,19.00,45000,4.836725
1990-08-06,19.00,19.00,18.25,18.875,15500,4.804904
1990-08-03,19.50,19.50,18.75,19.00,18700,4.836725
1990-08-02,19.875,19.875,19.375,19.625,13900,4.995828
1990-08-01,20.125,20.125,20.00,20.00,18100,5.091289
1990-07-31,20.375,20.50,20.125,20.125,20200,5.12311
1990-07-30,20.125,20.375,20.125,20.375,10500,5.186751
1990-07-27,20.25,20.375,20.25,20.25,10200,5.15493
1990-07-26,20.25,20.50,20.25,20.25,5300,5.15493
1990-07-25,20.50,20.625,20.25,20.375,15100,5.186751
1990-07-24,20.125,20.375,20.125,20.375,10100,5.186751
1990-07-23,20.625,20.75,20.125,20.125,9100,5.12311
1990-07-20,20.50,20.875,20.50,20.875,8600,5.314033
1990-07-19,21.00,21.00,20.50,20.50,6400,5.218572
1990-07-18,20.875,20.875,20.75,20.75,33700,5.282213
1990-07-17,21.00,21.00,20.75,21.00,22100,5.345854
1990-07-16,20.75,20.75,20.625,20.75,10900,5.282213
1990-07-13,20.75,20.75,20.50,20.625,12600,5.250392
1990-07-12,20.75,20.875,20.625,20.875,14100,5.314033
1990-07-11,20.875,20.875,20.75,20.75,17800,5.282213
1990-07-10,20.625,20.875,20.625,20.875,8300,5.314033
1990-07-09,20.75,20.875,20.625,20.625,7800,5.250392
1990-07-06,20.75,20.875,20.625,20.75,11200,5.282213
1990-07-05,20.375,20.75,20.375,20.625,17800,5.250392
1990-07-03,20.375,20.375,20.25,20.25,6600,5.15493
1990-07-02,20.375,20.375,20.25,20.375,7900,5.186751
1990-06-29,20.25,20.375,20.25,20.375,4900,5.186751
1990-06-28,20.50,20.50,20.25,20.25,6900,5.15493
1990-06-27,20.125,20.625,20.125,20.50,3000,5.218572
1990-06-26,20.125,20.125,20.00,20.125,9300,5.12311
1990-06-25,20.125,20.25,20.125,20.125,3300,5.12311
1990-06-22,20.125,20.25,20.125,20.125,4400,5.12311
1990-06-21,20.375,20.375,20.125,20.125,3300,5.12311
1990-06-20,20.375,20.50,20.125,20.375,8100,5.186751
1990-06-19,20.75,20.75,20.375,20.50,6600,5.218572
1990-06-18,20.875,21.00,20.75,21.00,8500,5.256756
1990-06-15,20.625,20.75,20.625,20.75,7100,5.194176
1990-06-14,20.625,20.75,20.625,20.75,11700,5.194176
1990-06-13,20.625,20.75,20.625,20.625,4500,5.162885
1990-06-12,20.625,20.875,20.625,20.75,5000,5.194176
1990-06-11,21.125,21.125,20.625,20.625,7500,5.162885
1990-06-08,21.25,21.25,21.125,21.125,4100,5.288046
1990-06-07,21.00,21.25,21.00,21.25,13200,5.319336
1990-06-06,21.125,21.25,21.00,21.25,4100,5.319336
1990-06-05,21.25,21.25,21.00,21.125,5200,5.288046
1990-06-04,20.875,21.25,20.75,21.125,11400,5.288046
1990-06-01,20.75,21.00,20.625,21.00,19300,5.256756
1990-05-31,20.50,20.50,20.25,20.25,9200,5.069015
1990-05-30,20.25,20.375,20.125,20.25,12100,5.069015
1990-05-29,20.125,20.375,20.125,20.125,6700,5.037725
1990-05-25,20.50,20.50,20.125,20.25,5900,5.069015
1990-05-24,20.75,20.75,20.50,20.50,8000,5.131595
1990-05-23,21.00,21.00,20.25,20.50,17500,5.131595
1990-05-22,21.50,21.50,21.00,21.25,4300,5.319336
1990-05-21,22.00,22.00,21.25,21.50,6200,5.381917
1990-05-18,21.375,22.00,21.125,22.00,9900,5.507078
1990-05-17,21.125,21.75,21.125,21.625,5700,5.413207
1990-05-16,20.625,21.25,20.625,21.125,18300,5.288046
1990-05-15,20.625,21.00,20.625,20.875,8800,5.225466
1990-05-14,20.50,21.00,20.125,20.875,17800,5.225466
1990-05-11,20.125,20.75,20.125,20.75,9200,5.194176
1990-05-10,20.125,20.125,20.00,20.00,5000,5.006434
1990-05-09,20.75,20.75,20.00,20.125,15900,5.037725
1990-05-08,20.50,20.50,20.50,20.50,4000,5.131595
1990-05-07,20.25,21.00,20.25,20.625,9800,5.162885
1990-05-04,20.25,20.375,20.25,20.25,3700,5.069015
1990-05-03,20.375,20.375,20.25,20.25,8300,5.069015
1990-05-02,20.375,20.375,20.25,20.25,18100,5.069015
1990-05-01,20.00,20.375,20.00,20.375,9300,5.100305
1990-04-30,19.875,20.00,19.875,20.00,5300,5.006434
1990-04-27,20.25,20.25,20.00,20.00,19100,5.006434
1990-04-26,20.75,20.75,20.50,20.50,5800,5.131595
1990-04-25,21.00,21.00,20.875,20.875,2200,5.225466
1990-04-24,20.875,21.125,20.875,21.125,2900,5.288046
1990-04-23,21.00,21.00,20.875,21.00,12500,5.256756
1990-04-20,21.00,21.125,21.00,21.00,32600,5.256756
1990-04-19,20.875,21.00,20.875,21.00,8000,5.256756
1990-04-18,21.00,21.125,21.00,21.00,13900,5.256756
1990-04-17,21.00,21.25,20.75,21.00,16300,5.256756
1990-04-16,20.50,20.875,20.50,20.625,11500,5.162885
1990-04-12,20.625,20.625,20.625,20.625,3000,5.162885
1990-04-11,20.75,21.00,20.625,20.75,29900,5.194176
1990-04-10,20.625,20.75,20.625,20.75,13300,5.194176
1990-04-09,20.75,20.75,20.625,20.625,16100,5.162885
1990-04-06,20.50,20.75,20.50,20.75,10900,5.194176
1990-04-05,20.50,20.625,20.50,20.50,11200,5.131595
1990-04-04,20.50,20.75,20.50,20.625,3200,5.162885
1990-04-03,20.625,20.625,20.50,20.50,21400,5.131595
1990-04-02,21.00,21.00,20.75,20.875,3100,5.225466
1990-03-30,20.875,21.125,20.875,21.125,5200,5.288046
1990-03-29,21.125,21.25,21.00,21.00,6600,5.256756
1990-03-28,20.875,21.25,20.875,21.125,14200,5.288046
1990-03-27,21.125,21.375,21.00,21.00,8900,5.256756
1990-03-26,21.125,21.25,20.875,21.125,14400,5.288046
1990-03-23,21.25,21.25,20.875,21.00,6600,5.256756
1990-03-22,20.625,21.125,20.625,21.00,5200,5.256756
1990-03-21,20.75,21.00,20.625,20.75,10300,5.194176
1990-03-20,20.125,20.875,20.125,20.875,9400,5.225466
1990-03-19,20.375,20.50,20.00,20.50,8800,5.043983
1990-03-16,20.50,20.625,20.50,20.50,5900,5.043983
1990-03-15,20.50,20.625,20.50,20.50,22200,5.043983
1990-03-14,20.75,21.00,20.50,20.75,12100,5.105495
1990-03-13,20.75,21.00,20.75,20.875,2300,5.136251
1990-03-12,20.50,21.00,20.50,20.625,15100,5.074739
1990-03-09,20.75,21.00,20.50,20.50,6500,5.043983
1990-03-08,20.875,20.875,20.625,20.75,4300,5.105495
1990-03-07,20.375,20.75,20.375,20.75,11000,5.105495
1990-03-06,20.50,20.75,20.25,20.25,2500,4.982471
1990-03-05,20.00,20.75,20.00,20.50,13700,5.043983
1990-03-02,20.00,20.125,19.875,19.875,9400,4.890203
1990-03-01,20.00,20.00,19.875,19.875,10300,4.890203
1990-02-28,20.00,20.00,19.875,19.875,14900,4.890203
1990-02-27,20.00,20.00,19.875,19.875,19100,4.890203
1990-02-26,20.125,20.125,19.625,19.875,11100,4.890203
1990-02-23,20.50,20.50,20.00,20.125,12200,4.951715
1990-02-22,20.125,20.375,19.875,20.25,12000,4.982471
1990-02-21,19.75,20.00,19.75,20.00,9500,4.920959
1990-02-20,20.00,20.375,19.75,19.875,42500,4.890203
1990-02-16,20.00,20.25,20.00,20.25,19100,4.982471
1990-02-15,20.00,20.375,20.00,20.00,11200,4.920959
1990-02-14,20.00,20.25,20.00,20.00,8700,4.920959
1990-02-13,20.25,20.25,20.00,20.00,20100,4.920959
1990-02-12,20.375,20.50,20.25,20.25,34400,4.982471
1990-02-09,20.875,20.875,20.375,20.375,14300,5.013227
1990-02-08,21.25,21.25,21.00,21.00,39700,5.167007
1990-02-07,21.00,21.125,21.00,21.00,17800,5.167007
1990-02-06,21.00,21.25,21.00,21.00,4600,5.167007
1990-02-05,21.00,21.25,20.75,21.00,40200,5.167007
1990-02-02,21.25,21.25,21.00,21.00,6300,5.167007
1990-02-01,21.00,21.25,21.00,21.125,3100,5.197762
1990-01-31,21.00,21.00,20.875,20.875,9500,5.136251
1990-01-30,20.75,21.00,20.75,20.875,4600,5.136251
1990-01-29,20.75,21.00,20.75,20.75,5400,5.105495
1990-01-26,20.875,20.875,20.625,20.875,6800,5.136251
1990-01-25,20.875,21.00,20.625,20.75,5700,5.105495
1990-01-24,20.50,21.00,20.50,20.75,14700,5.105495
1990-01-23,20.875,21.00,20.625,20.75,7300,5.105495
1990-01-22,21.00,21.125,21.00,21.00,2400,5.167007
1990-01-19,21.375,21.375,21.00,21.00,3000,5.167007
1990-01-18,21.50,21.50,21.25,21.25,30300,5.228518
1990-01-17,21.375,21.375,21.00,21.25,26200,5.228518
1990-01-16,21.00,21.25,21.00,21.125,32700,5.197762
1990-01-15,20.875,21.25,20.875,21.00,20600,5.167007
1990-01-12,21.125,21.25,20.875,21.00,6700,5.167007
1990-01-11,21.75,21.75,21.25,21.25,17300,5.228518
1990-01-10,21.875,22.00,21.75,21.75,8200,5.351542
1990-01-09,22.00,22.00,21.875,21.875,6300,5.382298
1990-01-08,21.75,22.00,21.625,21.75,15900,5.351542
1990-01-05,21.75,21.875,21.625,21.875,13200,5.382298
1990-01-04,21.875,21.875,21.75,21.875,25600,5.382298
1990-01-03,21.875,22.00,21.75,21.75,42800,5.351542
1990-01-02,21.875,22.00,21.75,22.00,23900,5.413054
1989-12-29,21.875,22.25,21.75,22.00,10100,5.413054
1989-12-28,21.50,21.75,21.50,21.75,9500,5.351542
1989-12-27,21.625,21.75,21.50,21.625,7200,5.320786
1989-12-26,22.25,22.25,21.875,22.00,1700,5.326938
1989-12-22,22.25,22.25,21.75,22.00,33500,5.326938
1989-12-21,21.75,22.25,21.75,22.125,45500,5.357205
1989-12-20,21.875,22.00,21.625,21.75,12400,5.266405
1989-12-19,21.875,22.00,21.875,22.00,6000,5.326938
1989-12-18,22.75,22.75,21.50,22.00,91400,5.326938
1989-12-15,22.50,22.75,22.50,22.50,10100,5.448005
1989-12-14,22.875,22.875,22.50,22.50,25800,5.448005
1989-12-13,22.75,22.75,22.625,22.625,8600,5.478271
1989-12-12,22.50,22.625,22.50,22.625,28300,5.478271
1989-12-11,22.625,22.625,22.375,22.375,3900,5.417738
1989-12-08,22.625,22.625,22.375,22.50,9100,5.448005
1989-12-07,22.75,22.75,22.625,22.625,11500,5.478271
1989-12-06,23.00,23.125,23.00,23.00,6700,5.569071
1989-12-05,22.75,23.00,22.625,23.00,9200,5.569071
1989-12-04,22.25,22.75,22.25,22.625,6300,5.478271
1989-12-01,22.625,22.75,22.375,22.375,117200,5.417738
1989-11-30,22.875,22.875,22.625,22.625,25100,5.478271
1989-11-29,22.50,22.875,22.50,22.875,10200,5.538805
1989-11-28,23.00,23.00,22.50,22.75,28600,5.508538
1989-11-27,23.125,23.125,22.75,22.875,10500,5.538805
1989-11-24,23.00,23.00,22.875,22.875,3400,5.538805
1989-11-22,23.125,23.125,23.00,23.00,11300,5.569071
1989-11-21,23.125,23.125,23.00,23.125,8900,5.599338
1989-11-20,22.875,23.125,22.75,23.125,39900,5.599338
1989-11-17,23.125,23.25,22.875,22.875,15000,5.538805
1989-11-16,23.25,23.25,23.00,23.125,8500,5.599338
1989-11-15,23.25,23.25,23.00,23.125,14600,5.599338
1989-11-14,23.00,23.25,23.00,23.125,4600,5.599338
1989-11-13,23.25,23.375,23.00,23.00,8800,5.569071
1989-11-10,23.00,23.50,23.00,23.375,4800,5.659872
1989-11-09,23.25,23.375,23.125,23.125,2100,5.599338
1989-11-08,23.25,23.375,23.25,23.25,16200,5.629605
1989-11-07,23.25,23.25,23.00,23.25,11000,5.629605
1989-11-06,23.25,23.50,23.25,23.50,10800,5.690138
1989-11-03,23.50,23.50,23.25,23.25,19000,5.629605
1989-11-02,23.25,23.50,23.25,23.50,62600,5.690138
1989-11-01,23.25,23.50,23.25,23.50,5100,5.690138
1989-10-31,23.00,23.50,23.00,23.50,11700,5.690138
1989-10-30,23.25,23.375,23.00,23.00,28400,5.569071
1989-10-27,23.00,23.25,23.00,23.125,6600,5.599338
1989-10-26,23.125,23.125,23.00,23.00,6000,5.569071
1989-10-25,23.125,23.375,23.00,23.25,8500,5.629605
1989-10-24,23.375,23.375,23.00,23.375,26500,5.659872
1989-10-23,23.25,23.50,23.25,23.375,20700,5.659872
1989-10-20,23.50,23.625,23.125,23.125,5000,5.599338
1989-10-19,23.25,23.375,23.125,23.25,3400,5.629605
1989-10-18,23.00,23.125,22.875,23.125,8200,5.599338
1989-10-17,22.875,23.00,22.625,23.00,51100,5.569071
1989-10-16,22.75,22.875,22.25,22.75,52500,5.508538
1989-10-13,23.625,23.625,22.75,23.00,56400,5.569071
1989-10-12,23.875,23.875,23.75,23.75,126300,5.750672
1989-10-11,23.875,24.00,23.875,24.00,47200,5.811205
1989-10-10,23.875,24.00,23.875,24.00,45200,5.811205
1989-10-09,24.00,24.00,23.875,23.875,38800,5.780938
1989-10-06,23.875,24.00,23.875,23.875,19600,5.780938
1989-10-05,23.875,24.00,23.875,23.875,20600,5.780938
1989-10-04,23.875,24.00,23.875,23.875,148200,5.780938
1989-10-03,23.875,24.00,23.875,23.875,37900,5.780938
1989-10-02,23.875,24.00,23.875,23.875,16400,5.780938
1989-09-29,24.00,24.00,23.875,24.00,62200,5.811205
1989-09-28,23.875,24.00,23.875,23.875,354400,5.780938
1989-09-27,23.875,24.00,23.875,24.00,3400,5.811205
1989-09-26,24.375,24.50,23.625,23.875,8400,5.780938
1989-09-25,24.75,24.875,24.375,24.375,7400,5.902005
1989-09-22,24.50,25.125,24.50,24.625,5800,5.962538
1989-09-21,24.25,24.50,24.25,24.50,2900,5.932272
1989-09-20,24.50,24.50,24.25,24.375,12300,5.902005
1989-09-19,24.50,24.75,24.375,24.50,2200,5.932272
1989-09-18,24.25,24.375,24.125,24.375,23300,5.902005
1989-09-15,24.25,24.25,24.125,24.125,8800,5.841472
1989-09-14,24.25,24.50,24.125,24.125,8800,5.841472
1989-09-13,24.625,24.875,24.375,24.375,11300,5.902005
1989-09-12,25.00,25.00,24.75,24.75,4800,5.992805
1989-09-11,24.625,24.75,24.25,24.75,6100,5.992805
1989-09-08,24.375,24.625,24.25,24.625,4100,5.962538
1989-09-07,24.375,24.50,24.25,24.375,2900,5.902005
1989-09-06,24.375,24.375,24.25,24.25,5700,5.871738
1989-09-05,24.50,24.625,24.125,24.375,5700,5.902005
1989-09-01,24.375,24.875,24.375,24.50,4800,5.932272
1989-08-31,25.375,25.375,25.125,25.375,1700,6.059392
1989-08-30,24.875,25.25,24.875,25.25,3500,6.029542
1989-08-29,24.375,24.625,24.25,24.625,16200,5.880296
1989-08-28,24.375,24.375,24.00,24.375,21100,5.820598
1989-08-25,24.50,24.75,24.125,24.125,23400,5.760899
1989-08-24,24.875,25.00,24.75,24.75,13800,5.910146
1989-08-23,25.00,25.00,24.50,24.625,6900,5.880296
1989-08-22,25.25,25.25,24.50,24.75,18600,5.910146
1989-08-21,25.00,25.50,24.75,25.25,6000,6.029542
1989-08-18,25.375,25.375,25.125,25.125,4400,5.999693
1989-08-17,25.125,25.375,25.125,25.375,3000,6.059392
1989-08-16,25.625,25.625,25.125,25.375,4400,6.059392
1989-08-15,24.875,25.50,24.75,25.375,21900,6.059392
1989-08-14,24.50,24.75,24.125,24.75,17800,5.910146
1989-08-11,24.75,24.75,24.50,24.75,5000,5.910146
1989-08-10,24.50,24.75,24.50,24.50,24100,5.850447
1989-08-09,24.875,25.00,24.375,24.50,10000,5.850447
1989-08-08,25.00,25.125,24.75,25.125,6100,5.999693
1989-08-07,25.25,25.375,25.125,25.375,2700,6.059392
1989-08-04,25.125,25.25,25.125,25.125,900,5.999693
1989-08-03,25.875,25.875,25.125,25.125,20100,5.999693
1989-08-02,26.00,26.00,25.875,26.00,8100,6.208638
1989-08-01,25.50,26.00,25.375,26.00,30000,6.208638
1989-07-31,25.25,25.50,25.25,25.25,4800,6.029542
1989-07-28,24.875,25.125,24.75,25.125,2400,5.999693
1989-07-27,24.625,25.125,24.625,25.00,20600,5.969844
1989-07-26,24.50,24.75,24.50,24.75,4400,5.910146
1989-07-25,24.75,25.125,24.75,24.75,12900,5.910146
1989-07-24,25.00,25.00,24.75,24.875,2800,5.939995
1989-07-21,24.875,24.875,24.625,24.875,6700,5.939995
1989-07-20,24.75,25.125,24.75,25.00,19300,5.969844
1989-07-19,24.625,24.75,24.625,24.75,3600,5.910146
1989-07-18,24.75,24.75,24.50,24.625,17600,5.880296
1989-07-17,24.75,24.75,24.25,24.625,15500,5.880296
1989-07-14,25.00,25.00,24.75,24.75,12700,5.910146
1989-07-13,25.125,25.125,24.75,24.75,11300,5.910146
1989-07-12,24.875,25.25,24.875,25.00,3500,5.969844
1989-07-11,24.875,25.25,24.75,25.00,16900,5.969844
1989-07-10,24.875,25.00,24.50,25.00,16800,5.969844
1989-07-07,24.75,25.00,24.75,25.00,7700,5.969844
1989-07-06,24.375,24.75,24.375,24.625,5200,5.880296
1989-07-05,24.375,24.625,24.25,24.625,9100,5.880296
1989-07-03,24.375,24.375,24.25,24.375,1100,5.820598
1989-06-30,24.25,24.50,24.25,24.50,19500,5.850447
1989-06-29,24.25,24.375,24.125,24.125,9300,5.760899
1989-06-28,24.25,24.50,24.25,24.50,3900,5.850447
1989-06-27,24.25,24.50,24.25,24.25,40500,5.790749
1989-06-26,24.25,24.375,24.125,24.375,7400,5.820598
1989-06-23,24.25,24.375,24.00,24.125,51800,5.760899
1989-06-22,24.375,24.50,24.125,24.25,8100,5.790749
1989-06-21,24.50,24.625,24.25,24.25,10700,5.790749
1989-06-20,24.25,24.50,24.25,24.375,22300,5.820598
1989-06-19,24.875,24.875,24.625,24.625,17500,5.796719
1989-06-16,24.00,24.50,23.875,24.50,19900,5.767294
1989-06-15,24.25,24.25,23.75,24.125,16300,5.679019
1989-06-14,24.00,24.25,24.00,24.25,5700,5.708444
1989-06-13,23.75,24.00,23.75,23.875,2900,5.620169
1989-06-12,23.75,23.875,23.625,23.875,8900,5.620169
1989-06-09,23.625,24.00,23.625,24.00,17500,5.649594
1989-06-08,23.375,23.75,23.375,23.625,13500,5.561319
1989-06-07,23.25,23.625,23.125,23.375,89800,5.502469
1989-06-06,23.50,23.625,23.25,23.25,6600,5.473044
1989-06-05,23.375,23.50,23.375,23.50,4200,5.531894
1989-06-02,23.375,23.50,23.375,23.50,14200,5.531894
1989-06-01,23.875,23.875,23.50,23.625,2300,5.561319
1989-05-31,23.625,24.00,23.50,23.75,17300,5.590744
1989-05-30,23.25,23.625,23.25,23.625,1800,5.561319
1989-05-26,23.625,23.625,23.375,23.50,4900,5.531894
1989-05-25,23.75,23.875,23.50,23.50,11100,5.531894
1989-05-24,23.50,23.50,23.25,23.50,2400,5.531894
1989-05-23,23.125,23.625,23.125,23.625,4000,5.561319
1989-05-22,23.25,23.50,23.125,23.125,11900,5.443619
1989-05-19,23.875,23.875,23.375,23.375,3200,5.502469
1989-05-18,24.00,24.00,23.625,23.75,3000,5.590744
1989-05-17,23.75,24.25,23.50,24.00,4900,5.649594
1989-05-16,24.00,24.25,24.00,24.00,12300,5.649594
1989-05-15,24.00,24.00,23.75,24.00,11200,5.649594
1989-05-12,23.75,24.00,23.625,23.875,18600,5.620169
1989-05-11,23.625,23.625,23.50,23.625,11300,5.561319
1989-05-10,23.00,23.50,23.00,23.375,18700,5.502469
1989-05-09,23.00,23.375,23.00,23.25,53000,5.473044
1989-05-08,23.00,23.125,23.00,23.00,800,5.414194
1989-05-05,23.125,23.125,23.00,23.00,1800,5.414194
1989-05-04,23.00,23.00,22.875,23.00,3000,5.414194
1989-05-03,23.125,23.125,22.625,22.75,3500,5.355344
1989-05-02,22.625,23.00,22.625,23.00,2900,5.414194
1989-05-01,23.50,23.50,22.625,22.625,8700,5.325919
1989-04-28,23.375,23.625,23.00,23.625,7500,5.561319
1989-04-27,23.00,23.375,23.00,23.25,12700,5.473044
1989-04-26,23.375,23.375,23.00,23.125,2700,5.443619
1989-04-25,23.125,23.50,23.125,23.375,11600,5.502469
1989-04-24,23.00,23.125,23.00,23.125,2900,5.443619
1989-04-21,23.125,23.125,22.875,22.875,3300,5.384769
1989-04-20,23.375,23.50,23.25,23.375,10600,5.502469
1989-04-19,23.125,23.375,23.125,23.375,8200,5.502469
1989-04-18,23.125,23.375,23.125,23.125,9000,5.443619
1989-04-17,23.00,23.125,22.875,23.00,27600,5.414194
1989-04-14,22.75,23.00,22.625,22.875,19000,5.384769
1989-04-13,22.875,23.00,22.75,23.00,5300,5.414194
1989-04-12,22.75,23.00,22.75,23.00,10100,5.414194
1989-04-11,22.875,23.00,22.625,22.625,13400,5.325919
1989-04-10,23.00,23.00,22.625,22.875,3200,5.384769
1989-04-07,22.75,23.00,22.50,23.00,11300,5.414194
1989-04-06,22.875,23.00,22.625,22.75,4100,5.355344
1989-04-05,22.75,22.75,22.50,22.625,7300,5.325919
1989-04-04,22.875,22.875,22.50,22.50,7000,5.296494
1989-04-03,22.875,22.875,22.625,22.625,5500,5.325919
1989-03-31,22.75,22.875,22.625,22.75,4400,5.355344
1989-03-30,22.625,22.875,22.50,22.50,24100,5.296494
1989-03-29,22.50,22.875,22.50,22.875,2700,5.384769
1989-03-28,22.50,22.75,22.50,22.625,6700,5.325919
1989-03-27,22.50,22.75,22.50,22.50,5500,5.296494
1989-03-23,22.75,22.75,22.50,22.50,24000,5.296494
1989-03-22,22.875,23.125,22.625,23.00,5100,5.414194
1989-03-21,22.75,23.00,22.50,22.75,16200,5.355344
1989-03-20,22.50,22.625,22.375,22.625,8400,5.325919
1989-03-17,22.75,22.75,22.50,22.50,2800,5.296494
1989-03-16,23.25,23.50,23.25,23.25,7100,5.395362
1989-03-15,23.00,23.125,22.875,23.125,3400,5.366355
1989-03-14,22.75,23.00,22.75,22.875,11800,5.30834
1989-03-13,22.75,22.875,22.75,22.875,3100,5.30834
1989-03-10,22.75,23.00,22.75,22.75,8700,5.279333
1989-03-09,22.625,22.875,22.625,22.875,2900,5.30834
1989-03-08,22.75,22.875,22.625,22.625,5800,5.250325
1989-03-07,23.00,23.00,22.75,22.75,8700,5.279333
1989-03-06,22.875,23.00,22.75,22.875,4300,5.30834
1989-03-03,22.625,22.75,22.625,22.625,5700,5.250325
1989-03-02,23.00,23.00,22.75,22.75,3100,5.279333
1989-03-01,23.00,23.00,22.75,22.875,4300,5.30834
1989-02-28,22.875,23.00,22.75,22.875,2800,5.30834
1989-02-27,22.625,23.00,22.625,22.625,4000,5.250325
1989-02-24,22.75,22.875,22.625,22.625,6000,5.250325
1989-02-23,22.875,23.00,22.75,22.75,4800,5.279333
1989-02-22,22.75,23.00,22.75,23.00,5500,5.337347
1989-02-21,23.00,23.00,22.75,23.00,3900,5.337347
1989-02-17,22.875,23.00,22.75,23.00,4000,5.337347
1989-02-16,22.625,22.75,22.625,22.75,4500,5.279333
1989-02-15,22.50,22.75,22.375,22.75,8900,5.279333
1989-02-14,22.375,22.375,22.375,22.375,800,5.192311
1989-02-13,22.375,22.50,22.375,22.50,6500,5.221318
1989-02-10,22.625,22.625,22.25,22.375,4000,5.192311
1989-02-09,22.375,22.75,22.375,22.50,8300,5.221318
1989-02-08,22.875,22.875,22.25,22.25,4800,5.163304
1989-02-07,22.50,23.125,22.50,23.00,3500,5.337347
1989-02-06,22.25,22.375,22.125,22.25,3300,5.163304
1989-02-03,21.75,22.25,21.75,22.25,1500,5.163304
1989-02-02,21.875,22.375,21.75,21.75,9800,5.047274
1989-02-01,22.125,22.25,21.75,21.75,16800,5.047274
1989-01-31,22.50,22.50,22.125,22.125,1400,5.134296
1989-01-30,22.125,22.50,22.00,22.25,5000,5.163304
1989-01-27,22.00,22.375,21.875,21.875,6400,5.076282
1989-01-26,21.125,21.875,21.125,21.875,9700,5.076282
1989-01-25,21.25,21.25,21.00,21.125,4200,4.902238
1989-01-24,21.00,21.25,21.00,21.25,4900,4.931245
1989-01-23,21.00,21.00,20.75,21.00,6500,4.87323
1989-01-20,21.75,21.75,21.25,21.25,2600,4.931245
1989-01-19,21.75,22.00,21.75,21.75,30300,5.047274
1989-01-18,21.375,22.00,21.375,21.75,14400,5.047274
1989-01-17,21.50,21.875,21.375,21.625,6300,5.018267
1989-01-16,21.125,21.50,21.00,21.375,7500,4.960252
1989-01-13,21.25,21.375,20.75,21.375,10100,4.960252
1989-01-12,21.50,21.50,20.75,21.125,4700,4.902238
1989-01-11,21.50,21.50,21.00,21.25,19800,4.931245
1989-01-10,21.25,21.375,21.25,21.25,400,4.931245
1989-01-09,21.375,21.50,21.25,21.25,10500,4.931245
1989-01-06,21.00,21.375,21.00,21.25,3200,4.931245
1989-01-05,20.75,21.25,20.75,20.875,4700,4.844223
1989-01-04,21.00,21.25,20.875,20.875,3900,4.844223
1989-01-03,21.125,21.25,20.75,20.75,8600,4.815216
1988-12-30,20.75,21.125,20.625,21.125,8000,4.902238
1988-12-29,21.00,21.00,20.875,20.875,15500,4.844223
1988-12-28,20.50,21.00,20.50,20.75,10100,4.815216
1988-12-27,21.00,21.00,20.50,20.75,4000,4.815216
1988-12-23,20.25,21.00,20.25,21.00,18800,4.87323
1988-12-22,21.50,21.50,20.50,20.50,24400,4.680621
1988-12-21,22.00,22.00,21.25,21.25,21000,4.851864
1988-12-20,22.00,22.25,21.875,21.875,3000,4.994566
1988-12-19,21.625,22.00,21.625,21.875,7900,4.994566
1988-12-16,20.875,21.875,20.875,21.875,10800,4.994566
1988-12-15,21.00,21.50,20.75,21.00,9400,4.794783
1988-12-14,21.00,21.00,20.75,20.75,13400,4.737702
1988-12-13,20.50,21.00,20.50,21.00,13400,4.794783
1988-12-12,20.75,20.875,20.75,20.75,9700,4.737702
1988-12-09,20.625,20.75,20.625,20.75,5900,4.737702
1988-12-08,20.50,20.75,20.50,20.75,4400,4.737702
1988-12-07,20.625,20.625,20.50,20.50,3200,4.680621
1988-12-06,20.50,20.625,20.375,20.50,7000,4.680621
1988-12-05,20.50,20.50,20.375,20.375,5000,4.652081
1988-12-02,20.00,20.375,20.00,20.375,26800,4.652081
1988-12-01,20.50,20.50,20.00,20.25,15300,4.623541
1988-11-30,20.50,20.75,20.50,20.50,8500,4.680621
1988-11-29,20.75,20.75,20.375,20.375,3100,4.652081
1988-11-28,20.375,20.75,20.375,20.75,22500,4.737702
1988-11-25,20.50,20.50,20.375,20.50,1500,4.680621
1988-11-23,20.625,20.625,20.50,20.50,1900,4.680621
1988-11-22,20.625,20.75,20.50,20.50,6700,4.680621
1988-11-21,20.75,20.75,20.50,20.50,11400,4.680621
1988-11-18,20.625,20.75,20.50,20.50,5300,4.680621
1988-11-17,20.75,20.875,20.50,20.625,7700,4.709162
1988-11-16,20.75,20.875,20.75,20.875,9200,4.766243
1988-11-15,20.875,20.875,20.625,20.875,5100,4.766243
1988-11-14,20.75,20.875,20.625,20.875,9500,4.766243
1988-11-11,20.75,20.875,20.625,20.625,10900,4.709162
1988-11-10,20.875,20.875,20.75,20.875,9200,4.766243
1988-11-09,20.75,21.00,20.75,21.00,3200,4.794783
1988-11-08,20.75,20.875,20.75,20.875,6700,4.766243
1988-11-07,20.75,20.875,20.625,20.875,17400,4.766243
1988-11-04,20.625,20.75,20.625,20.75,1400,4.737702
1988-11-03,20.625,20.75,20.625,20.625,9600,4.709162
1988-11-02,20.75,20.75,20.625,20.75,4300,4.737702
1988-11-01,20.625,20.625,20.50,20.625,32700,4.709162
1988-10-31,20.625,20.625,20.50,20.50,13100,4.680621
1988-10-28,20.75,20.75,20.50,20.50,3600,4.680621
1988-10-27,20.50,20.875,20.50,20.625,2700,4.709162
1988-10-26,20.75,20.75,20.625,20.625,2000,4.709162
1988-10-25,20.50,20.75,20.50,20.75,4100,4.737702
1988-10-24,20.50,20.625,20.50,20.50,14500,4.680621
1988-10-21,20.75,20.875,20.50,20.75,17500,4.737702
1988-10-20,21.00,21.00,20.75,20.75,5400,4.737702
1988-10-19,21.00,21.00,20.75,21.00,45600,4.794783
1988-10-18,20.875,20.875,20.625,20.75,1800,4.737702
1988-10-17,20.875,20.875,20.625,20.625,7900,4.709162
1988-10-14,20.875,20.875,20.875,20.875,12300,4.766243
1988-10-13,20.625,20.875,20.625,20.875,3000,4.766243
1988-10-12,20.75,20.875,20.625,20.875,4900,4.766243
1988-10-11,20.75,21.00,20.625,20.875,29000,4.766243
1988-10-10,20.875,20.875,20.75,20.75,2500,4.737702
1988-10-07,20.875,20.875,20.75,20.875,8200,4.766243
1988-10-06,20.625,20.875,20.625,20.75,14300,4.737702
1988-10-05,20.625,20.875,20.625,20.75,6500,4.737702
1988-10-04,20.625,20.75,20.625,20.75,2500,4.737702
1988-10-03,20.625,20.75,20.50,20.50,3300,4.680621
1988-09-30,20.375,20.75,20.375,20.625,6900,4.709162
1988-09-29,20.125,20.375,20.125,20.375,6000,4.652081
1988-09-28,20.00,20.25,20.00,20.125,5300,4.595
1988-09-27,20.00,20.25,20.00,20.00,1500,4.56646
1988-09-26,20.375,20.75,20.25,20.25,12500,4.623541
1988-09-23,20.00,20.50,20.00,20.50,25300,4.680621
1988-09-22,20.25,20.25,20.00,20.00,10100,4.56646
1988-09-21,20.50,20.50,20.375,20.375,2900,4.652081
1988-09-20,20.50,20.75,20.50,20.75,12000,4.737702
1988-09-19,20.75,20.875,20.75,20.875,8200,4.690896
1988-09-16,20.75,20.875,20.75,20.75,8800,4.662807
1988-09-15,20.75,20.875,20.75,20.875,4900,4.690896
1988-09-14,20.875,20.875,20.75,20.875,1600,4.690896
1988-09-13,20.875,21.00,20.875,20.875,3200,4.690896
1988-09-12,20.875,21.00,20.875,21.00,4300,4.718985
1988-09-09,21.00,21.00,20.875,20.875,7100,4.690896
1988-09-08,21.00,21.00,20.875,20.875,77800,4.690896
1988-09-07,20.875,21.00,20.75,21.00,8400,4.718985
1988-09-06,20.75,20.75,20.625,20.75,6100,4.662807
1988-09-02,20.625,20.75,20.625,20.75,11500,4.662807
1988-09-01,20.75,20.75,20.625,20.625,1800,4.634718
1988-08-31,20.625,20.875,20.625,20.75,67800,4.662807
1988-08-30,20.50,20.75,20.50,20.75,17800,4.662807
1988-08-29,20.75,20.75,20.625,20.625,14100,4.634718
1988-08-26,20.625,20.625,20.50,20.625,3200,4.634718
1988-08-25,20.50,20.625,20.50,20.50,4000,4.606629
1988-08-24,20.75,20.75,20.625,20.75,4400,4.662807
1988-08-23,20.625,20.75,20.625,20.625,5200,4.634718
1988-08-22,20.75,20.75,20.625,20.625,6200,4.634718
1988-08-19,20.75,20.875,20.625,20.625,11000,4.634718
1988-08-18,21.00,21.00,20.625,20.625,12100,4.634718
1988-08-17,21.00,21.00,20.875,20.875,8500,4.690896
1988-08-16,20.75,21.00,20.75,21.00,18700,4.718985
1988-08-15,20.875,20.875,20.75,20.75,7200,4.662807
1988-08-12,20.75,20.875,20.75,20.75,6900,4.662807
1988-08-11,20.875,21.00,20.75,20.75,1900,4.662807
1988-08-10,20.875,21.00,20.875,20.875,6200,4.690896
1988-08-09,20.875,21.00,20.75,21.00,8700,4.718985
1988-08-08,20.75,20.875,20.625,20.75,9100,4.662807
1988-08-05,20.25,20.625,20.25,20.50,5200,4.606629
1988-08-04,20.50,20.625,20.25,20.25,9400,4.55045
1988-08-03,20.75,20.875,20.50,20.625,3100,4.634718
1988-08-02,20.75,20.875,20.75,20.875,1000,4.690896
1988-08-01,20.50,20.75,20.50,20.75,1100,4.662807
1988-07-29,20.25,20.625,20.25,20.50,8100,4.606629
1988-07-28,20.50,20.50,20.25,20.25,18400,4.55045
1988-07-27,20.375,20.625,20.375,20.50,9800,4.606629
1988-07-26,20.75,20.875,20.50,20.50,9000,4.606629
1988-07-25,20.75,21.00,20.75,20.75,6000,4.662807
1988-07-22,20.75,20.875,20.75,20.875,12100,4.690896
1988-07-21,20.75,21.00,20.75,20.875,9100,4.690896
1988-07-20,20.625,20.875,20.625,20.875,18800,4.690896
1988-07-19,20.625,20.75,20.50,20.625,4000,4.634718
1988-07-18,20.50,20.625,20.375,20.50,8000,4.606629
1988-07-15,20.375,20.75,20.375,20.375,6300,4.578539
1988-07-14,20.50,20.50,20.125,20.375,14200,4.578539
1988-07-13,20.625,20.625,20.25,20.50,7400,4.606629
1988-07-12,20.375,20.75,20.375,20.50,10300,4.606629
1988-07-11,20.125,20.625,20.00,20.50,7900,4.606629
1988-07-08,20.50,20.50,20.25,20.25,15900,4.55045
1988-07-07,20.875,21.00,20.375,20.375,11000,4.578539
1988-07-06,20.875,21.125,20.875,21.00,3600,4.718985
1988-07-05,20.75,21.00,20.75,20.875,9000,4.690896
1988-07-01,21.00,21.00,20.75,20.75,22200,4.662807
1988-06-30,20.75,20.875,20.75,20.875,8500,4.690896
1988-06-29,20.625,20.875,20.625,20.75,3500,4.662807
1988-06-28,20.75,20.75,20.50,20.625,15600,4.634718
1988-06-27,20.75,20.875,20.625,20.875,8300,4.690896
1988-06-24,20.625,20.75,20.625,20.75,1800,4.662807
1988-06-23,20.75,20.75,20.50,20.75,7700,4.662807
1988-06-22,20.50,20.75,20.50,20.75,6000,4.662807
1988-06-21,20.375,20.625,20.375,20.375,23500,4.578539
1988-06-20,20.625,20.75,20.625,20.75,2400,4.595393
1988-06-17,20.875,20.875,20.75,20.75,20400,4.595393
1988-06-16,21.00,21.00,20.875,20.875,9400,4.623076
1988-06-15,21.00,21.00,21.00,21.00,27600,4.650759
1988-06-14,21.25,21.25,21.00,21.00,13900,4.650759
1988-06-13,21.25,21.25,21.125,21.25,6300,4.706125
1988-06-10,20.875,21.00,20.75,21.00,700,4.650759
1988-06-09,20.75,21.00,20.625,21.00,15600,4.650759
1988-06-08,20.75,20.75,20.50,20.75,3600,4.595393
1988-06-07,20.50,20.875,20.50,20.625,6000,4.56771
1988-06-06,20.875,20.875,20.625,20.625,2600,4.56771
1988-06-03,20.875,20.875,20.75,20.875,2000,4.623076
1988-06-02,20.875,21.00,20.875,20.875,11100,4.623076
1988-06-01,20.75,20.875,20.375,20.875,15800,4.623076
1988-05-31,20.625,20.75,20.625,20.625,5300,4.56771
1988-05-27,20.75,20.75,20.625,20.75,3900,4.595393
1988-05-26,20.375,20.50,20.375,20.50,7100,4.540027
1988-05-25,20.25,20.375,20.25,20.375,7500,4.512344
1988-05-24,20.125,20.375,20.125,20.25,10800,4.484661
1988-05-23,20.375,20.375,20.125,20.375,4200,4.512344
1988-05-20,20.25,20.375,20.25,20.375,5000,4.512344
1988-05-19,20.125,20.125,20.00,20.125,15100,4.456978
1988-05-18,20.25,20.25,20.00,20.125,14300,4.456978
1988-05-17,20.25,20.375,20.125,20.125,12700,4.456978
1988-05-16,20.25,20.50,20.25,20.375,11400,4.512344
1988-05-13,20.25,20.50,20.25,20.50,2000,4.540027
1988-05-12,20.375,20.375,20.125,20.25,12200,4.484661
1988-05-11,20.50,20.50,20.25,20.375,9300,4.512344
1988-05-10,20.625,20.75,20.50,20.75,11100,4.595393
1988-05-09,20.375,20.75,20.375,20.50,10200,4.540027
1988-05-06,20.50,20.625,20.50,20.50,900,4.540027
1988-05-05,20.75,20.75,20.375,20.50,4700,4.540027
1988-05-04,21.00,21.00,20.625,20.75,4500,4.595393
1988-05-03,20.875,20.875,20.875,20.875,16600,4.623076
1988-05-02,21.125,21.125,20.75,20.75,12400,4.595393
1988-04-29,20.875,21.00,20.75,21.00,4200,4.650759
1988-04-28,20.625,20.75,20.625,20.75,8500,4.595393
1988-04-27,21.25,21.25,20.625,20.625,14000,4.56771
1988-04-26,21.125,21.25,21.00,21.125,2200,4.678442
1988-04-25,21.125,21.25,21.00,21.125,4900,4.678442
1988-04-22,21.00,21.375,21.00,21.125,3800,4.678442
1988-04-21,21.75,21.75,20.875,21.00,49300,4.650759
1988-04-20,20.75,20.75,20.625,20.75,5900,4.595393
1988-04-19,20.125,20.75,20.125,20.625,19500,4.56771
1988-04-18,20.75,20.75,20.125,20.125,17300,4.456978
1988-04-15,20.625,20.75,20.625,20.625,34400,4.56771
1988-04-14,20.50,20.875,20.50,20.625,18300,4.56771
1988-04-13,20.625,20.75,20.625,20.75,6500,4.595393
1988-04-12,20.375,21.00,20.375,20.75,19300,4.595393
1988-04-11,20.25,20.50,20.25,20.50,11800,4.540027
1988-04-08,20.25,20.50,20.25,20.25,4300,4.484661
1988-04-07,20.125,20.375,20.125,20.25,29700,4.484661
1988-04-06,20.125,20.125,20.00,20.00,2500,4.429294
1988-04-05,19.875,20.125,19.875,20.125,1600,4.456978
1988-04-04,20.00,20.125,19.625,20.00,16700,4.429294
1988-03-31,20.125,20.125,19.875,20.125,7400,4.456978
1988-03-30,20.00,20.125,19.875,20.125,41300,4.456978
1988-03-29,20.00,20.25,20.00,20.125,15100,4.456978
1988-03-28,20.00,20.375,20.00,20.25,4700,4.484661
1988-03-25,20.375,20.50,20.125,20.125,29600,4.456978
1988-03-24,20.875,20.875,20.50,20.50,5000,4.540027
1988-03-23,20.875,20.875,20.625,20.75,10400,4.595393
1988-03-22,20.75,21.00,20.625,21.00,3800,4.650759
1988-03-21,20.75,21.00,20.75,20.75,14300,4.595393
1988-03-18,20.75,21.25,20.75,21.125,10500,4.612003
1988-03-17,20.875,21.125,20.875,21.125,4400,4.612003
1988-03-16,21.25,21.25,20.875,21.00,16500,4.584713
1988-03-15,21.125,21.25,21.00,21.25,2100,4.639293
1988-03-14,20.875,21.00,20.625,21.00,71600,4.584713
1988-03-11,20.875,21.00,20.75,20.875,183100,4.557423
1988-03-10,20.875,21.00,20.75,20.75,9600,4.530133
1988-03-09,20.875,21.00,20.75,20.875,6100,4.557423
1988-03-08,20.875,21.125,20.875,21.00,2600,4.584713
1988-03-07,21.00,21.00,20.875,21.00,3900,4.584713
1988-03-04,21.00,21.00,20.75,20.875,1100,4.557423
1988-03-03,21.00,21.00,20.75,21.00,9400,4.584713
1988-03-02,21.125,21.125,20.875,21.00,5600,4.584713
1988-03-01,20.875,21.00,20.75,21.00,4500,4.584713
1988-02-29,21.00,21.00,20.75,21.00,9300,4.584713
1988-02-26,21.00,21.125,20.875,21.125,28500,4.612003
1988-02-25,21.00,21.375,20.875,21.125,9300,4.612003
1988-02-24,20.875,21.00,20.875,20.875,7200,4.557423
1988-02-23,20.875,21.00,20.875,20.875,5900,4.557423
1988-02-22,20.125,20.625,20.00,20.625,51000,4.502843
1988-02-19,20.125,20.25,20.00,20.25,4400,4.420973
1988-02-18,20.25,20.25,20.00,20.125,4500,4.393683
1988-02-17,20.625,20.625,20.375,20.50,3800,4.475553
1988-02-16,20.625,20.75,20.25,20.50,8700,4.475553
1988-02-12,21.25,21.25,20.625,20.625,10500,4.502843
1988-02-11,21.25,21.50,21.00,21.00,8500,4.584713
1988-02-10,20.875,21.375,20.75,21.375,5500,4.666583
1988-02-09,21.375,21.50,21.00,21.00,2400,4.584713
1988-02-08,21.625,21.625,21.25,21.50,5100,4.693873
1988-02-05,21.25,21.75,21.125,21.50,31500,4.693873
1988-02-04,20.50,21.25,20.50,21.25,8100,4.639293
1988-02-03,20.375,20.625,20.125,20.50,16600,4.475553
1988-02-02,19.875,20.125,19.875,20.125,11800,4.393683
1988-02-01,19.625,20.00,19.625,20.00,2500,4.366393
1988-01-29,19.625,19.75,19.50,19.50,2400,4.257233
1988-01-28,19.50,19.875,19.375,19.50,5100,4.257233
1988-01-27,19.875,19.875,19.375,19.375,4200,4.229943
1988-01-26,20.00,20.125,19.625,19.625,6000,4.284523
1988-01-25,19.625,19.875,19.375,19.875,4500,4.339103
1988-01-22,19.50,19.875,19.50,19.625,5200,4.284523
1988-01-21,19.375,19.625,19.375,19.625,3400,4.284523
1988-01-20,19.50,19.625,19.375,19.375,5200,4.229943
1988-01-19,19.50,19.625,19.50,19.50,600,4.257233
1988-01-18,19.875,19.875,19.375,19.625,5400,4.284523
1988-01-15,19.625,20.00,19.625,19.875,8300,4.339103
1988-01-14,19.50,19.50,19.375,19.375,1600,4.229943
1988-01-13,19.25,19.50,19.125,19.375,5900,4.229943
1988-01-12,19.50,19.50,19.00,19.25,11300,4.202653
1988-01-11,19.875,20.125,19.50,19.625,8500,4.284523
1988-01-08,21.125,21.125,19.75,19.75,8800,4.311813
1988-01-07,20.75,21.375,20.375,21.25,7400,4.639293
1988-01-06,20.625,20.75,20.625,20.625,16500,4.502843
1988-01-05,20.50,21.00,20.50,20.625,7800,4.502843
1988-01-04,19.875,20.375,19.875,20.375,12000,4.448263
1987-12-31,20.00,20.00,19.875,19.875,3600,4.339103
1987-12-30,19.50,20.00,19.50,20.00,3500,4.366393
1987-12-29,19.625,19.75,19.50,19.50,2500,4.257233
1987-12-28,19.75,19.75,19.50,19.75,10200,4.311813
1987-12-24,20.375,20.50,20.00,20.00,12000,4.366393
1987-12-23,20.75,20.75,20.50,20.50,11700,4.475553
1987-12-22,21.25,21.375,21.00,21.00,20700,4.584713
1987-12-21,21.25,21.375,21.125,21.375,16100,4.666583
1987-12-18,19.125,21.00,19.125,21.00,23700,4.584713
1987-12-17,19.50,19.50,19.00,19.50,5800,4.191737
1987-12-16,19.25,19.75,19.00,19.625,5600,4.218607
1987-12-15,18.75,19.50,18.75,19.50,11600,4.191737
1987-12-14,18.75,18.875,18.625,18.875,4400,4.057387
1987-12-11,18.75,18.875,18.75,18.875,5500,4.057387
1987-12-10,18.375,18.75,18.375,18.50,17200,3.976776
1987-12-09,18.375,18.75,18.25,18.50,12600,3.976776
1987-12-08,18.75,18.875,18.25,18.50,8500,3.976776
1987-12-07,18.25,18.50,18.25,18.50,8500,3.976776
1987-12-04,18.375,18.625,18.25,18.25,8300,3.923036
1987-12-03,18.50,18.75,18.50,18.625,7100,4.003647
1987-12-02,18.375,18.75,18.375,18.75,5700,4.030517
1987-12-01,18.375,18.375,18.00,18.375,18000,3.949906
1987-11-30,18.625,18.625,18.25,18.375,6100,3.949906
1987-11-27,18.875,18.875,18.875,18.875,2400,4.057387
1987-11-25,18.75,19.00,18.75,18.75,9300,4.030517
1987-11-24,18.625,19.00,18.625,18.75,6600,4.030517
1987-11-23,18.625,18.75,18.375,18.625,54300,4.003647
1987-11-20,18.75,18.75,18.25,18.75,16700,4.030517
1987-11-19,19.00,19.125,18.75,18.75,20900,4.030517
1987-11-18,19.00,19.25,19.00,19.25,32700,4.137997
1987-11-17,19.50,19.50,19.25,19.25,1600,4.137997
1987-11-16,19.00,19.50,19.00,19.50,6600,4.191737
1987-11-13,19.50,19.50,19.00,19.00,26600,4.084257
1987-11-12,19.125,19.75,19.125,19.50,17700,4.191737
1987-11-11,19.25,19.25,18.875,18.875,13800,4.057387
1987-11-10,19.375,19.75,18.75,19.25,12000,4.137997
1987-11-09,19.625,19.625,19.375,19.375,2500,4.164867
1987-11-06,18.875,20.00,18.875,19.75,27400,4.245478
1987-11-05,19.375,19.375,18.75,19.125,21900,4.111127
1987-09-15,22.50,22.625,22.25,22.25,17900,4.78288
1987-09-14,22.25,22.50,22.25,22.50,6400,4.83662
1987-09-11,22.25,22.50,22.25,22.25,2000,4.78288
1987-09-10,22.25,22.50,22.125,22.25,15800,4.78288
1987-09-09,21.875,22.375,21.625,22.25,172000,4.78288
1987-09-08,22.00,22.00,21.625,21.875,10100,4.702269
1987-09-04,22.25,22.25,22.00,22.00,18800,4.72914
1987-09-03,22.125,22.375,22.00,22.25,18600,4.78288
1987-09-02,21.625,22.125,21.625,22.125,17700,4.75601
1987-09-01,21.875,21.875,21.625,21.625,37900,4.648529
1987-08-31,22.00,22.25,21.75,22.00,12000,4.72914
1987-08-28,21.75,22.25,21.50,22.00,18700,4.72914
1987-08-27,22.00,22.125,21.75,21.75,5800,4.675399
1987-08-26,22.00,22.50,22.00,22.00,9600,4.72914
1987-08-25,21.875,22.25,21.875,22.00,9600,4.72914
1987-08-24,22.00,22.00,21.625,21.875,32400,4.702269
1987-08-21,21.875,22.125,21.875,22.00,21700,4.72914
1987-08-20,22.25,22.25,21.50,21.875,73600,4.702269
1987-08-19,21.875,22.50,21.875,22.25,21900,4.78288
1987-08-18,21.875,22.00,21.50,21.75,26800,4.675399
1987-08-17,22.00,22.00,21.75,21.875,36500,4.702269
1987-08-14,22.125,22.25,21.875,22.00,65700,4.72914
1987-08-13,22.125,22.375,22.00,22.125,39700,4.75601
1987-08-12,21.625,22.25,21.375,22.125,38400,4.75601
1987-08-11,21.75,21.75,21.50,21.625,13200,4.648529
1987-08-10,21.875,22.00,21.375,21.75,14000,4.675399
1987-08-07,21.875,22.125,21.50,21.875,55700,4.702269
1987-08-06,21.875,22.125,21.875,21.875,40400,4.702269
1987-08-05,22.00,22.125,21.50,21.875,13700,4.702269
1987-08-04,22.00,22.00,21.625,22.00,10100,4.72914
1987-08-03,22.125,22.25,22.00,22.00,3800,4.72914
1987-07-31,22.25,22.375,22.125,22.125,7000,4.75601
1987-07-30,22.375,22.375,22.00,22.25,89300,4.78288
1987-07-29,22.375,22.375,22.125,22.375,6000,4.80975
1987-07-28,22.00,22.375,21.75,22.375,7200,4.80975
1987-07-27,22.00,22.00,21.625,22.00,5200,4.72914
1987-07-24,21.875,22.25,21.875,22.25,17400,4.78288
1987-07-23,21.75,22.00,21.625,21.875,4800,4.702269
1987-07-22,22.25,22.50,21.75,21.75,23300,4.675399
1987-07-21,22.375,22.625,22.25,22.25,2200,4.78288
1987-07-20,22.625,22.625,22.125,22.375,7400,4.80975
1987-07-17,22.625,22.875,22.625,22.625,8000,4.86349
1987-07-16,22.625,22.625,22.50,22.50,6400,4.83662
1987-07-15,22.50,22.625,22.50,22.625,8900,4.86349
1987-07-14,22.375,22.75,22.25,22.50,17500,4.83662
1987-07-13,22.625,22.75,22.375,22.375,22400,4.80975
1987-07-10,23.00,23.00,22.50,22.625,4900,4.86349
1987-07-09,23.125,23.375,23.00,23.125,6500,4.970971
1987-07-08,23.25,23.25,23.125,23.125,7200,4.970971
1987-07-07,23.125,23.375,23.00,23.25,8300,4.997841
1987-07-06,23.00,23.50,23.00,23.125,10400,4.970971
1987-07-02,23.125,23.25,23.00,23.00,8800,4.9441
1987-07-01,23.25,23.375,23.125,23.125,19900,4.970971
1987-06-30,23.375,23.50,23.25,23.25,4200,4.997841
1987-06-29,23.00,23.50,23.00,23.375,36000,5.024711
1987-06-26,23.125,23.25,23.00,23.00,8300,4.9441
1987-06-25,22.625,23.125,22.625,23.125,7500,4.970971
1987-06-24,22.125,22.875,22.125,22.625,12200,4.86349
1987-06-23,22.625,23.25,22.00,22.00,53900,4.72914
1987-06-22,22.875,22.875,22.50,22.625,10000,4.86349
1987-06-19,22.875,22.875,22.25,22.875,15400,4.91723
1987-06-18,23.25,23.25,23.00,23.00,8300,4.9441
1987-06-17,23.375,23.375,23.125,23.375,5900,5.024711
1987-06-16,23.25,23.375,23.00,23.375,6800,5.024711
1987-06-15,23.375,23.375,23.125,23.25,2600,4.997841
1987-06-12,23.375,23.375,23.25,23.375,23400,5.024711
1987-06-11,23.375,23.375,23.125,23.375,17000,5.024711
1987-06-10,22.625,23.875,22.625,23.375,9100,5.024711
1987-06-09,22.875,23.25,22.625,22.625,37100,4.86349
1987-06-08,22.625,23.125,22.625,22.875,2500,4.91723
1987-06-05,23.125,23.375,22.625,22.625,4000,4.86349
1987-06-04,23.375,23.625,22.875,23.125,5300,4.970971
1987-06-03,23.375,23.75,23.125,23.375,7000,5.024711
1987-06-02,22.75,23.625,22.75,23.375,26400,5.024711
1987-06-01,22.00,22.625,22.00,22.625,9200,4.86349
1987-05-29,21.875,22.125,21.875,21.875,1400,4.702269
1987-05-28,21.875,22.125,21.75,21.875,5200,4.702269
1987-05-27,22.25,22.25,21.625,21.875,11100,4.702269
1987-05-26,21.625,22.375,21.50,22.25,19200,4.78288
1987-05-22,22.25,22.875,21.625,21.625,23400,4.648529
1987-05-21,22.25,22.25,21.875,22.25,12300,4.78288
1987-05-20,22.625,22.625,22.375,22.50,1300,4.83662
1987-05-19,22.875,23.25,22.50,22.625,13100,4.86349
1987-05-18,22.875,22.875,22.50,22.875,19700,4.91723
1987-05-15,23.25,23.625,22.875,22.875,57200,4.91723
1987-05-14,23.50,23.875,23.125,23.25,4700,4.997841
1987-05-13,23.625,23.625,23.125,23.50,4200,5.051581
1987-05-12,23.875,23.875,23.625,23.875,3800,5.132191
1987-05-11,24.125,24.25,23.75,23.875,18700,5.132191
1987-05-08,24.00,24.125,23.875,24.125,7200,5.185931
1987-05-07,24.50,24.625,24.00,24.00,22600,5.159061
1987-05-06,24.50,25.00,24.50,24.50,38500,5.266542
1987-05-05,23.25,24.00,23.00,23.875,10800,5.132191
1987-05-04,23.125,23.50,23.125,23.25,15000,4.997841
1987-05-01,23.25,23.375,23.00,23.125,5900,4.970971
1987-04-30,22.875,23.375,22.25,23.25,39000,4.997841
1987-04-29,22.75,22.875,22.25,22.875,3800,4.91723
1987-04-28,22.25,22.875,22.25,22.75,3900,4.89036
1987-04-27,21.875,22.375,21.875,22.25,9400,4.78288
1987-04-24,22.375,22.625,21.625,21.875,10100,4.702269
1987-04-23,22.75,22.75,22.25,22.375,73500,4.80975
1987-04-22,23.25,23.50,22.75,22.75,5600,4.89036
1987-04-21,23.00,23.25,22.625,23.25,14300,4.997841
1987-04-20,23.00,23.00,23.00,23.00,2200,4.9441
1987-04-16,22.875,23.00,22.75,23.00,18100,4.9441
1987-04-15,22.50,22.875,22.50,22.875,21300,4.91723
1987-04-14,23.125,23.25,22.375,22.50,27100,4.83662
1987-04-13,24.00,24.00,23.00,23.125,10800,4.970971
1987-04-10,24.25,24.25,23.625,24.25,31300,5.212802
1987-04-09,24.375,24.75,24.125,24.375,11300,5.239672
1987-04-08,25.25,25.25,24.375,24.375,23700,5.239672
1987-04-07,24.75,25.75,24.75,25.50,18800,5.481503
1987-04-06,24.375,24.875,24.25,24.50,7600,5.266542
1987-04-03,24.25,24.50,24.125,24.375,7700,5.239672
1987-04-02,24.75,24.75,24.00,24.25,10500,5.212802
1987-04-01,23.50,25.00,23.375,24.75,37000,5.320282
1987-03-31,23.00,23.50,23.00,23.50,17400,5.051581
1987-03-30,23.00,23.00,22.625,23.00,30500,4.9441
1987-03-27,23.25,23.375,23.00,23.25,20200,4.997841
1987-03-26,23.25,23.375,23.25,23.25,17500,4.997841
1987-03-25,23.625,23.625,23.125,23.125,38800,4.970971
1987-03-24,23.375,23.625,23.125,23.625,155600,5.078451
1987-03-23,23.50,23.50,23.00,23.375,55300,5.024711
1987-03-20,24.00,24.125,23.375,23.50,31900,5.051581
1987-03-19,23.875,24.125,23.75,24.00,17600,5.159061
1987-03-18,23.875,24.375,23.875,23.875,26900,5.132191
1987-03-17,23.875,24.125,23.875,23.875,1500,5.132191
1987-03-16,23.875,24.125,23.875,23.875,4400,5.132191
1987-03-13,23.875,24.00,23.75,23.75,11800,5.105321
1987-03-12,24.125,24.25,23.875,23.875,23800,5.132191
1987-03-11,24.00,24.125,23.75,24.125,43000,5.185931
1987-03-10,24.00,24.00,23.75,24.00,5200,5.159061
1987-03-09,23.875,24.125,23.75,24.125,21600,5.185931
1987-03-06,24.00,24.125,23.75,23.875,4600,5.132191
1987-03-05,23.875,24.00,23.75,24.00,3700,5.159061
1987-03-04,23.75,24.00,23.75,23.875,21000,5.132191
1987-03-03,23.875,24.00,23.50,23.75,11000,5.105321
1987-03-02,23.875,24.00,23.75,23.875,10400,5.132191
1987-02-27,23.875,24.125,23.875,23.875,24200,5.132191
1987-02-26,24.125,24.125,23.875,23.875,10100,5.132191
1987-02-25,23.75,24.125,23.625,24.125,7200,5.185931
1987-02-24,24.00,24.00,23.50,23.75,3000,5.105321
1987-02-23,24.00,24.00,23.50,24.00,8700,5.159061
1987-02-20,24.00,24.125,23.875,24.125,7500,5.185931
1987-02-19,23.875,24.00,23.75,24.00,30500,5.159061
1987-02-18,23.75,24.00,23.75,23.875,5600,5.132191
1987-02-17,23.875,24.00,23.625,23.75,39500,5.105321
1987-02-13,23.875,23.875,23.75,23.875,4100,5.132191
1987-02-12,24.00,24.00,23.75,23.875,7200,5.132191
1987-02-11,23.875,24.00,23.625,24.00,7500,5.159061
1987-02-10,23.50,23.875,23.375,23.875,12700,5.132191
1987-02-09,23.875,24.125,23.25,23.50,8900,5.051581
1987-02-06,23.875,24.125,23.875,23.875,58600,5.132191
1987-02-05,23.75,24.375,23.75,23.875,31500,5.132191
1987-02-04,23.875,24.25,23.625,23.625,33800,5.078451
1987-02-03,23.50,23.875,23.25,23.875,10000,5.132191
1987-02-02,22.875,23.50,22.875,23.50,63200,5.051581
1987-01-30,22.875,23.00,22.625,22.875,31700,4.91723
1987-01-29,22.875,23.125,22.625,22.875,78200,4.91723
1987-01-28,23.00,23.00,22.50,22.875,62800,4.91723
1987-01-27,22.125,23.00,22.125,23.00,6400,4.9441
1987-01-26,22.125,22.50,21.75,22.125,19700,4.75601
1987-01-23,21.375,22.125,21.25,22.125,14300,4.75601
1987-01-22,21.125,21.375,21.125,21.375,82300,4.594789
1987-01-21,21.00,21.25,21.00,21.125,18700,4.541049
1987-01-20,21.125,21.125,20.875,21.00,18900,4.514179
1987-01-19,20.875,21.125,20.625,21.125,10600,4.541049
1987-01-16,21.25,21.25,20.875,20.875,25400,4.487309
1987-01-15,21.25,21.25,21.125,21.25,11800,4.567919
1987-01-14,21.25,21.25,21.00,21.25,17400,4.567919
1987-01-13,21.00,21.25,21.00,21.25,28500,4.567919
1987-01-12,20.875,21.25,20.625,21.00,15800,4.514179
1987-01-09,21.00,21.25,20.75,20.875,23100,4.487309
1987-01-08,20.75,21.00,20.75,21.00,44300,4.514179
1987-01-07,20.75,20.875,20.50,20.75,18100,4.460438
1987-01-06,21.00,21.00,20.375,20.75,20200,4.460438
1987-01-05,20.375,21.00,20.375,21.00,12200,4.514179
1987-01-02,19.875,20.25,19.875,20.25,3400,4.352958
1986-12-31,19.875,19.875,19.625,19.875,54100,4.272348
1986-12-30,20.00,20.00,19.625,19.875,14300,4.272348
1986-12-29,19.875,20.00,19.625,20.00,19100,4.299218
1986-12-26,19.875,19.875,19.75,19.875,4800,4.272348
1986-12-24,19.625,19.875,19.625,19.875,26400,4.272348
1986-12-23,19.875,19.875,19.625,19.625,11000,4.218607
1986-12-22,20.00,20.00,19.50,19.875,21200,4.272348
1986-12-19,20.00,20.125,19.625,20.00,33500,4.299218
1986-12-18,20.25,20.25,20.00,20.00,21300,4.299218
1986-12-17,20.375,20.50,20.125,20.25,16900,4.352958
1986-12-16,20.25,20.50,20.125,20.375,14100,4.379828
1986-12-15,20.125,20.50,20.00,20.25,41800,4.352958
1986-12-12,20.375,20.375,20.125,20.125,5000,4.326088
1986-12-11,20.25,20.50,20.25,20.375,14700,4.379828
1986-12-10,20.25,20.375,20.125,20.25,12800,4.352958
1986-12-09,20.25,20.375,20.00,20.25,24600,4.352958
1986-12-08,20.00,20.25,20.00,20.25,5400,4.352958
1986-12-05,20.25,20.375,20.00,20.00,9600,4.299218
1986-12-04,20.375,20.50,20.00,20.25,4800,4.352958
1986-12-03,20.375,20.375,20.00,20.375,3500,4.379828
1986-12-02,19.50,20.50,19.50,20.375,21800,4.379828
1986-12-01,19.25,19.25,18.75,19.25,15400,4.137997
1986-11-28,19.25,19.25,19.00,19.25,4100,4.137997
1986-11-26,19.25,19.25,19.00,19.25,3300,4.137997
1986-11-25,19.25,19.25,19.00,19.25,4400,4.137997
1986-11-24,19.125,19.375,19.125,19.25,9300,4.137997
1986-11-21,19.25,19.25,19.00,19.125,8000,4.111127
1986-11-20,18.875,19.25,18.375,19.25,14100,4.137997
1986-11-19,18.75,19.00,18.75,18.875,9600,4.057387
1986-11-18,19.375,19.375,18.75,18.75,2400,4.030517
1986-11-17,19.25,19.375,19.25,19.375,13400,4.164867
1986-11-14,18.875,19.125,18.75,19.00,18000,4.084257
1986-11-13,18.75,19.00,18.625,18.875,6400,4.057387
1986-11-12,19.125,19.125,18.50,18.75,43500,4.030517
1986-11-11,19.375,19.375,19.125,19.125,5500,4.111127
1986-11-10,19.50,19.625,19.125,19.625,20300,4.218607
1986-11-07,19.25,19.50,19.125,19.50,7500,4.191737
1986-11-06,19.375,19.375,19.125,19.25,23200,4.137997
1986-11-05,19.25,19.50,19.125,19.50,8900,4.191737
1986-11-04,19.875,19.875,19.25,19.25,15300,4.137997
1986-11-03,20.00,20.00,19.375,19.875,11300,4.272348
1986-10-31,20.25,20.75,19.75,20.00,10100,4.299218
1986-10-30,20.50,20.75,20.25,20.25,3900,4.352958
1986-10-29,20.50,20.625,20.125,20.50,6300,4.406698
1986-10-28,20.125,20.75,20.125,20.50,8700,4.406698
1986-10-27,20.625,20.625,20.125,20.125,7000,4.326088
1986-10-24,20.50,20.75,20.25,20.625,5400,4.433568
1986-10-23,20.50,20.625,20.375,20.50,5900,4.406698
1986-10-22,20.25,20.50,20.25,20.50,2900,4.406698
1986-10-21,20.00,20.50,20.00,20.25,1400,4.352958
1986-10-20,20.00,20.875,20.00,20.00,10300,4.299218
1986-10-17,20.625,20.625,20.00,20.00,29400,4.299218
1986-10-16,19.875,21.00,19.625,20.625,54700,4.433568
1986-10-15,19.75,19.875,19.75,19.875,8900,4.272348
1986-10-14,19.50,19.75,19.50,19.75,3100,4.245478
1986-10-13,19.75,19.75,19.375,19.50,3600,4.191737
1986-10-10,19.50,20.00,19.50,19.875,5900,4.272348
1986-10-09,19.75,19.875,19.50,19.50,7400,4.191737
1986-10-08,19.875,19.875,19.50,19.75,2100,4.245478
1986-10-07,19.875,19.875,19.75,19.875,6000,4.272348
1986-10-06,19.875,20.00,19.625,19.875,7100,4.272348
1986-10-03,19.875,20.00,19.75,19.875,28200,4.272348
1986-10-02,19.625,19.875,19.50,19.875,17700,4.272348
1986-10-01,19.625,19.625,19.50,19.625,10600,4.218607
1986-09-30,19.25,19.625,19.25,19.625,27100,4.218607
1986-09-29,19.375,19.375,19.125,19.25,3100,4.137997
1986-09-26,19.125,19.375,19.125,19.375,6100,4.164867
1986-09-25,19.75,19.75,19.125,19.125,27600,4.111127
1986-09-24,19.50,19.75,19.25,19.75,15700,4.245478
1986-09-23,19.375,19.50,19.125,19.50,6300,4.191737
1986-09-22,19.125,19.375,19.125,19.375,3400,4.164867
1986-09-19,19.25,19.25,19.125,19.125,53500,4.111127
1986-09-18,19.75,19.75,19.375,19.375,2900,4.164867
1986-09-17,19.75,19.75,19.375,19.75,7300,4.245478
1986-09-16,19.75,19.75,19.50,19.75,3000,4.245478
1986-09-15,20.00,20.375,19.75,20.00,4800,4.299218
1986-09-12,19.375,20.25,18.625,20.00,23300,4.299218
1986-09-11,20.00,20.00,19.25,19.375,37500,4.164867
1986-09-10,21.00,21.125,19.75,20.00,25600,4.299218
1986-09-09,21.50,21.50,21.00,21.00,2600,4.514179
1986-09-08,21.625,21.625,21.25,21.50,10800,4.621659
1986-09-05,22.25,22.50,21.625,21.625,4900,4.648529
1986-09-04,22.125,22.375,22.00,22.25,7100,4.78288
1986-09-03,22.50,22.75,22.00,22.125,11400,4.75601
1986-09-02,22.25,22.75,22.25,22.50,6000,4.83662
1986-08-29,22.50,22.50,22.125,22.125,2900,4.75601
1986-08-28,22.50,22.50,22.125,22.50,10100,4.83662
1986-08-27,22.625,23.25,22.50,22.50,13300,4.83662
1986-08-26,22.375,22.75,22.25,22.625,58800,4.86349
1986-08-25,22.25,22.50,22.25,22.375,6100,4.80975
1986-08-22,22.50,22.50,21.875,22.125,5600,4.75601
1986-08-21,21.875,22.50,21.625,22.50,4300,4.83662
1986-08-20,22.25,22.25,21.75,21.875,10000,4.702269
1986-08-19,21.50,22.375,21.25,22.375,6100,4.80975
1986-08-18,21.50,21.50,21.00,21.50,16700,4.621659
1986-08-15,20.875,21.50,20.75,21.50,19800,4.621659
1986-08-14,20.75,21.00,20.75,20.875,21500,4.487309
1986-08-13,20.75,20.75,20.50,20.75,17000,4.460438
1986-08-12,20.25,20.75,20.25,20.75,22400,4.460438
1986-08-11,20.50,20.75,20.00,20.00,26100,4.299218
1986-08-08,20.50,20.50,20.25,20.50,8100,4.406698
1986-08-07,20.25,20.875,20.25,20.875,6500,4.487309
1986-08-06,20.25,20.25,20.25,20.25,50000,4.352958
1986-08-05,19.875,20.25,19.875,20.25,27400,4.352958
1986-08-04,20.50,20.75,19.75,19.875,44500,4.272348
1986-08-01,20.625,20.625,20.50,20.50,18800,4.406698
1986-07-31,20.625,20.75,20.625,20.75,8500,4.460438
1986-07-30,20.00,20.75,20.00,20.625,12200,4.433568
1986-07-29,19.75,20.00,19.75,19.875,11400,4.272348
1986-07-28,19.75,19.875,19.50,19.75,23100,4.245478
1986-07-25,19.625,19.75,19.50,19.75,1300,4.245478
1986-07-24,19.75,19.75,19.25,19.625,9000,4.218607
1986-07-23,19.50,19.875,19.50,19.75,9000,4.245478
1986-07-22,19.375,19.875,19.25,19.50,5200,4.191737
1986-07-21,19.625,19.75,19.25,19.375,3600,4.164867
1986-07-18,19.375,19.625,19.25,19.625,7400,4.218607
1986-07-17,19.375,19.75,19.375,19.375,5300,4.164867
1986-07-16,19.125,19.75,19.125,19.375,26700,4.164867
1986-07-15,20.00,20.00,19.125,19.125,7800,4.111127
1986-07-14,20.25,20.375,20.00,20.125,7500,4.326088
1986-07-11,20.25,20.25,19.875,20.25,3500,4.352958
1986-07-10,19.625,20.25,19.50,20.25,4900,4.352958
1986-07-09,19.25,19.625,19.125,19.625,12600,4.218607
1986-07-08,19.50,19.50,19.00,19.25,26900,4.137997
1986-07-07,20.375,20.375,19.50,19.50,10700,4.191737
1986-07-03,20.375,20.625,20.25,20.375,35300,4.379828
1986-07-02,20.125,20.50,20.00,20.375,16900,4.379828
1986-07-01,20.125,20.50,20.125,20.125,8000,4.326088
1986-06-30,19.50,20.00,19.50,20.00,9100,4.299218
1986-06-27,19.125,19.50,19.00,19.50,12600,4.191737
1986-06-26,19.125,19.375,19.00,19.125,9700,4.111127
1986-06-25,19.25,19.25,19.00,19.125,5200,4.111127
1986-06-24,18.875,19.25,18.75,19.25,7700,4.137997
1986-06-23,18.375,18.875,18.25,18.875,4600,4.057387
1986-06-20,18.75,18.875,18.25,18.375,22200,3.949906
1986-06-19,18.875,18.875,18.50,18.75,3500,4.030517
1986-06-18,19.00,19.00,18.75,19.00,5900,4.084257
1986-06-17,19.00,19.125,18.625,19.00,6400,4.084257
1986-06-16,19.00,19.125,18.875,19.00,8000,4.084257
1986-06-13,19.00,19.00,18.875,19.00,4300,4.084257
1986-06-12,18.625,19.00,18.625,19.00,6300,4.084257
1986-06-11,19.00,19.00,18.625,18.625,3500,4.003647
1986-06-10,19.00,19.00,18.75,19.00,6500,4.084257
1986-06-09,19.25,19.375,18.875,19.00,35200,4.084257
1986-06-06,19.25,19.875,19.25,19.25,8200,4.137997
1986-06-05,18.50,19.25,18.50,19.25,5700,4.137997
1986-06-04,18.625,18.75,18.375,18.50,4200,3.976776
1986-06-03,18.50,18.625,18.375,18.625,600,4.003647
1986-06-02,18.50,18.875,18.50,18.50,5300,3.976776
1986-05-30,18.375,18.75,18.375,18.50,1600,3.976776
1986-05-29,18.625,18.625,18.25,18.375,1800,3.949906
1986-05-28,18.375,18.625,18.125,18.625,8000,4.003647
1986-05-27,18.125,18.375,18.125,18.375,7500,3.949906
1986-05-23,18.375,18.50,18.125,18.125,5100,3.896166
1986-05-22,18.125,18.375,18.125,18.375,5700,3.949906
1986-05-21,18.25,18.25,18.125,18.125,4000,3.896166
1986-05-20,17.875,18.375,17.875,18.25,6900,3.923036
1986-05-19,17.75,18.125,17.75,17.875,6900,3.842426
1986-05-16,18.125,18.375,17.75,17.75,51900,3.815556
1986-05-15,18.25,18.25,18.00,18.125,10300,3.896166
1986-05-14,18.125,18.375,18.125,18.25,8400,3.923036
1986-05-13,17.875,18.125,17.75,18.125,3700,3.896166
1986-05-12,17.875,17.875,17.75,17.875,1800,3.842426
1986-05-09,17.625,17.875,17.625,17.875,5800,3.842426
1986-05-08,18.00,18.00,17.625,17.625,12000,3.788686
1986-05-07,18.125,18.125,18.00,18.125,8000,3.896166
1986-05-06,18.25,18.375,18.125,18.125,3400,3.896166
1986-05-05,18.125,18.375,18.125,18.25,5800,3.923036
1986-05-02,18.50,18.50,18.125,18.125,4000,3.896166
1986-05-01,18.625,18.625,18.25,18.50,3000,3.976776
1986-04-30,18.50,18.875,18.375,18.75,7500,4.030517
1986-04-29,18.375,18.625,18.25,18.50,18600,3.976776
1986-04-28,18.50,18.625,18.25,18.375,3200,3.949906
1986-04-25,18.25,18.50,18.125,18.50,29200,3.976776
1986-04-24,18.375,18.375,18.125,18.25,9300,3.923036
1986-04-23,18.375,18.375,18.125,18.375,8800,3.949906
1986-04-22,18.25,18.625,18.25,18.375,14000,3.949906
1986-04-21,18.50,18.75,18.25,18.25,18100,3.923036
1986-04-18,18.50,18.875,18.50,18.50,10300,3.976776
1986-04-17,18.375,18.625,18.25,18.25,6000,3.923036
1986-04-16,18.125,18.875,18.125,18.375,7600,3.949906
1986-04-15,18.375,18.625,18.00,18.00,8900,3.869296
1986-04-14,18.75,18.875,18.375,18.375,5100,3.949906
1986-04-11,18.875,18.875,18.25,18.75,6300,4.030517
1986-04-10,18.75,18.875,18.75,18.875,10700,4.057387
1986-04-09,18.375,18.625,18.375,18.50,8100,3.976776
1986-04-08,18.125,18.25,17.125,18.25,12200,3.923036
1986-04-07,18.50,18.50,17.50,18.125,14300,3.896166
1986-04-04,18.875,18.875,18.00,18.50,8700,3.976776
1986-04-03,19.25,19.50,18.875,18.875,24900,4.057387
1986-04-02,19.50,19.50,19.125,19.25,20200,4.137997
1986-04-01,19.50,19.625,19.375,19.50,9900,4.191737
1986-03-31,19.25,19.50,19.25,19.50,8600,4.191737
1986-03-27,19.50,19.50,19.25,19.25,5200,4.137997
1986-03-26,19.50,19.50,19.375,19.50,1400,4.191737
1986-03-25,19.75,19.75,19.25,19.50,5500,4.191737
1986-03-24,19.50,19.75,19.25,19.75,3000,4.245478
1986-03-21,19.375,19.50,18.875,19.50,15300,4.191737
1986-03-20,19.25,19.375,19.125,19.375,3200,4.164867
1986-03-19,19.00,19.25,18.625,19.25,6700,4.137997
1986-03-18,19.25,19.25,19.00,19.00,12400,4.084257
1986-03-17,19.00,19.50,18.875,19.25,22400,4.137997
1986-03-14,17.875,19.00,17.75,19.00,13500,4.084257
1986-03-13,17.75,17.875,17.75,17.875,3800,3.842426
1986-03-12,17.50,18.00,17.50,17.75,8900,3.815556
1986-03-11,17.50,17.50,17.375,17.50,2700,3.761816
1986-03-10,17.50,17.625,17.375,17.50,8600,3.761816
1986-03-07,17.625,17.625,17.375,17.50,5800,3.761816
1986-03-06,17.625,17.625,17.375,17.625,5800,3.788686
1986-03-05,17.75,17.875,17.375,17.625,21700,3.788686
1986-03-04,18.00,18.00,17.75,17.75,2900,3.815556
1986-03-03,17.875,18.00,17.75,18.00,5700,3.869296
1986-02-28,17.625,17.875,17.625,17.875,9500,3.842426
1986-02-27,17.625,17.75,17.375,17.625,3900,3.788686
1986-02-26,17.75,18.00,17.375,17.625,4100,3.788686
1986-02-25,17.875,18.00,17.75,17.75,2800,3.815556
1986-02-24,18.00,18.125,17.875,17.875,12500,3.842426
1986-02-21,17.875,18.00,17.875,18.00,3100,3.869296
1986-02-20,17.75,18.00,17.50,17.875,8100,3.842426
1986-02-19,17.875,17.875,17.625,17.75,5700,3.815556
1986-02-18,17.75,17.875,17.75,17.875,6100,3.842426
1986-02-14,17.75,17.875,17.625,17.625,2600,3.788686
1986-02-13,17.25,17.75,17.25,17.75,3200,3.815556
1986-02-12,17.25,17.50,17.125,17.125,5200,3.681205
1986-02-11,17.50,17.50,17.25,17.25,2900,3.708075
1986-02-10,17.375,17.625,17.125,17.50,11200,3.761816
1986-02-07,17.00,17.375,16.75,17.375,6300,3.734945
1986-02-06,17.375,17.50,16.75,17.00,4600,3.654335
1986-02-05,17.75,17.75,17.25,17.375,7900,3.734945
1986-02-04,17.75,18.00,17.375,17.75,15300,3.815556
1986-02-03,17.375,17.875,17.25,17.75,9800,3.815556
1986-01-31,16.875,17.50,16.875,17.375,7200,3.734945
1986-01-30,16.75,17.00,16.625,16.625,3900,3.573725
1986-01-29,17.25,17.375,16.75,16.75,11400,3.600595
1986-01-28,17.25,17.25,17.00,17.25,8100,3.708075
1986-01-27,16.875,17.25,16.875,17.25,11200,3.708075
1986-01-24,17.00,17.125,16.875,16.875,7200,3.627465
1986-01-23,17.00,17.125,16.875,17.00,8300,3.654335
1986-01-22,17.00,17.25,16.875,17.00,20200,3.654335
1986-01-21,16.625,17.00,16.625,17.00,27300,3.654335
1986-01-20,16.75,16.875,16.625,16.625,6400,3.573725
1986-01-17,16.75,16.875,16.75,16.75,14400,3.600595
1986-01-16,16.625,16.75,16.625,16.75,4500,3.600595
1986-01-15,16.625,16.75,16.50,16.625,5600,3.573725
1986-01-14,16.50,16.875,16.50,16.625,5700,3.573725
1986-01-13,16.50,16.75,16.50,16.50,3300,3.546855
1986-01-10,16.625,16.875,16.25,16.50,9000,3.546855
1986-01-09,16.625,16.75,16.50,16.625,5400,3.573725
1986-01-08,16.50,17.00,16.50,16.625,24400,3.573725
1986-01-07,16.375,16.50,16.25,16.50,13700,3.546855
1986-01-06,16.50,16.50,16.125,16.375,5600,3.519985
1986-01-03,16.75,16.875,16.125,16.50,15200,3.546855
1986-01-02,16.875,17.00,16.625,16.75,5300,3.600595
1985-12-31,16.625,17.125,16.625,16.875,8100,3.627465
1985-12-30,16.25,16.50,16.25,16.50,6900,3.546855
1985-12-27,16.00,16.125,15.875,16.00,6100,3.439374
1985-12-26,15.875,16.125,15.875,16.00,4200,3.439374
1985-12-24,16.00,16.125,15.75,15.875,6400,3.412504
1985-12-23,16.00,16.00,15.75,16.00,4200,3.439374
1985-12-20,16.00,16.00,15.50,16.00,9400,3.439374
1985-12-19,15.875,16.00,15.75,16.00,9500,3.439374
1985-12-18,15.875,15.875,15.625,15.875,6600,3.412504
1985-12-17,15.625,15.875,15.625,15.875,7700,3.412504
1985-12-16,16.00,16.00,15.25,15.50,22200,3.331894
1985-12-13,16.00,16.25,15.875,16.00,13300,3.439374
1985-12-12,16.125,16.25,16.00,16.00,6900,3.439374
1985-12-11,16.125,16.125,15.75,16.125,19100,3.466244
1985-12-10,16.375,16.375,16.125,16.25,2500,3.493114
1985-12-09,16.375,16.375,16.125,16.375,7700,3.519985
1985-12-06,16.50,16.50,16.375,16.375,3000,3.519985
1985-12-05,16.625,16.625,16.25,16.50,10000,3.546855
1985-12-04,16.375,16.625,16.375,16.625,10500,3.573725
1985-12-03,16.25,16.375,16.125,16.375,4000,3.519985
1985-12-02,16.375,16.50,16.125,16.25,6200,3.493114
1985-11-29,16.375,16.50,16.375,16.375,2100,3.519985
1985-11-27,16.375,16.375,16.125,16.375,2600,3.519985
1985-11-26,16.25,16.50,16.25,16.375,2000,3.519985
1985-11-25,16.375,16.375,16.25,16.25,6300,3.493114
1985-11-22,16.25,16.375,16.25,16.375,10600,3.519985
1985-11-21,16.00,16.25,15.875,16.25,9100,3.493114
1985-11-20,16.00,16.125,16.00,16.00,9200,3.439374
1985-11-19,15.50,16.00,15.50,16.00,27900,3.439374
1985-11-18,16.125,16.125,15.50,15.50,12900,3.331894
1985-11-15,16.25,16.25,16.00,16.125,5300,3.466244
1985-11-14,16.375,16.375,16.125,16.25,10400,3.493114
1985-11-13,16.25,16.375,16.125,16.375,9400,3.519985
1985-11-12,16.25,16.375,16.125,16.25,9400,3.493114
1985-11-11,16.25,16.25,16.00,16.25,4800,3.493114
1985-11-08,16.125,16.25,16.00,16.25,11500,3.493114
1985-11-07,16.25,16.25,16.00,16.125,5300,3.466244
1985-11-06,16.25,16.25,16.125,16.25,4700,3.493114
1985-11-05,24.499995,24.499995,24.499995,24.499995,1200,3.511027
1985-11-04,24.499995,24.499995,24.499995,24.499995,2500,3.511027
1985-11-01,24.625005,24.625005,24.375,24.499995,1300,3.511027
1985-10-31,24.375,24.625005,24.375,24.625005,2200,3.528942
1985-10-30,24.375,24.499995,24.00,24.250005,4500,3.475202
1985-10-29,24.375,24.499995,24.124995,24.375,10900,3.493114
1985-10-28,24.00,24.375,24.00,24.375,12100,3.493114
1985-10-25,24.124995,24.124995,24.00,24.00,1900,3.439374
1985-10-24,24.375,24.499995,24.00,24.250005,4000,3.475202
1985-10-23,24.250005,24.375,24.124995,24.375,3400,3.493114
1985-10-22,24.499995,24.625005,24.250005,24.250005,2700,3.475202
1985-10-21,24.499995,24.499995,24.250005,24.499995,2400,3.511027
1985-10-18,24.375,24.75,24.375,24.625005,13800,3.528942
1985-10-17,24.250005,24.499995,24.250005,24.250005,6300,3.475202
1985-10-16,23.749995,24.124995,23.749995,24.124995,3100,3.457287
1985-10-15,23.500005,24.00,23.500005,23.749995,27100,3.403547
1985-10-14,23.625,23.625,23.25,23.25,1600,3.331894
1985-10-11,23.749995,24.375,23.749995,23.749995,9100,3.403547
1985-10-10,23.500005,23.749995,22.999995,23.749995,8800,3.403547
1985-10-09,23.125005,23.500005,23.125005,23.500005,3400,3.367721
1985-10-08,22.999995,23.500005,22.750005,23.125005,5800,3.313981
1985-10-07,23.25,23.25,22.999995,22.999995,4200,3.296066
1985-10-04,22.999995,23.25,22.875,23.25,7500,3.331894
1985-10-03,22.875,22.999995,22.624995,22.999995,16800,3.296066
1985-10-02,22.875,22.875,22.875,22.875,000,3.278154
1985-10-01,22.624995,22.875,22.50,22.875,3000,3.278154
1985-09-30,22.750005,22.875,22.624995,22.624995,17200,3.242326
1985-09-26,22.875,22.875,22.624995,22.750005,4000,3.260241
1985-09-25,22.875,22.875,22.750005,22.875,2100,3.278154
1985-09-24,22.999995,22.999995,22.875,22.999995,1500,3.296066
1985-09-23,22.750005,22.999995,22.50,22.999995,8100,3.296066
1985-09-20,22.375005,22.750005,22.375005,22.750005,6000,3.260241
1985-09-19,22.999995,22.999995,22.249995,22.375005,15900,3.206501
1985-09-18,24.00,24.00,23.500005,23.500005,7300,3.367721
1985-09-17,23.749995,24.00,23.749995,24.00,4000,3.439374
1985-09-16,23.25,23.749995,23.25,23.749995,11800,3.403547
1985-09-13,23.374995,23.374995,23.125005,23.25,2400,3.331894
1985-09-12,24.00,24.00,23.25,23.374995,4300,3.349806
1985-09-11,24.375,24.375,24.00,24.00,4200,3.439374
1985-09-10,24.375,24.75,24.250005,24.375,19200,3.493114
1985-09-09,25.000005,25.000005,24.375,24.375,4000,3.493114
1985-09-06,24.499995,25.000005,24.499995,25.000005,13500,3.582682
1985-09-05,23.749995,24.499995,23.749995,24.499995,10000,3.511027
1985-09-04,23.25,23.500005,23.25,23.500005,8700,3.367721
1985-09-03,22.875,22.999995,22.875,22.999995,4000,3.296066
1985-08-30,22.999995,22.999995,22.875,22.875,2800,3.278154
1985-08-29,22.875,22.999995,22.875,22.999995,5700,3.296066
1985-08-28,22.875,22.999995,22.875,22.875,12700,3.278154
1985-08-27,22.875,22.999995,22.750005,22.750005,1800,3.260241
1985-08-26,22.750005,22.875,22.50,22.875,4300,3.278154
1985-08-23,22.624995,22.750005,22.624995,22.750005,2400,3.260241
1985-08-22,22.249995,22.50,22.000005,22.50,5800,3.224413
1985-08-21,22.125,22.249995,22.000005,22.249995,3400,3.188586
1985-08-20,22.000005,22.50,22.000005,22.125,4000,3.170673
1985-08-19,22.125,22.125,22.000005,22.000005,3100,3.15276
1985-08-16,22.50,22.50,22.125,22.125,5100,3.170673
1985-08-15,22.750005,22.750005,22.50,22.50,1600,3.224413
1985-08-14,22.875,22.875,22.624995,22.750005,4500,3.260241
1985-08-13,22.50,22.999995,22.375005,22.875,12300,3.278154
1985-08-12,22.999995,22.999995,22.50,22.50,2100,3.224413
1985-08-09,22.875,22.999995,22.875,22.999995,7800,3.296066
1985-08-08,22.50,22.999995,22.50,22.875,17400,3.278154
1985-08-07,22.249995,22.50,22.000005,22.50,4900,3.224413
1985-08-06,22.249995,22.249995,22.000005,22.249995,144000,3.188586
1985-08-05,22.125,22.249995,22.000005,22.249995,7600,3.188586
1985-08-02,22.249995,22.249995,22.000005,22.125,13800,3.170673
1985-08-01,22.249995,22.375005,22.000005,22.249995,87400,3.188586
1985-07-31,22.125,22.249995,22.125,22.249995,3300,3.188586
1985-07-30,22.375005,22.375005,22.000005,22.125,36400,3.170673
1985-07-29,22.375005,22.375005,22.125,22.375005,4000,3.206501
1985-07-26,22.375005,22.375005,22.125,22.375005,22200,3.206501
1985-07-25,22.375005,22.375005,22.125,22.375005,8100,3.206501
1985-07-24,22.375005,22.375005,22.125,22.375005,9600,3.206501
1985-07-23,22.375005,22.375005,22.125,22.375005,1800,3.206501
1985-07-22,22.249995,22.375005,22.249995,22.375005,4800,3.206501
1985-07-19,22.125,22.249995,21.874995,22.249995,20800,3.188586
1985-07-18,22.125,22.375005,22.125,22.125,3700,3.170673
1985-07-17,22.125,22.125,22.000005,22.125,10000,3.170673
1985-07-16,21.874995,22.125,21.75,22.125,65200,3.170673
1985-07-15,21.874995,21.874995,21.75,21.874995,10800,3.134846
1985-07-12,21.75,21.874995,21.75,21.874995,10800,3.134846
1985-07-11,21.625005,21.874995,21.625005,21.625005,16500,3.09902
1985-07-10,21.625005,21.874995,21.625005,21.625005,24400,3.09902
1985-07-09,21.499995,21.625005,21.499995,21.625005,12000,3.09902
1985-07-08,21.625005,21.625005,21.499995,21.499995,8800,3.081105
1985-07-05,21.625005,21.75,21.625005,21.75,4200,3.116933
1985-07-03,21.75,22.000005,21.625005,21.625005,6300,3.09902
1985-07-02,21.625005,21.75,21.625005,21.75,21700,3.116933
1985-07-01,21.499995,21.625005,21.250005,21.625005,12300,3.09902
1985-06-28,21.499995,21.499995,21.250005,21.499995,28800,3.081105
1985-06-27,21.499995,21.499995,21.124995,21.499995,33300,3.081105
1985-06-26,21.499995,21.625005,21.375,21.499995,15100,3.081105
1985-06-25,21.375,21.625005,21.375,21.499995,18400,3.081105
1985-06-24,21.375,21.499995,21.250005,21.375,19800,3.063193
1985-06-21,21.499995,21.499995,21.375,21.375,7500,3.063193
1985-06-20,21.499995,21.499995,21.124995,21.499995,11500,3.081105
1985-06-19,21.874995,21.874995,21.375,21.499995,14700,3.081105
1985-06-18,21.874995,22.000005,21.625005,22.000005,53700,3.15276
1985-06-17,21.625005,21.874995,21.625005,21.874995,6100,3.134846
1985-06-14,21.874995,22.000005,21.625005,21.625005,5200,3.09902
1985-06-13,21.874995,21.874995,21.75,21.874995,6900,3.134846
1985-06-12,21.499995,21.874995,21.499995,21.874995,8200,3.134846
1985-06-11,21.625005,21.874995,21.499995,21.499995,7800,3.081105
1985-06-10,21.75,21.874995,21.499995,21.625005,11400,3.09902
1985-06-07,21.874995,21.874995,21.75,21.75,6300,3.116933
1985-06-06,22.000005,22.000005,21.874995,21.874995,9700,3.134846
1985-06-05,21.874995,22.249995,21.874995,22.000005,21600,3.15276
1985-06-04,21.75,21.874995,21.250005,21.874995,11400,3.134846
1985-06-03,21.375,21.75,21.375,21.75,15700,3.116933
1985-05-31,21.375,21.499995,21.250005,21.250005,21900,3.04528
1985-05-30,21.625005,21.874995,21.00,21.375,17700,3.063193
1985-05-29,21.874995,22.000005,21.625005,21.625005,9600,3.09902
1985-05-28,21.874995,21.874995,21.874995,21.874995,100,3.134846
1985-05-24,21.874995,21.874995,21.75,21.874995,4500,3.134846
1985-05-23,21.874995,22.000005,21.75,21.874995,4500,3.134846
1985-05-22,22.125,22.249995,21.874995,21.874995,13600,3.134846
1985-05-21,22.125,22.249995,22.000005,22.125,8800,3.170673
1985-05-20,22.000005,22.125,22.000005,22.125,15600,3.170673
1985-05-17,22.000005,22.000005,21.75,21.874995,15600,3.134846
1985-05-16,21.75,22.000005,21.75,22.000005,28900,3.15276
1985-05-15,21.75,21.874995,21.75,21.75,10000,3.116933
1985-05-14,21.75,21.75,21.625005,21.75,13500,3.116933
1985-05-13,21.75,21.874995,21.75,21.75,4000,3.116933
1985-05-10,21.625005,21.874995,21.625005,21.75,12400,3.116933
1985-05-09,21.75,21.75,21.625005,21.625005,6100,3.09902
1985-05-08,21.75,21.75,21.499995,21.75,5700,3.116933
1985-05-07,21.625005,21.75,21.625005,21.75,11100,3.116933
1985-05-06,21.250005,21.625005,21.250005,21.499995,27900,3.081105
1985-05-03,21.00,21.250005,21.00,21.124995,7900,3.027365
1985-05-02,21.124995,21.124995,20.875005,20.875005,8700,2.99154
1985-05-01,21.250005,21.375,21.00,21.250005,4000,3.04528
1985-04-30,21.375,21.375,21.00,21.250005,8700,3.04528
1985-04-29,21.250005,21.375,21.124995,21.375,4000,3.063193
1985-04-26,21.499995,21.499995,21.250005,21.250005,1200,3.04528
1985-04-25,21.499995,21.499995,21.124995,21.499995,6700,3.081105
1985-04-24,21.874995,21.874995,21.250005,21.499995,21300,3.081105
1985-04-23,21.499995,22.000005,21.499995,21.874995,16900,3.134846
1985-04-22,20.875005,21.375,20.875005,21.375,17500,3.063193
1985-04-19,21.00,21.124995,20.875005,20.875005,19900,2.99154
1985-04-18,20.749995,21.00,20.749995,21.00,14500,3.009452
1985-04-17,20.625,20.749995,20.625,20.749995,47800,2.973625
1985-04-16,20.625,20.625,20.500005,20.625,3100,2.955712
1985-04-15,20.625,20.625,20.374995,20.625,54600,2.955712
1985-04-12,21.00,21.00,20.749995,20.749995,67000,2.973625
1985-04-11,21.499995,21.625005,21.00,21.00,16600,3.009452
1985-04-10,21.75,21.75,21.375,21.499995,12700,3.081105
1985-04-09,21.874995,22.000005,21.499995,21.75,13200,3.116933
1985-04-08,21.874995,22.000005,21.75,21.874995,9400,3.134846
1985-04-04,21.874995,22.000005,21.625005,21.874995,4500,3.134846
1985-04-03,22.000005,22.000005,21.874995,21.874995,3600,3.134846
1985-04-02,22.249995,22.50,22.249995,22.249995,9000,3.188586
1985-04-01,22.000005,22.125,21.874995,22.000005,50200,3.15276
1985-03-29,21.499995,22.000005,21.499995,22.000005,24900,3.15276
1985-03-28,21.499995,21.499995,21.250005,21.499995,3900,3.081105
1985-03-27,21.499995,21.499995,21.250005,21.499995,7300,3.081105
1985-03-26,21.625005,21.625005,21.250005,21.499995,7300,3.081105
1985-03-25,21.625005,21.625005,21.375,21.625005,5100,3.09902
1985-03-22,21.375,21.75,21.375,21.625005,16800,3.09902
1985-03-21,21.124995,21.375,21.00,21.375,20100,3.063193
1985-03-20,21.00,21.250005,21.00,21.124995,3300,3.027365
1985-03-19,21.499995,21.499995,21.00,21.00,16000,3.009452
1985-03-18,21.499995,21.625005,20.875005,21.625005,44700,3.09902
1985-03-15,21.625005,21.625005,21.499995,21.499995,52900,3.081105
1985-03-14,21.625005,21.75,21.625005,21.625005,2700,3.09902
1985-03-13,21.75,21.874995,21.625005,21.625005,5200,3.09902
1985-03-12,21.75,21.75,21.250005,21.75,10900,3.116933
1985-03-11,21.75,21.75,21.499995,21.75,5800,3.116933
1985-03-08,21.75,21.75,21.499995,21.75,23400,3.116933
1985-03-07,21.75,21.75,21.625005,21.75,13600,3.116933
1985-03-06,21.499995,21.75,21.499995,21.75,1800,3.116933
1985-03-05,21.874995,21.874995,21.499995,21.499995,13300,3.081105
1985-03-04,21.625005,22.249995,21.625005,21.874995,8100,3.134846
1985-03-01,21.625005,21.75,21.499995,21.499995,9000,3.081105
1985-02-28,21.625005,21.75,21.625005,21.625005,3900,3.09902
1985-02-27,21.75,21.75,21.625005,21.625005,8700,3.09902
1985-02-26,22.249995,22.249995,21.499995,21.75,9900,3.116933
1985-02-25,22.125,22.249995,22.000005,22.249995,8400,3.188586
1985-02-22,22.624995,22.875,22.125,22.125,9000,3.170673
1985-02-21,22.624995,22.624995,22.50,22.624995,5100,3.242326
1985-02-20,22.750005,22.875,22.750005,22.750005,32200,3.260241
1985-02-19,22.750005,22.875,22.750005,22.750005,48900,3.260241
1985-02-15,22.50,22.875,22.50,22.50,5200,3.224413
1985-02-14,22.50,22.750005,22.50,22.50,47800,3.224413
1985-02-13,22.375005,22.50,22.375005,22.50,4600,3.224413
1985-02-12,22.50,22.50,22.375005,22.375005,2500,3.206501
1985-02-11,22.624995,22.624995,22.50,22.50,18100,3.224413
1985-02-08,22.50,22.750005,22.50,22.624995,1600,3.242326
1985-02-07,22.50,22.875,22.50,22.50,45400,3.224413
1985-02-06,22.875,22.875,22.50,22.50,8500,3.224413
1985-02-05,22.50,22.999995,22.50,22.999995,10000,3.296066
1985-02-04,21.499995,22.249995,21.499995,22.249995,17100,3.188586
1985-02-01,21.499995,21.75,21.499995,21.499995,8200,3.081105
1985-01-31,21.625005,21.625005,21.375,21.499995,31200,3.081105
1985-01-30,21.375,21.625005,21.375,21.625005,8800,3.09902
1985-01-29,21.124995,21.499995,21.124995,21.250005,30100,3.04528
1985-01-28,21.250005,21.625005,21.124995,21.124995,22200,3.027365
1985-01-25,21.00,21.625005,20.875005,21.250005,21700,3.04528
1985-01-24,21.00,21.375,20.749995,21.00,35500,3.009452
1985-01-23,21.375,21.375,21.00,21.00,8800,3.009452
1985-01-22,21.250005,21.625005,21.250005,21.625005,4600,3.09902
1985-01-21,21.250005,21.625005,21.124995,21.124995,6000,3.027365
1985-01-18,20.374995,21.250005,20.125005,21.250005,21000,3.04528
1985-01-17,20.500005,20.500005,19.999995,20.374995,3900,2.919885
1985-01-16,20.749995,20.749995,20.500005,20.500005,3000,2.937799
1985-01-15,20.749995,20.875005,20.749995,20.749995,6700,2.973625
1985-01-14,20.875005,20.875005,20.749995,20.749995,3900,2.973625
1985-01-11,20.875005,20.875005,20.749995,20.875005,3600,2.99154
1985-01-10,20.749995,21.00,20.749995,20.875005,9900,2.99154
1985-01-09,21.250005,21.499995,20.749995,20.749995,7900,2.973625
1985-01-08,21.375,21.375,21.250005,21.250005,4800,3.04528
1985-01-07,21.250005,21.499995,21.250005,21.499995,324000,3.081105
1985-01-04,21.00,21.499995,20.875005,21.250005,28200,3.04528
1985-01-03,20.749995,21.00,20.500005,21.00,24300,3.009452
1985-01-02,20.374995,21.00,20.374995,20.749995,106200,2.973625
1984-12-31,20.25,20.374995,20.25,20.25,2200,2.901972
1984-12-28,20.125005,20.374995,20.125005,20.25,7900,2.901972
1984-12-27,20.125005,20.500005,20.125005,20.125005,5100,2.884059
1984-12-26,20.125005,20.25,20.125005,20.125005,3400,2.884059
1984-12-24,19.875,20.125005,19.875,20.125005,6700,2.884059
1984-12-21,19.875,19.875,19.624995,19.750005,17100,2.830319
1984-12-20,20.25,20.374995,20.125005,20.125005,7300,2.884059
1984-12-19,20.500005,21.00,20.25,20.25,16200,2.901972
1984-12-18,20.500005,21.00,20.500005,20.500005,16200,2.937799
1984-12-17,20.25,20.625,20.25,20.500005,15400,2.937799
1984-12-14,19.750005,20.25,19.750005,20.25,7600,2.901972
1984-12-13,19.999995,19.999995,19.750005,19.750005,2100,2.830319
1984-12-12,19.875,19.999995,19.750005,19.999995,4200,2.866144
1984-12-11,19.624995,19.875,19.624995,19.875,4000,2.848232
1984-12-10,19.624995,19.875,19.624995,19.624995,3100,2.812404
1984-12-07,19.624995,19.875,19.624995,19.624995,9000,2.812404
1984-12-06,19.750005,19.750005,19.624995,19.624995,2500,2.812404
1984-12-05,19.750005,19.875,19.750005,19.750005,2700,2.830319
1984-12-04,19.624995,19.999995,19.624995,19.750005,1900,2.830319
1984-12-03,19.50,19.750005,19.249995,19.624995,12900,2.812404
1984-11-30,19.50,19.50,19.50,19.50,900,2.794492
1984-11-29,19.624995,19.624995,19.125,19.375005,8800,2.776579
1984-11-28,19.875,19.999995,19.624995,19.624995,17400,2.812404
1984-11-27,19.999995,19.999995,19.750005,19.875,4900,2.848232
1984-11-26,19.999995,20.125005,19.999995,20.125005,2100,2.884059
1984-11-23,19.875,20.125005,19.750005,19.999995,4500,2.866144
1984-11-21,19.875,19.999995,19.875,19.875,38100,2.848232
1984-11-20,19.875,19.999995,19.875,19.875,3400,2.848232
1984-11-19,19.875,19.875,19.875,19.875,2700,2.848232
1984-11-16,20.125005,20.125005,19.999995,20.125005,2800,2.884059
1984-11-15,19.999995,20.125005,19.999995,20.125005,4200,2.884059
1984-11-14,19.999995,20.125005,19.875,19.875,2100,2.848232
1984-11-13,19.999995,20.125005,19.875,19.999995,4300,2.866144
1984-11-12,19.999995,19.999995,19.750005,19.999995,4000,2.866144
1984-11-09,19.875,19.999995,19.875,19.999995,2100,2.866144
1984-11-08,19.875,19.999995,19.875,19.875,1900,2.848232
1984-11-07,19.999995,19.999995,19.875,19.875,2800,2.848232
1984-11-06,19.999995,20.125005,19.999995,20.125005,2800,2.884059
1984-11-05,19.750005,19.875,19.624995,19.875,9400,2.848232
1984-11-02,19.875,19.875,19.50,19.750005,21600,2.830319
1984-11-01,19.999995,19.999995,19.624995,19.875,12100,2.848232
1984-10-31,19.750005,19.999995,19.750005,19.999995,6400,2.866144
1984-10-30,19.624995,19.624995,19.624995,19.624995,1600,2.812404
1984-10-29,19.624995,19.624995,19.375005,19.50,4200,2.794492
1984-10-26,19.375005,19.624995,19.375005,19.624995,13500,2.812404
1984-10-25,19.375005,19.375005,19.249995,19.249995,21900,2.758664
1984-10-24,19.375005,19.375005,19.125,19.375005,3700,2.776579
1984-10-23,19.125,19.375005,19.000005,19.375005,3400,2.776579
1984-10-22,19.249995,19.249995,18.75,19.125,31800,2.740751
1984-10-19,19.249995,19.375005,19.000005,19.249995,27300,2.758664
1984-10-18,19.125,19.375005,19.000005,19.249995,25900,2.758664
1984-10-17,19.000005,19.375005,19.000005,19.125,12100,2.740751
1984-10-16,19.000005,19.249995,18.75,18.75,6700,2.687011
1984-10-15,19.125,19.249995,19.000005,19.000005,6300,2.722839
1984-10-12,19.000005,19.125,18.75,19.125,7300,2.740751
1984-10-11,19.125,19.249995,19.000005,19.000005,2100,2.722839
1984-10-10,19.000005,19.125,19.000005,19.125,1900,2.740751
1984-10-09,18.874995,19.125,18.874995,19.000005,6900,2.722839
1984-10-08,19.125,19.125,18.75,18.75,7600,2.687011
1984-10-05,19.249995,19.249995,19.249995,19.249995,100,2.758664
1984-10-04,19.125,19.50,19.125,19.125,31600,2.740751
1984-10-03,19.50,19.624995,19.125,19.125,1800,2.740751
1984-10-02,19.50,19.624995,19.50,19.50,3300,2.794492
1984-10-01,19.999995,19.999995,19.50,19.50,6300,2.794492
1984-09-28,19.875,21.250005,19.750005,19.999995,93000,2.866144
1984-09-27,18.625005,19.875,18.625005,19.875,30300,2.848232
1984-09-26,18.375,18.75,18.250005,18.625005,8800,2.669098
1984-09-25,18.375,18.625005,18.375,18.375,13500,2.633271
1984-09-24,18.375,18.499995,18.250005,18.250005,1500,2.615358
1984-09-21,18.00,19.000005,17.875005,18.375,16900,2.633271
1984-09-20,18.00,18.124995,17.875005,18.00,42300,2.579531
1984-09-19,18.00,18.00,17.625,18.00,8700,2.579531
1984-09-18,17.749995,18.250005,17.749995,18.250005,28300,2.615358
1984-09-17,17.625,17.625,17.374995,17.625,3300,2.52579
1984-09-14,17.374995,17.625,17.374995,17.625,16800,2.52579
1984-09-13,17.625,17.625,17.125005,17.125005,11700,2.454137
1984-09-12,17.749995,17.749995,17.749995,17.749995,4500,2.543703
1984-09-11,17.749995,17.875005,17.625,17.625,3600,2.52579
1984-09-10,17.500005,17.749995,17.374995,17.749995,2200,2.543703
1984-09-07,17.749995,17.875005,17.500005,17.500005,9000,2.507878
1984-09-06,17.749995,17.875005,17.749995,17.749995,3700,2.543703
1984-09-05,18.00,18.00,17.625,17.625,4900,2.52579
1984-09-04,18.250005,18.250005,18.00,18.00,3400,2.579531
1984-08-31,17.875005,18.250005,17.875005,18.250005,3700,2.615358
1984-08-30,18.00,18.00,17.749995,17.875005,5100,2.561618
1984-08-29,17.875005,18.00,17.875005,18.00,1000,2.579531
1984-08-28,17.749995,18.00,17.749995,17.749995,10200,2.543703
1984-08-27,17.749995,17.875005,17.500005,17.749995,4000,2.543703
1984-08-24,17.625,17.875005,17.625,17.749995,5800,2.543703
1984-08-23,17.625,17.749995,17.625,17.625,11800,2.52579
1984-08-22,17.625,17.625,17.625,17.625,2800,2.52579
1984-08-21,17.625,17.749995,17.500005,17.500005,3400,2.507878
1984-08-20,17.500005,17.749995,17.500005,17.625,11800,2.52579
1984-08-17,17.500005,17.749995,17.500005,17.500005,6300,2.507878
1984-08-16,17.374995,17.625,17.25,17.500005,14700,2.507878
1984-08-15,17.500005,17.500005,17.25,17.374995,4600,2.489963
1984-08-14,17.500005,17.625,17.374995,17.500005,9900,2.507878
1984-08-13,17.125005,17.500005,17.125005,17.500005,18900,2.507878
1984-08-10,17.125005,17.374995,17.125005,17.125005,26400,2.454137
1984-08-09,17.125005,17.25,17.125005,17.125005,34500,2.454137
1984-08-08,17.125005,17.374995,16.999995,17.125005,16200,2.454137
1984-08-07,17.25,17.25,16.999995,17.125005,6700,2.454137
1984-08-06,17.749995,17.875005,17.25,17.25,4900,2.47205
1984-08-03,17.500005,17.875005,17.125005,17.749995,35800,2.543703
1984-08-02,17.125005,17.500005,16.875,17.500005,38400,2.507878
1984-08-01,17.125005,17.125005,16.999995,17.125005,33000,2.454137
1984-07-31,16.999995,17.125005,16.999995,17.125005,26500,2.454137
1984-07-30,16.999995,16.999995,16.875,16.999995,3000,2.436223
1984-07-27,16.999995,17.125005,16.750005,16.999995,21000,2.436223
1984-07-26,16.999995,16.999995,16.875,16.999995,67600,2.436223
1984-07-25,16.999995,16.999995,16.875,16.999995,15300,2.436223
1984-07-24,16.999995,16.999995,16.875,16.999995,126600,2.436223
1984-07-23,16.999995,17.125005,16.999995,16.999995,6300,2.436223
1984-07-20,16.999995,16.999995,16.999995,16.999995,4000,2.436223
1984-07-19,17.500005,17.500005,16.999995,16.999995,8100,2.436223
1984-07-18,17.25,17.500005,17.125005,17.500005,3100,2.507878
1984-07-17,16.999995,17.25,16.999995,17.25,3600,2.47205
1984-07-16,17.125005,17.125005,16.875,16.875,5400,2.41831
1984-07-13,16.375005,17.25,16.375005,17.25,17100,2.47205
1984-07-12,16.750005,16.750005,16.000005,16.125,232800,2.31083
1984-07-11,16.999995,17.25,16.750005,16.999995,8500,2.436223
1984-07-10,16.999995,16.999995,16.999995,16.999995,14500,2.436223
1984-07-09,17.25,17.374995,16.999995,16.999995,3100,2.436223
1984-07-06,17.875005,17.875005,17.25,17.25,7600,2.47205
1984-07-05,18.00,18.250005,18.00,18.00,5800,2.579531
1984-07-03,17.749995,18.00,17.749995,18.00,10900,2.579531
1984-07-02,17.749995,18.00,17.625,17.749995,5400,2.543703
1984-06-29,18.00,18.124995,17.749995,17.749995,11700,2.543703
1984-06-28,17.749995,18.00,17.625,18.00,3000,2.579531
1984-06-27,17.749995,18.00,17.749995,17.749995,10500,2.543703
1984-06-26,17.875005,18.124995,17.625,17.625,3900,2.52579
1984-06-25,18.00,18.124995,17.875005,17.875005,1600,2.561618
1984-06-22,17.875005,18.124995,17.749995,18.00,15400,2.579531
1984-06-21,18.250005,18.250005,17.875005,17.875005,10200,2.561618
1984-06-20,18.124995,18.250005,18.124995,18.250005,2700,2.615358
1984-06-19,18.250005,18.250005,18.124995,18.124995,3000,2.597443
1984-06-18,18.499995,18.625005,18.250005,18.499995,5100,2.651184
1984-06-15,18.874995,18.874995,18.499995,18.499995,8500,2.651184
1984-06-14,18.625005,18.874995,18.625005,18.874995,1900,2.704924
1984-06-13,18.75,18.874995,18.625005,18.625005,900,2.669098
1984-06-12,18.874995,18.874995,18.625005,18.75,1600,2.687011
1984-06-11,18.625005,18.874995,18.625005,18.874995,10600,2.704924
1984-06-08,18.499995,18.625005,18.499995,18.625005,3900,2.669098
1984-06-07,18.375,18.375,18.124995,18.375,2700,2.633271
1984-06-06,18.00,18.375,18.00,18.375,3000,2.633271
1984-06-05,17.875005,18.250005,17.875005,17.875005,2700,2.561618
1984-06-04,17.625,17.875005,17.625,17.875005,12100,2.561618
1984-06-01,17.625,17.625,17.625,17.625,100,2.52579
1984-05-31,17.500005,17.625,17.500005,17.500005,1800,2.507878
1984-05-30,17.500005,17.500005,17.125005,17.25,7000,2.47205
1984-05-29,17.500005,17.625,17.500005,17.500005,5100,2.507878
1984-05-25,17.749995,17.749995,17.500005,17.500005,3900,2.507878
1984-05-24,17.749995,17.749995,17.625,17.749995,2200,2.543703
1984-05-23,17.749995,17.749995,17.749995,17.749995,700,2.543703
1984-05-22,17.625,17.749995,17.625,17.749995,3100,2.543703
1984-05-21,17.500005,17.749995,17.500005,17.625,6100,2.52579
1984-05-18,17.500005,17.749995,17.500005,17.500005,1500,2.507878
1984-05-17,17.500005,17.500005,17.374995,17.500005,3100,2.507878
1984-05-16,17.625,17.749995,17.500005,17.500005,3700,2.507878
1984-05-15,17.625,17.749995,17.500005,17.625,11500,2.52579
1984-05-14,17.749995,17.749995,17.625,17.625,2100,2.52579
1984-05-11,17.749995,17.749995,17.500005,17.749995,27900,2.543703
1984-05-10,17.749995,17.749995,17.625,17.749995,2200,2.543703
1984-05-09,17.625,17.749995,17.625,17.749995,1800,2.543703
1984-05-08,17.500005,17.749995,17.500005,17.625,2700,2.52579
1984-05-07,17.749995,17.749995,17.500005,17.500005,5700,2.507878
1984-05-04,17.749995,17.749995,17.749995,17.749995,600,2.543703
1984-05-03,17.749995,17.749995,17.500005,17.749995,2400,2.543703
1984-05-02,17.749995,17.875005,17.500005,17.749995,7900,2.543703
1984-05-01,17.749995,17.749995,17.625,17.749995,3000,2.543703
1984-04-30,17.749995,17.749995,17.749995,17.749995,300,2.543703
1984-04-27,17.625,17.625,17.625,17.625,2800,2.52579
1984-04-26,17.749995,17.749995,17.625,17.625,2100,2.52579
1984-04-25,17.749995,17.749995,17.625,17.749995,2200,2.543703
1984-04-24,17.749995,17.749995,17.500005,17.749995,4200,2.543703
1984-04-23,17.749995,17.749995,17.500005,17.749995,3600,2.543703
1984-04-19,17.625,17.875005,17.625,17.749995,6400,2.543703
1984-04-18,17.374995,17.625,17.374995,17.625,1500,2.52579
1984-04-17,17.25,17.25,17.25,17.25,600,2.47205
1984-04-16,17.25,17.25,17.25,17.25,1500,2.47205
1984-04-13,17.125005,17.125005,17.125005,17.125005,2700,2.454137
1984-04-12,17.25,17.374995,17.125005,17.125005,900,2.454137
1984-04-11,17.500005,17.500005,17.125005,17.25,3600,2.47205
1984-04-10,17.500005,17.749995,17.500005,17.749995,2700,2.543703
1984-04-09,17.625,17.625,17.500005,17.500005,1000,2.507878
1984-04-06,17.625,17.625,17.374995,17.625,2400,2.52579
1984-04-05,17.749995,17.749995,17.500005,17.625,1500,2.52579
1984-04-04,17.625,17.749995,17.500005,17.749995,4200,2.543703
1984-04-03,17.500005,17.625,17.500005,17.625,600,2.52579
1984-04-02,17.25,17.500005,17.125005,17.25,5200,2.47205
1984-03-30,17.125005,17.374995,17.125005,17.25,3300,2.47205
1984-03-29,17.125005,17.374995,17.125005,17.125005,5700,2.454137
1984-03-28,17.125005,17.125005,17.125005,17.125005,1500,2.454137
1984-03-27,17.25,17.25,17.25,17.25,3000,2.47205
1984-03-26,16.999995,17.25,16.999995,17.25,2200,2.47205
1984-03-23,17.25,17.25,16.875,16.875,1900,2.41831
1984-03-22,17.125005,17.25,17.125005,17.25,600,2.47205
1984-03-21,16.999995,16.999995,16.999995,16.999995,2200,2.436223
1984-03-20,17.625,17.625,17.125005,17.125005,4800,2.454137
1984-03-19,17.625,17.625,17.500005,17.625,1800,2.52579
1984-03-16,17.500005,17.875005,17.500005,17.875005,5500,2.561618
1984-03-15,17.500005,17.500005,17.500005,17.500005,100,2.507878
1984-03-14,17.749995,17.749995,17.749995,17.749995,400,2.543703
1984-03-13,17.625,17.625,17.500005,17.500005,400,2.507878
1984-03-12,17.749995,17.749995,17.749995,17.749995,400,2.543703
1984-03-09,17.500005,17.749995,17.374995,17.749995,2200,2.543703
1984-03-08,17.625,17.749995,17.500005,17.500005,1000,2.507878
1984-03-07,17.625,17.625,17.625,17.625,4000,2.52579
1984-03-06,17.500005,17.625,17.374995,17.625,1000,2.52579
1984-03-05,17.500005,17.500005,17.500005,17.500005,700,2.507878
1984-03-02,17.374995,17.374995,17.25,17.25,1500,2.47205
1984-03-01,17.749995,17.749995,17.500005,17.500005,4000,2.507878
1984-02-29,17.749995,17.749995,17.749995,17.749995,1300,2.543703
1984-02-28,17.374995,17.500005,17.374995,17.500005,3000,2.507878
1984-02-27,17.125005,17.374995,17.125005,17.374995,2800,2.489963
1984-02-24,16.999995,17.125005,16.999995,17.125005,2400,2.454137
1984-02-23,17.125005,17.25,16.999995,16.999995,1500,2.436223
1984-02-22,17.125005,17.125005,16.999995,17.125005,1800,2.454137
1984-02-21,17.25,17.25,17.25,17.25,300,2.47205
1984-02-17,16.999995,16.999995,16.999995,16.999995,900,2.436223
1984-02-16,16.875,16.999995,16.875,16.875,400,2.41831
1984-02-15,16.999995,16.999995,16.875,16.875,2200,2.41831
1984-02-14,16.999995,16.999995,16.999995,16.999995,600,2.436223
1984-02-13,16.999995,16.999995,16.875,16.999995,6600,2.436223
1984-02-10,17.125005,17.374995,16.999995,16.999995,7500,2.436223
1984-02-09,16.750005,17.125005,16.50,17.125005,6600,2.454137
1984-02-08,16.750005,16.750005,16.750005,16.750005,5200,2.400397
1984-02-07,16.999995,16.999995,16.750005,16.750005,5100,2.400397
1984-02-06,16.999995,16.999995,16.875,16.999995,2800,2.436223
1984-02-03,17.125005,17.374995,16.999995,16.999995,6400,2.436223
1984-02-02,17.374995,17.374995,16.999995,17.125005,5400,2.454137
1984-02-01,17.374995,17.374995,17.374995,17.374995,300,2.489963
1984-01-31,17.25,17.625,17.125005,17.625,2200,2.52579
1984-01-30,17.25,17.25,17.25,17.25,100,2.47205
1984-01-27,17.374995,17.625,17.374995,17.374995,3600,2.489963
1984-01-26,16.999995,17.374995,16.999995,17.125005,2500,2.454137
1984-01-25,17.125005,17.25,16.999995,16.999995,4200,2.436223
1984-01-24,17.25,17.25,17.125005,17.125005,2200,2.454137
1984-01-23,17.25,17.25,16.999995,17.25,3600,2.47205
1984-01-20,17.500005,17.500005,17.125005,17.500005,3300,2.507878
1984-01-19,18.00,18.00,17.500005,17.500005,6900,2.507878
1984-01-18,17.875005,18.00,17.875005,18.00,1500,2.579531
1984-01-17,17.749995,17.875005,17.500005,17.875005,4600,2.561618
1984-01-16,17.875005,17.875005,17.374995,17.749995,4800,2.543703
1984-01-13,17.875005,17.875005,17.500005,17.875005,5100,2.561618
1984-01-12,17.625,18.00,17.500005,18.00,5100,2.579531
1984-01-11,17.374995,17.875005,17.125005,17.625,5500,2.52579
1984-01-10,17.25,17.374995,17.125005,17.374995,4000,2.489963
1984-01-09,17.25,17.25,17.25,17.25,100,2.47205
1984-01-06,17.125005,17.500005,16.999995,17.500005,11500,2.507878
1984-01-05,17.125005,17.374995,17.125005,17.125005,6100,2.454137
1984-01-04,17.125005,17.125005,16.999995,16.999995,700,2.436223
1984-01-03,17.374995,17.374995,17.125005,17.125005,2200,2.454137
1983-12-30,17.125005,17.374995,16.999995,17.374995,3100,2.489963
1983-12-29,16.999995,17.125005,16.999995,17.125005,900,2.454137
1983-12-28,16.999995,16.999995,16.875,16.999995,1800,2.436223
1983-12-27,17.25,17.25,17.125005,17.125005,1800,2.454137
1983-12-23,17.25,17.25,17.125005,17.25,2700,2.47205
1983-12-22,16.750005,17.25,16.750005,17.25,9000,2.47205
1983-12-21,16.999995,16.999995,16.624995,16.750005,3700,2.400397
1983-12-20,17.125005,17.125005,16.999995,16.999995,3400,2.436223
1983-12-19,16.999995,17.25,16.999995,17.25,7300,2.47205
1983-12-16,16.750005,16.750005,16.750005,16.750005,3700,2.400397
1983-12-15,16.875,16.875,16.750005,16.750005,45400,2.400397
1983-12-14,16.999995,16.999995,16.999995,16.999995,2400,2.436223
1983-12-13,17.125005,17.125005,16.750005,16.750005,4200,2.400397
1983-12-12,17.25,17.374995,17.25,17.374995,2400,2.489963
1983-12-09,17.125005,17.374995,16.999995,16.999995,2400,2.436223
1983-12-08,17.125005,17.125005,17.125005,17.125005,300,2.454137
1983-12-07,17.500005,17.500005,17.25,17.25,1500,2.47205
1983-12-06,17.374995,17.500005,17.25,17.500005,1200,2.507878
1983-12-05,17.625,17.625,17.374995,17.374995,2400,2.489963
1983-12-02,17.625,17.625,17.625,17.625,1500,2.52579
1983-12-01,17.875005,17.875005,17.875005,17.875005,100,2.561618
1983-11-30,17.749995,17.749995,17.749995,17.749995,300,2.543703
1983-11-29,17.625,17.625,17.374995,17.500005,2400,2.507878
1983-11-28,17.625,17.749995,17.625,17.749995,1000,2.543703
1983-11-25,17.875005,17.875005,17.500005,17.500005,2200,2.507878
1983-11-23,17.625,17.875005,17.625,17.875005,3700,2.561618
1983-11-22,17.500005,17.500005,17.25,17.374995,9300,2.489963
1983-11-21,17.875005,18.00,17.500005,17.625,7500,2.52579
1983-11-18,17.875005,17.875005,17.374995,17.875005,14400,2.561618
1983-11-17,17.875005,17.875005,17.625,17.875005,900,2.561618
1983-11-16,17.749995,18.00,17.749995,18.00,4000,2.579531
1983-11-15,17.500005,17.749995,17.500005,17.749995,5700,2.543703
1983-11-14,17.875005,17.875005,17.500005,17.500005,4200,2.507878
1983-11-11,17.500005,17.875005,17.500005,17.875005,2500,2.561618
1983-11-10,17.25,17.500005,17.25,17.500005,2800,2.507878
1983-11-09,17.25,17.25,16.999995,17.25,3400,2.47205
1983-11-08,17.374995,17.374995,17.25,17.374995,700,2.489963
1983-11-07,17.125005,17.500005,17.125005,17.500005,3400,2.507878
1983-11-04,17.125005,17.125005,17.125005,17.125005,600,2.454137
1983-11-03,17.374995,17.374995,17.125005,17.374995,400,2.489963
1983-11-02,17.25,17.374995,17.25,17.374995,600,2.489963
1983-11-01,17.25,17.374995,16.999995,16.999995,1800,2.436223
1983-10-31,17.25,17.374995,17.25,17.25,900,2.47205
1983-10-28,17.374995,17.374995,17.25,17.25,7600,2.47205
1983-10-27,17.25,17.374995,17.25,17.374995,1500,2.489963
1983-10-26,17.25,17.374995,17.125005,17.125005,6400,2.454137
1983-10-25,17.25,17.25,17.25,17.25,2100,2.47205
1983-10-24,16.999995,17.125005,16.875,16.999995,4600,2.436223
1983-10-21,16.999995,16.999995,16.999995,16.999995,2800,2.436223
1983-10-20,17.125005,17.125005,17.125005,17.125005,300,2.454137
1983-10-19,17.125005,17.125005,16.999995,16.999995,2400,2.436223
1983-10-18,17.374995,17.500005,17.25,17.500005,11200,2.507878
1983-10-17,17.25,17.625,17.125005,17.374995,9600,2.489963
1983-10-14,16.999995,17.25,16.875,17.25,5800,2.47205
1983-10-13,17.25,17.25,16.999995,16.999995,2800,2.436223
1983-10-12,17.374995,17.374995,17.125005,17.374995,1300,2.489963
1983-10-11,17.500005,17.500005,17.374995,17.374995,6100,2.489963
1983-10-10,17.500005,17.500005,17.500005,17.500005,1000,2.507878
1983-10-07,17.25,17.500005,17.125005,17.500005,10600,2.507878
1983-10-06,17.500005,17.500005,17.25,17.25,7600,2.47205
1983-10-05,17.500005,17.625,16.999995,17.500005,16000,2.507878
1983-10-04,17.125005,17.500005,17.125005,17.500005,15100,2.507878
1983-10-03,16.875,16.999995,16.750005,16.750005,2200,2.400397
1983-09-30,16.875,16.875,16.750005,16.875,1000,2.41831
1983-09-29,16.875,16.875,16.875,16.875,600,2.41831
1983-09-28,16.875,16.999995,16.875,16.875,1200,2.41831
1983-09-27,16.999995,16.999995,16.624995,16.750005,3400,2.400397
1983-09-26,16.999995,16.999995,16.999995,16.999995,1000,2.436223
1983-09-23,16.999995,17.125005,16.875,16.875,2800,2.41831
1983-09-22,16.50,16.999995,16.50,16.999995,3400,2.436223
1983-09-21,16.50,16.750005,16.50,16.50,2700,2.36457
1983-09-20,16.50,16.50,16.375005,16.50,700,2.36457
1983-09-19,16.999995,16.999995,16.750005,16.999995,4300,2.436223
1983-09-16,17.125005,17.125005,17.125005,17.125005,4000,2.454137
1983-09-15,16.999995,17.25,16.999995,17.25,6000,2.47205
1983-09-14,16.50,16.875,16.50,16.875,1200,2.41831
1983-09-13,16.875,16.999995,16.50,16.50,4900,2.36457
1983-09-12,16.875,16.875,16.875,16.875,9700,2.41831
1983-09-09,16.750005,16.750005,16.750005,16.750005,600,2.400397
1983-09-08,16.750005,16.750005,16.50,16.50,3300,2.36457
1983-09-07,16.750005,16.875,16.750005,16.750005,400,2.400397
1983-09-06,16.624995,16.875,16.624995,16.624995,1000,2.382482
1983-09-02,16.750005,16.750005,16.624995,16.624995,1200,2.382482
1983-09-01,16.750005,16.750005,16.624995,16.750005,8700,2.400397
1983-08-31,16.875,16.999995,16.875,16.875,2500,2.41831
1983-08-30,16.750005,16.999995,16.624995,16.624995,12000,2.382482
1983-08-29,16.750005,16.750005,16.750005,16.750005,29200,2.400397
1983-08-26,16.50,16.750005,16.50,16.750005,2500,2.400397
1983-08-25,16.50,16.50,16.50,16.50,100,2.36457
1983-08-24,16.375005,16.624995,16.249995,16.50,1300,2.36457
1983-08-23,16.249995,16.624995,16.249995,16.375005,4000,2.346657
1983-08-22,16.375005,16.624995,16.249995,16.249995,2400,2.328742
1983-08-19,16.375005,16.624995,16.375005,16.375005,3300,2.346657
1983-08-18,16.50,16.624995,16.249995,16.249995,8400,2.328742
1983-08-17,16.50,16.624995,16.50,16.50,2500,2.36457
1983-08-16,16.750005,16.750005,16.50,16.50,2700,2.36457
1983-08-15,16.50,16.999995,16.50,16.750005,3600,2.400397
1983-08-12,16.375005,16.624995,16.249995,16.249995,1800,2.328742
1983-08-11,16.50,16.50,16.375005,16.375005,700,2.346657
1983-08-10,16.750005,16.750005,16.750005,16.750005,400,2.400397
1983-08-09,16.750005,16.750005,16.50,16.50,3000,2.36457
1983-08-08,16.999995,17.125005,16.875,16.875,3000,2.41831
1983-08-05,16.875,16.999995,16.875,16.999995,2700,2.436223
1983-08-04,16.249995,16.875,16.249995,16.875,2100,2.41831
1983-08-03,16.000005,16.000005,16.000005,16.000005,300,2.292917
1983-08-02,16.000005,16.000005,16.000005,16.000005,1500,2.292917
1983-08-01,16.125,16.375005,16.125,16.125,6300,2.31083
1983-07-29,15.874995,16.125,15.874995,16.125,3600,2.31083
1983-07-28,15.874995,15.874995,15.874995,15.874995,3300,2.275002
1983-07-27,16.000005,16.249995,15.874995,15.874995,1000,2.275002
1983-07-26,16.000005,16.375005,16.000005,16.000005,2800,2.292917
1983-07-25,16.000005,16.000005,16.000005,16.000005,3400,2.292917
1983-07-22,16.375005,16.375005,16.000005,16.000005,1800,2.292917
1983-07-21,16.125,16.750005,15.874995,16.624995,4900,2.382482
1983-07-20,15.75,16.125,15.75,16.125,8400,2.31083
1983-07-19,15.499995,15.75,15.499995,15.75,1600,2.257089
1983-07-18,15.124995,15.499995,14.875005,15.499995,4300,2.221262
1983-07-15,15.124995,15.124995,15.00,15.124995,1900,2.167522
1983-07-14,15.00,15.375,15.00,15.124995,5200,2.167522
1983-07-13,15.124995,15.250005,14.875005,14.875005,5100,2.131696
1983-07-12,15.375,15.375,15.00,15.124995,7000,2.167522
1983-07-11,15.499995,15.75,15.499995,15.499995,8100,2.221262
1983-07-08,15.499995,15.75,15.375,15.499995,26100,2.221262
1983-07-07,15.75,15.75,15.375,15.499995,8700,2.221262
1983-07-06,15.874995,15.874995,15.499995,15.75,4900,2.257089
1983-07-05,16.125,16.249995,16.000005,16.000005,3100,2.292917
1983-07-01,16.50,16.624995,16.125,16.125,4000,2.31083
1983-06-30,16.50,16.750005,16.50,16.50,2500,2.36457
1983-06-29,16.624995,16.750005,16.50,16.50,3600,2.36457
1983-06-28,17.25,17.25,16.624995,16.624995,10500,2.382482
1983-06-27,16.375005,17.25,16.375005,17.25,6900,2.47205
1983-06-24,15.75,16.249995,15.75,16.249995,5200,2.328742
1983-06-23,15.375,15.499995,15.375,15.375,1200,2.203349
1983-06-22,15.499995,15.625005,15.124995,15.250005,2800,2.185436
1983-06-21,15.625005,15.75,15.499995,15.499995,1300,2.221262
1983-06-20,16.000005,16.000005,15.250005,15.625005,4600,2.239177
1983-06-17,15.75,16.125,15.625005,16.125,4000,2.31083
1983-06-16,15.874995,16.000005,15.75,15.75,1500,2.257089
1983-06-15,15.625005,15.874995,15.625005,15.874995,2800,2.275002
1983-06-14,15.499995,15.75,15.375,15.625005,14100,2.239177
1983-06-13,15.499995,15.499995,15.250005,15.499995,2100,2.221262
1983-06-10,15.375,15.499995,15.375,15.499995,2400,2.221262
1983-06-09,15.375,15.499995,15.00,15.124995,12000,2.167522
1983-06-08,15.625005,15.625005,15.250005,15.375,7000,2.203349
1983-06-07,15.874995,15.874995,15.75,15.75,7500,2.257089
1983-06-06,15.75,16.000005,15.75,16.000005,16200,2.292917
1983-06-03,15.75,15.75,15.75,15.75,1300,2.257089
1983-06-02,15.250005,15.874995,15.250005,15.75,6700,2.257089
1983-06-01,15.00,15.00,15.00,15.00,3400,2.149609
1983-05-31,14.749995,15.124995,14.749995,14.749995,9700,2.113781
1983-05-27,14.500005,14.749995,14.500005,14.749995,2200,2.113781
1983-05-26,14.875005,15.00,14.500005,14.500005,7200,2.077956
1983-05-25,15.00,15.00,14.749995,14.875005,9100,2.131696
1983-05-24,14.875005,15.00,14.875005,15.00,4300,2.149609
1983-05-23,14.625,14.749995,14.500005,14.749995,3900,2.113781
1983-05-20,14.749995,14.749995,14.500005,14.625,15600,2.095869
1983-05-19,15.00,15.124995,14.875005,14.875005,7500,2.131696
1983-05-18,14.749995,15.00,14.749995,15.00,18100,2.149609
1983-05-17,15.00,15.124995,14.749995,14.749995,2800,2.113781
1983-05-16,15.00,15.00,14.749995,15.00,14100,2.149609
1983-05-13,15.00,15.00,14.875005,15.00,38200,2.149609
1983-05-12,15.250005,15.250005,15.00,15.00,4300,2.149609
1983-05-11,15.375,15.499995,15.250005,15.250005,2700,2.185436
1983-05-10,15.499995,15.499995,15.250005,15.375,6600,2.203349
1983-05-09,15.375,15.499995,15.250005,15.499995,4200,2.221262
1983-05-06,15.75,15.75,15.250005,15.375,101200,2.203349
1983-05-05,15.625005,15.75,15.625005,15.75,1900,2.257089
1983-05-04,15.625005,15.874995,15.499995,15.499995,5700,2.221262
1983-05-03,15.250005,15.75,15.250005,15.625005,13900,2.239177
1983-05-02,15.124995,15.250005,15.124995,15.250005,7000,2.185436
1983-04-29,15.250005,15.375,15.00,15.00,3900,2.149609
1983-04-28,14.625,15.250005,14.625,15.250005,17200,2.185436
1983-04-27,14.875005,14.875005,14.625,14.625,10600,2.095869
1983-04-26,14.625,14.875005,14.625,14.875005,9600,2.131696
1983-04-25,14.500005,14.875005,14.374995,14.625,10600,2.095869
1983-04-22,14.749995,15.00,14.500005,14.500005,10500,2.077956
1983-04-21,14.749995,14.749995,14.749995,14.749995,3000,2.113781
1983-04-20,14.749995,14.875005,14.749995,14.749995,3100,2.113781
1983-04-19,14.875005,14.875005,14.749995,14.749995,1500,2.113781
1983-04-18,14.875005,14.875005,14.875005,14.875005,700,2.131696
1983-04-15,14.875005,15.00,14.749995,14.875005,7000,2.131696
1983-04-14,14.500005,14.875005,14.374995,14.875005,12300,2.131696
1983-04-13,14.625,14.625,14.374995,14.500005,9300,2.077956
1983-04-12,14.749995,14.749995,14.500005,14.749995,3600,2.113781
1983-04-11,14.625,14.875005,14.625,14.875005,14200,2.131696
1983-04-08,14.875005,14.875005,14.625,14.625,24000,2.095869
1983-04-07,14.749995,14.875005,14.500005,14.875005,7600,2.131696
1983-04-06,14.500005,14.749995,14.25,14.749995,16200,2.113781
1983-04-05,14.500005,14.500005,14.25,14.500005,4300,2.077956
1983-04-04,14.25,14.625,14.25,14.500005,7800,2.077956
1983-03-31,14.500005,14.500005,14.25,14.25,7500,2.042128
1983-03-30,14.749995,14.749995,14.374995,14.500005,4300,2.077956
1983-03-29,14.749995,14.749995,14.500005,14.749995,4200,2.113781
1983-03-28,14.749995,14.875005,14.625,14.749995,2200,2.113781
1983-03-25,14.875005,14.875005,14.500005,14.749995,26800,2.113781
1983-03-24,14.500005,14.875005,14.500005,14.875005,40600,2.131696
1983-03-23,14.374995,14.500005,14.374995,14.500005,5800,2.077956
1983-03-22,14.749995,14.749995,14.374995,14.374995,3900,2.060041
1983-03-21,14.500005,14.749995,14.374995,14.749995,9100,2.113781
1983-03-18,14.374995,14.500005,14.125005,14.500005,40200,2.077956
1983-03-17,14.374995,14.374995,14.374995,14.374995,900,2.060041
1983-03-16,14.25,14.374995,14.25,14.374995,600,2.060041
1983-03-15,14.25,14.374995,14.125005,14.125005,2200,2.024216
1983-03-14,14.25,14.374995,14.25,14.25,600,2.042128
1983-03-11,14.374995,14.500005,14.125005,14.25,3100,2.042128
1983-03-10,14.374995,14.625,14.374995,14.374995,4600,2.060041
1983-03-09,14.25,14.500005,14.125005,14.25,4200,2.042128
1983-03-08,14.25,14.374995,14.125005,14.25,65500,2.042128
1983-03-07,14.25,14.500005,14.25,14.25,6100,2.042128
1983-03-04,14.125005,14.25,14.125005,14.25,2100,2.042128
1983-03-03,13.750005,13.999995,13.750005,13.999995,2700,2.006301
1983-03-02,13.999995,13.999995,13.750005,13.750005,9300,1.970475
1983-03-01,13.875,13.999995,13.750005,13.999995,18300,2.006301
1983-02-28,13.875,13.875,13.50,13.875,15900,1.988388
1983-02-25,13.999995,13.999995,13.999995,13.999995,700,2.006301
1983-02-24,14.374995,14.374995,13.999995,13.999995,1900,2.006301
1983-02-23,14.500005,14.500005,13.999995,14.500005,5100,2.077956
1983-02-22,14.749995,14.875005,14.749995,14.749995,4200,2.113781
1983-02-18,14.749995,14.749995,14.749995,14.749995,2400,2.113781
1983-02-17,15.00,15.00,14.749995,14.749995,6300,2.113781
1983-02-16,14.875005,15.124995,14.749995,15.00,32200,2.149609
1983-02-15,14.500005,14.875005,14.500005,14.875005,10000,2.131696
1983-02-14,14.374995,14.749995,14.25,14.25,5800,2.042128
1983-02-11,14.374995,14.374995,14.374995,14.374995,100,2.060041
1983-02-10,14.374995,14.500005,14.125005,14.500005,4600,2.077956
1983-02-09,14.25,14.625,14.25,14.374995,9300,2.060041
1983-02-08,14.500005,14.500005,14.125005,14.125005,11700,2.024216
1983-02-07,13.50,14.500005,13.50,14.500005,11500,2.077956
1983-02-04,13.50,13.750005,13.50,13.50,5400,1.934648
1983-02-03,13.50,13.624995,13.50,13.50,1600,1.934648
1983-02-02,13.375005,13.624995,13.375005,13.50,3700,1.934648
1983-02-01,13.375005,13.50,13.375005,13.375005,3300,1.916735
1983-01-31,13.375005,13.375005,13.375005,13.375005,2100,1.916735
1983-01-28,13.50,13.50,13.249995,13.249995,2200,1.89882
1983-01-27,13.50,13.50,13.375005,13.50,3100,1.934648
1983-01-26,13.249995,13.750005,13.249995,13.50,9000,1.934648
1983-01-25,13.249995,13.249995,13.125,13.249995,6100,1.89882
1983-01-24,13.125,13.249995,13.125,13.249995,2800,1.89882
1983-01-21,13.125,13.249995,13.125,13.125,5400,1.880908
1983-01-20,13.249995,13.249995,13.125,13.125,1500,1.880908
1983-01-19,13.624995,13.624995,13.375005,13.375005,2400,1.916735
1983-01-18,13.624995,13.624995,13.375005,13.624995,4300,1.952561
1983-01-17,13.50,13.624995,13.50,13.624995,6700,1.952561
1983-01-14,13.375005,13.375005,13.249995,13.375005,3600,1.916735
1983-01-13,13.50,13.50,13.50,13.50,600,1.934648
1983-01-12,13.000005,13.249995,13.000005,13.249995,17800,1.89882
1983-01-11,13.249995,13.375005,13.000005,13.000005,5700,1.862995
1983-01-10,13.375005,13.375005,13.249995,13.249995,1000,1.89882
1983-01-07,13.125,13.375005,13.125,13.375005,4800,1.916735
1983-01-06,13.249995,13.249995,13.000005,13.000005,46000,1.862995
1983-01-05,13.50,13.50,13.249995,13.249995,14800,1.89882
1983-01-04,13.50,13.50,13.249995,13.50,5400,1.934648
1983-01-03,13.50,13.50,13.249995,13.50,9100,1.934648
1982-12-31,13.375005,13.50,13.249995,13.50,6300,1.934648
1982-12-30,13.125,13.50,13.125,13.375005,26200,1.916735
1982-12-29,13.375005,13.375005,13.125,13.125,2800,1.880908
1982-12-28,13.375005,13.375005,13.375005,13.375005,300,1.916735
1982-12-27,13.249995,13.50,13.249995,13.249995,122800,1.89882
1982-12-23,13.249995,13.624995,13.125,13.125,27300,1.880908
1982-12-22,13.50,13.50,13.249995,13.249995,7800,1.89882
1982-12-21,13.50,13.50,13.249995,13.50,4000,1.934648
1982-12-20,13.50,13.50,13.125,13.50,11100,1.934648
1982-12-17,13.249995,13.50,13.249995,13.50,21400,1.934648
1982-12-16,13.375005,13.375005,13.125,13.249995,15100,1.89882
1982-12-15,13.375005,13.375005,13.249995,13.375005,36100,1.916735
1982-12-14,13.50,13.50,13.375005,13.50,202000,1.934648
1982-12-13,13.50,13.624995,13.50,13.50,1600,1.934648
1982-12-10,13.50,13.50,13.50,13.50,1200,1.934648
1982-12-09,13.750005,13.750005,13.50,13.750005,6100,1.970475
1982-12-08,13.624995,13.750005,13.624995,13.750005,3700,1.970475
1982-12-07,13.249995,13.50,13.249995,13.50,1800,1.934648
1982-12-06,13.125,13.125,13.125,13.125,1600,1.880908
1982-12-03,13.50,13.50,13.50,13.50,000,1.934648
1982-12-02,13.624995,13.750005,13.50,13.50,2700,1.934648
1982-12-01,13.624995,13.624995,13.50,13.624995,1000,1.952561
1982-11-30,13.624995,13.624995,13.624995,13.624995,400,1.952561
1982-11-29,13.875,13.875,13.875,13.875,1000,1.988388
1982-11-26,13.875,13.875,13.875,13.875,400,1.988388
1982-11-24,13.750005,13.750005,13.750005,13.750005,1600,1.970475
1982-11-23,15.75,15.75,13.50,13.50,18600,1.934648
1982-11-22,15.00,15.75,14.749995,15.75,18600,2.257089
1982-11-19,14.875005,15.124995,14.875005,15.00,2500,2.149609
1982-11-18,13.999995,14.625,13.999995,14.625,3600,2.095869
1982-11-17,13.125,13.999995,13.125,13.999995,11200,2.006301
1982-11-16,13.125,13.249995,13.125,13.125,2100,1.880908
1982-11-15,13.000005,13.125,12.874995,13.125,1000,1.880908
1982-11-12,12.874995,13.000005,12.874995,13.000005,1200,1.862995
1982-11-11,12.625005,12.625005,12.625005,12.625005,100,1.809255
1982-11-10,12.75,13.000005,12.625005,12.625005,4500,1.809255
1982-11-09,12.75,12.75,12.75,12.75,1200,1.827168
1982-11-08,12.874995,12.874995,12.625005,12.625005,700,1.809255
1982-11-05,12.75,13.000005,12.75,12.874995,2200,1.84508
1982-11-04,13.125,13.125,12.75,12.75,2200,1.827168
1982-11-03,13.125,13.375005,13.125,13.375005,3000,1.916735
1982-11-02,13.000005,13.125,12.75,13.125,1600,1.880908
1982-11-01,13.000005,13.000005,13.000005,13.000005,2200,1.862995
1982-10-29,12.75,12.75,12.75,12.75,300,1.827168
1982-10-28,12.75,12.75,12.75,12.75,300,1.827168
1982-10-27,12.75,12.874995,12.625005,12.874995,600,1.84508
1982-10-26,13.000005,13.000005,12.75,12.75,2700,1.827168
1982-10-25,13.375005,13.375005,13.000005,13.000005,7000,1.862995
1982-10-22,13.50,13.50,13.50,13.50,2700,1.934648
1982-10-21,13.50,13.50,13.375005,13.50,1300,1.934648
1982-10-20,13.000005,13.50,13.000005,13.50,5800,1.934648
1982-10-19,12.625005,12.874995,12.499995,12.874995,3100,1.84508
1982-10-18,12.625005,12.625005,12.625005,12.625005,3300,1.809255
1982-10-15,12.625005,12.75,12.625005,12.625005,400,1.809255
1982-10-14,12.75,12.75,12.499995,12.499995,6300,1.79134
1982-10-13,12.625005,12.75,12.625005,12.75,4900,1.827168
1982-10-12,12.499995,12.625005,12.250005,12.625005,6300,1.809255
1982-10-11,12.499995,12.874995,12.499995,12.499995,7900,1.79134
1982-10-08,12.75,12.75,12.499995,12.499995,3000,1.79134
1982-10-07,12.250005,12.75,12.250005,12.75,5400,1.827168
1982-10-06,12.124995,12.250005,12.124995,12.124995,700,1.7376
1982-10-05,12.00,12.375,12.00,12.00,2700,1.719687
1982-10-04,12.00,12.00,11.875005,12.00,2200,1.719687
1982-10-01,12.00,12.124995,12.00,12.124995,1300,1.7376
1982-09-30,12.375,12.625005,12.00,12.00,4500,1.719687
1982-09-29,12.375,12.375,12.375,12.375,000,1.773427
1982-09-28,12.00,12.375,12.00,12.375,2400,1.773427
1982-09-27,12.00,12.00,12.00,12.00,2700,1.719687
1982-09-24,12.250005,12.499995,12.00,12.00,9700,1.719687
1982-09-23,12.250005,12.250005,12.250005,12.250005,000,1.755515
1982-09-22,11.749995,13.000005,11.749995,12.250005,11800,1.755515
1982-09-21,12.00,12.00,11.749995,11.749995,15700,1.68386
1982-09-20,11.500005,12.00,11.374995,12.00,14100,1.719687
1982-09-17,11.374995,11.500005,11.374995,11.500005,1900,1.648034
1982-09-16,11.374995,11.374995,11.125005,11.374995,4200,1.630119
1982-09-15,11.374995,11.374995,11.374995,11.374995,000,1.630119
1982-09-14,11.374995,11.374995,11.374995,11.374995,100,1.630119
1982-09-13,11.374995,11.374995,11.374995,11.374995,900,1.630119
1982-09-10,11.125005,11.374995,11.125005,11.125005,1600,1.594294
1982-09-09,11.374995,11.374995,11.125005,11.125005,1300,1.594294
1982-09-08,11.25,11.374995,11.125005,11.374995,1800,1.630119
1982-09-07,11.25,11.500005,11.25,11.25,2200,1.612207
1982-09-03,11.25,11.25,11.125005,11.125005,4800,1.594294
1982-09-02,11.125005,11.25,11.125005,11.25,1000,1.612207
1982-09-01,11.125005,11.25,11.125005,11.125005,400,1.594294
1982-08-31,22.375005,22.50,22.249995,22.249995,700,3.188586
1982-08-30,22.25001,22.37499,21.99999,22.37499,4200,1.603249
1982-08-27,22.25001,22.25001,22.25001,22.25001,000,1.594294
1982-08-26,22.25001,22.25001,21.99999,22.25001,1500,1.594294
1982-08-25,22.25001,22.25001,21.99999,22.25001,4200,1.594294
1982-08-24,21.99999,22.25001,21.99999,22.25001,1800,1.594294
1982-08-23,21.99999,21.99999,21.99999,21.99999,1200,1.576379
1982-08-20,22.25001,22.25001,22.25001,22.25001,300,1.594294
1982-08-19,21.99999,21.99999,21.99999,21.99999,000,1.576379
1982-08-18,21.99999,21.99999,21.99999,21.99999,1500,1.576379
1982-08-17,21.75,21.75,21.75,21.75,600,1.558466
1982-08-16,22.125,22.125,21.87501,21.87501,3900,1.567424
1982-08-13,22.25001,22.37499,22.25001,22.37499,3900,1.603249
1982-08-12,21.87501,22.25001,21.87501,22.25001,3600,1.594294
1982-08-11,21.87501,21.87501,21.87501,21.87501,14100,1.567424
1982-08-10,21.99999,22.25001,21.87501,21.99999,4800,1.576379
1982-08-09,21.99999,21.99999,21.99999,21.99999,3900,1.576379
1982-08-06,21.99999,21.99999,21.75,21.99999,3000,1.576379
1982-08-05,22.125,22.125,21.99999,21.99999,1500,1.576379
1982-08-04,22.125,22.37499,22.125,22.37499,3000,1.603249
1982-08-03,21.99999,21.99999,21.99999,21.99999,600,1.576379
1982-08-02,21.99999,21.99999,21.99999,21.99999,10200,1.576379
1982-07-30,22.125,22.125,21.99999,21.99999,2400,1.576379
1982-07-29,22.125,22.25001,21.99999,22.125,1500,1.585337
1982-07-28,22.125,22.125,21.99999,22.125,2400,1.585337
1982-07-27,21.99999,22.25001,21.99999,22.125,2400,1.585337
1982-07-26,21.50001,21.99999,21.50001,21.99999,2100,1.576379
1982-07-23,21.87501,21.99999,21.50001,21.50001,4500,1.540554
1982-07-22,21.87501,21.99999,21.87501,21.87501,600,1.567424
1982-07-21,21.50001,21.87501,21.50001,21.87501,18000,1.567424
1982-07-20,21.24999,21.375,21.24999,21.375,1500,1.531596
1982-07-19,20.87499,21.00,20.87499,21.00,8400,1.504726
1982-07-16,20.625,20.625,20.625,20.625,000,1.477856
1982-07-15,20.625,20.75001,20.625,20.625,900,1.477856
1982-07-14,20.49999,20.49999,20.49999,20.49999,000,1.468899
1982-07-13,20.37501,20.625,20.37501,20.49999,5400,1.468899
1982-07-12,20.37501,20.37501,20.37501,20.37501,6300,1.459943
1982-07-09,20.37501,20.37501,20.37501,20.37501,1200,1.459943
1982-07-08,20.49999,20.49999,20.49999,20.49999,13500,1.468899
1982-07-07,20.75001,20.75001,20.625,20.75001,1200,1.486813
1982-07-06,20.75001,20.75001,20.75001,20.75001,3000,1.486813
1982-07-02,20.49999,20.49999,20.49999,20.49999,4800,1.468899
1982-07-01,20.625,20.625,20.625,20.625,300,1.477856
1982-06-30,20.49999,20.49999,20.49999,20.49999,2400,1.468899
1982-06-29,20.49999,20.49999,20.49999,20.49999,1800,1.468899
1982-06-28,20.49999,20.49999,20.49999,20.49999,000,1.468899
1982-06-25,20.49999,20.49999,20.49999,20.49999,000,1.468899
1982-06-24,20.625,20.625,20.49999,20.49999,4500,1.468899
1982-06-23,20.49999,20.625,20.49999,20.625,2400,1.477856
1982-06-22,20.37501,20.49999,20.37501,20.49999,6000,1.468899
1982-06-21,20.12499,20.12499,20.12499,20.12499,600,1.442029
1982-06-18,20.49999,20.49999,20.49999,20.49999,1800,1.468899
1982-06-17,20.49999,20.49999,20.49999,20.49999,3000,1.468899
1982-06-16,20.49999,20.49999,20.49999,20.49999,6300,1.468899
1982-06-15,20.49999,20.49999,20.49999,20.49999,000,1.468899
1982-06-14,20.49999,20.49999,20.49999,20.49999,1200,1.468899
1982-06-11,20.49999,20.49999,20.49999,20.49999,900,1.468899
1982-06-10,20.625,20.75001,20.625,20.625,600,1.477856
1982-06-09,20.49999,20.49999,20.49999,20.49999,600,1.468899
1982-06-08,20.75001,20.87499,20.49999,20.49999,3300,1.468899
1982-06-07,20.49999,20.75001,20.49999,20.75001,900,1.486813
1982-06-04,20.75001,20.75001,20.49999,20.49999,3600,1.468899
1982-06-03,20.49999,20.87499,20.49999,20.75001,3300,1.486813
1982-06-02,20.625,20.625,20.49999,20.49999,5700,1.468899
1982-06-01,20.75001,20.75001,20.75001,20.75001,600,1.486813
1982-05-28,20.625,20.87499,20.625,20.87499,4500,1.495769
1982-05-27,20.625,20.625,20.625,20.625,300,1.477856
1982-05-26,20.75001,20.75001,20.75001,20.75001,000,1.486813
1982-05-25,20.75001,20.75001,20.75001,20.75001,600,1.486813
1982-05-24,20.49999,20.49999,20.49999,20.49999,1500,1.468899
1982-05-21,20.49999,20.49999,20.49999,20.49999,2100,1.468899
1982-05-20,20.49999,20.49999,20.49999,20.49999,600,1.468899
1982-05-19,20.49999,20.49999,20.49999,20.49999,3300,1.468899
1982-05-18,20.49999,20.49999,20.49999,20.49999,3600,1.468899
1982-05-17,20.625,20.625,20.625,20.625,600,1.477856
1982-05-14,20.625,20.625,20.625,20.625,1500,1.477856
1982-05-13,20.75001,20.87499,20.625,20.625,900,1.477856
1982-05-12,20.75001,20.75001,20.75001,20.75001,600,1.486813
1982-05-11,20.49999,20.49999,20.49999,20.49999,2100,1.468899
1982-05-10,20.49999,20.75001,20.49999,20.49999,2100,1.468899
1982-05-07,20.49999,20.49999,20.49999,20.49999,600,1.468899
1982-05-06,20.625,20.625,20.625,20.625,900,1.477856
1982-05-05,20.87499,20.87499,20.87499,20.87499,900,1.495769
1982-05-04,20.49999,20.75001,20.49999,20.75001,2100,1.486813
1982-05-03,20.49999,20.49999,20.49999,20.49999,3900,1.468899
1982-04-30,20.49999,20.49999,20.49999,20.49999,000,1.468899
1982-04-29,20.49999,20.49999,20.49999,20.49999,4200,1.468899
1982-04-28,20.625,20.625,20.49999,20.49999,900,1.468899
1982-04-27,20.625,20.87499,20.625,20.625,900,1.477856
1982-04-26,20.49999,20.75001,20.37501,20.625,2700,1.477856
1982-04-23,20.87499,21.00,20.49999,20.49999,4800,1.468899
1982-04-22,20.87499,20.87499,20.87499,20.87499,000,1.495769
1982-04-21,20.75001,20.87499,20.75001,20.87499,1500,1.495769
1982-04-20,20.49999,20.625,20.25,20.625,5400,1.477856
1982-04-19,20.49999,20.75001,20.49999,20.49999,6600,1.468899
1982-04-16,20.49999,20.49999,20.49999,20.49999,2400,1.468899
1982-04-15,20.37501,20.37501,20.25,20.37501,2100,1.459943
1982-04-14,20.37501,20.37501,20.37501,20.37501,600,1.459943
1982-04-13,20.25,20.25,20.12499,20.12499,9000,1.442029
1982-04-12,20.25,20.49999,20.25,20.49999,2400,1.468899
1982-04-08,20.25,20.25,20.25,20.25,000,1.450986
1982-04-07,20.25,20.25,20.25,20.25,000,1.450986
1982-04-06,20.25,20.25,20.25,20.25,3000,1.450986
1982-04-05,20.49999,20.49999,20.49999,20.49999,600,1.468899
1982-04-02,20.25,20.49999,20.25,20.25,1800,1.450986
1982-04-01,20.25,20.25,20.25,20.25,000,1.450986
1982-03-31,20.25,20.25,20.25,20.25,3000,1.450986
1982-03-30,20.12499,20.12499,20.12499,20.12499,1200,1.442029
1982-03-29,20.25,20.49999,20.25,20.25,600,1.450986
1982-03-26,20.25,20.49999,20.25,20.25,900,1.450986
1982-03-25,20.00001,20.25,20.00001,20.25,2100,1.450986
1982-03-24,20.37501,20.37501,20.00001,20.00001,3300,1.433073
1982-03-23,20.25,20.37501,20.00001,20.37501,9000,1.459943
1982-03-22,20.25,20.37501,20.25,20.25,5700,1.450986
1982-03-19,20.12499,20.12499,20.12499,20.12499,1500,1.442029
1982-03-18,20.00001,20.25,20.00001,20.25,1500,1.450986
1982-03-17,20.00001,20.00001,20.00001,20.00001,1200,1.433073
1982-03-16,20.00001,20.00001,20.00001,20.00001,900,1.433073
1982-03-15,20.00001,20.00001,20.00001,20.00001,300,1.433073
1982-03-12,20.00001,20.00001,19.875,20.00001,8100,1.433073
1982-03-11,20.00001,20.00001,19.875,20.00001,4500,1.433073
1982-03-10,19.875,20.25,19.875,20.25,6900,1.450986
1982-03-09,19.875,19.875,19.875,19.875,3300,1.424116
1982-03-08,19.875,19.875,19.875,19.875,6300,1.424116
1982-03-05,19.74999,19.74999,19.74999,19.74999,600,1.415158
1982-03-04,19.74999,19.74999,19.74999,19.74999,1200,1.415158
1982-03-03,19.74999,19.74999,19.74999,19.74999,2100,1.415158
1982-03-02,20.00001,20.00001,20.00001,20.00001,1800,1.433073
1982-03-01,19.74999,19.74999,19.50,19.74999,5400,1.415158
1982-02-26,19.875,20.00001,19.875,19.875,3900,1.424116
1982-02-25,19.62501,19.62501,19.62501,19.62501,300,1.406203
1982-02-24,19.74999,19.74999,19.74999,19.74999,1500,1.415158
1982-02-23,19.50,19.50,19.50,19.50,1500,1.397246
1982-02-22,20.00001,20.12499,19.62501,19.62501,1800,1.406203
1982-02-19,20.00001,20.00001,20.00001,20.00001,000,1.433073
1982-02-18,20.00001,20.00001,20.00001,20.00001,900,1.433073
1982-02-17,20.49999,20.49999,20.25,20.25,3300,1.450986
1982-02-16,20.625,20.625,20.625,20.625,600,1.477856
1982-02-12,20.87499,20.87499,20.87499,20.87499,1200,1.495769
1982-02-11,21.24999,21.24999,21.00,21.00,2700,1.504726
1982-02-10,21.50001,21.50001,21.50001,21.50001,600,1.540554
1982-02-09,21.75,21.75,21.75,21.75,000,1.558466
1982-02-08,21.99999,21.99999,21.75,21.75,7500,1.558466
1982-02-05,22.125,22.25001,21.99999,22.25001,1500,1.594294
1982-02-04,22.125,22.125,22.125,22.125,6900,1.585337
1982-02-03,21.50001,21.99999,21.50001,21.99999,8400,1.576379
1982-02-02,21.00,21.50001,21.00,21.50001,6900,1.540554
1982-02-01,21.00,21.00,21.00,21.00,14400,1.504726
1982-01-29,21.24999,21.24999,21.24999,21.24999,600,1.522639
1982-01-28,21.00,21.00,21.00,21.00,2400,1.504726
1982-01-27,21.24999,21.375,21.24999,21.24999,1200,1.522639
1982-01-26,21.00,21.12501,21.00,21.12501,3900,1.513684
1982-01-25,21.00,21.00,21.00,21.00,7800,1.504726
1982-01-22,21.12501,21.12501,21.00,21.00,4800,1.504726
1982-01-21,20.37501,21.375,20.37501,21.375,18900,1.531596
1982-01-20,19.875,20.25,19.875,20.25,10500,1.450986
1982-01-19,19.62501,19.62501,19.62501,19.62501,600,1.406203
1982-01-18,19.74999,19.74999,19.74999,19.74999,600,1.415158
1982-01-15,19.62501,20.00001,19.62501,20.00001,1800,1.433073
1982-01-14,19.62501,19.62501,19.50,19.50,4800,1.397246
1982-01-13,19.74999,19.74999,19.74999,19.74999,000,1.415158
1982-01-12,19.74999,19.74999,19.74999,19.74999,3300,1.415158
1982-01-11,20.00001,20.00001,20.00001,20.00001,300,1.433073
1982-01-08,19.875,19.875,19.875,19.875,000,1.424116
1982-01-07,19.875,19.875,19.875,19.875,000,1.424116
1982-01-06,19.875,19.875,19.875,19.875,000,1.424116
1982-01-05,20.00001,20.00001,19.875,19.875,1500,1.424116
1982-01-04,20.00001,20.25,20.00001,20.25,1500,1.450986
1981-12-31,19.74999,20.00001,19.74999,20.00001,1500,1.433073
1981-12-30,19.62501,19.875,19.62501,19.62501,3000,1.406203
1981-12-29,19.62501,19.62501,19.62501,19.62501,000,1.406203
1981-12-28,19.50,19.62501,19.50,19.62501,1800,1.406203
1981-12-24,19.25001,19.25001,19.25001,19.25001,600,1.379333
1981-12-23,18.99999,18.99999,18.99999,18.99999,6300,1.361418
1981-12-22,19.50,19.50,18.99999,18.99999,6600,1.361418
1981-12-21,19.74999,19.74999,19.74999,19.74999,900,1.415158
1981-12-18,20.00001,20.00001,19.74999,20.00001,3600,1.433073
1981-12-17,20.12499,20.25,20.12499,20.25,3300,1.450986
1981-12-16,20.25,20.25,20.00001,20.00001,1800,1.433073
1981-12-15,20.12499,20.25,20.00001,20.25,2100,1.450986
1981-12-14,20.12499,20.12499,20.12499,20.12499,000,1.442029
1981-12-11,20.49999,20.49999,20.12499,20.12499,5400,1.442029
1981-12-10,20.25,20.75001,20.25,20.75001,6600,1.486813
1981-12-09,20.25,20.25,20.25,20.25,300,1.450986
1981-12-08,20.49999,20.625,20.49999,20.49999,4200,1.468899
1981-12-07,20.75001,20.75001,20.25,20.25,2400,1.450986
1981-12-04,20.49999,20.75001,20.49999,20.75001,1500,1.486813
1981-12-03,20.12499,20.37501,20.12499,20.37501,2700,1.459943
1981-12-02,20.12499,20.12499,20.12499,20.12499,1500,1.442029
1981-12-01,20.625,20.75001,20.12499,20.12499,10200,1.442029
1981-11-30,20.87499,20.87499,20.625,20.625,1800,1.477856
1981-11-27,21.00,21.00,21.00,21.00,000,1.504726
1981-11-25,21.00,21.12501,20.87499,21.00,2100,1.504726
1981-11-24,21.00,21.00,21.00,21.00,600,1.504726
1981-11-23,21.00,21.00,21.00,21.00,2700,1.504726
1981-11-20,20.87499,20.87499,20.87499,20.87499,300,1.495769
1981-11-19,21.00,21.00,21.00,21.00,000,1.504726
1981-11-18,21.00,21.00,21.00,21.00,000,1.504726
1981-11-17,20.75001,21.00,20.75001,21.00,2700,1.504726
1981-11-16,20.75001,20.75001,20.625,20.625,1500,1.477856
1981-11-13,20.75001,21.12501,20.75001,21.00,7200,1.504726
1981-11-12,20.625,20.75001,20.49999,20.75001,3300,1.486813
1981-11-11,20.625,20.625,20.625,20.625,600,1.477856
1981-11-10,20.49999,20.75001,20.49999,20.75001,1200,1.486813
1981-11-09,20.49999,20.49999,20.49999,20.49999,600,1.468899
1981-11-06,20.49999,20.49999,20.49999,20.49999,1500,1.468899
1981-11-05,20.49999,20.49999,20.49999,20.49999,5700,1.468899
1981-11-04,20.49999,20.49999,20.37501,20.49999,1800,1.468899
1981-11-03,20.25,20.49999,20.25,20.49999,2400,1.468899
1981-11-02,20.12499,20.25,20.12499,20.25,900,1.450986
1981-10-30,19.74999,20.12499,19.74999,20.12499,2100,1.442029
1981-10-29,19.875,20.12499,19.74999,19.74999,2700,1.415158
1981-10-28,19.875,20.00001,19.74999,19.875,2100,1.424116
1981-10-27,19.875,19.875,19.875,19.875,000,1.424116
1981-10-26,20.00001,20.00001,19.875,19.875,1200,1.424116
1981-10-23,20.12499,20.12499,20.12499,20.12499,1500,1.442029
1981-10-22,20.00001,20.00001,20.00001,20.00001,900,1.433073
1981-10-21,20.25,20.25,20.12499,20.12499,600,1.442029
1981-10-20,20.25,20.25,20.25,20.25,1200,1.450986
1981-10-19,20.37501,20.49999,20.12499,20.49999,4200,1.468899
1981-10-16,20.25,20.37501,20.25,20.37501,900,1.459943
1981-10-15,19.74999,20.00001,19.74999,20.00001,1800,1.433073
1981-10-14,19.50,19.74999,19.50,19.74999,1800,1.415158
1981-10-13,19.25001,19.25001,19.25001,19.25001,300,1.379333
1981-10-12,19.125,19.37499,18.99999,18.99999,2100,1.361418
1981-10-09,18.99999,19.25001,18.99999,19.125,2100,1.370376
1981-10-08,18.99999,18.99999,18.99999,18.99999,600,1.361418
1981-10-07,19.25001,19.25001,18.99999,19.25001,3300,1.379333
1981-10-06,19.37499,19.37499,19.37499,19.37499,600,1.388288
1981-10-05,19.125,19.37499,19.125,19.37499,1200,1.388288
1981-10-02,18.375,18.87501,18.375,18.87501,4500,1.352463
1981-10-01,18.12501,18.12501,18.12501,18.12501,3000,1.298723
1981-09-30,18.24999,18.50001,18.12501,18.12501,3600,1.298723
1981-09-29,18.24999,18.24999,18.24999,18.24999,300,1.307678
1981-09-28,18.375,18.375,17.75001,18.375,9300,1.316635
1981-09-25,19.74999,20.12499,18.50001,18.50001,12600,1.325593
1981-09-24,19.74999,19.74999,19.74999,19.74999,300,1.415158
1981-09-23,19.74999,19.875,19.74999,19.875,3000,1.424116
1981-09-22,20.00001,20.00001,19.74999,19.74999,4800,1.415158
1981-09-21,20.00001,20.00001,19.37499,20.00001,6300,1.433073
1981-09-18,20.00001,20.00001,20.00001,20.00001,1800,1.433073
1981-09-17,20.00001,20.00001,20.00001,20.00001,300,1.433073
1981-09-16,19.74999,20.25,19.74999,19.74999,3600,1.415158
1981-09-15,19.875,20.00001,19.74999,19.74999,5100,1.415158
1981-09-14,19.875,20.12499,19.875,19.875,2100,1.424116
1981-09-11,19.50,19.62501,19.50,19.62501,600,1.406203
1981-09-10,18.99999,19.25001,18.87501,19.25001,5400,1.379333
1981-09-09,18.99999,19.25001,18.99999,18.99999,2400,1.361418
1981-09-08,18.87501,18.87501,18.50001,18.87501,4800,1.352463
1981-09-04,19.125,19.125,18.87501,19.125,3300,1.370376
1981-09-03,19.37499,19.37499,19.25001,19.25001,3000,1.379333
1981-09-02,19.25001,19.50,19.25001,19.50,6300,1.397246
1981-09-01,18.99999,18.99999,18.62499,18.99999,4500,1.361418
1981-08-31,19.25001,19.50,18.99999,18.99999,3600,1.361418
1981-08-28,19.125,19.25001,18.99999,19.25001,3000,1.379333
1981-08-27,19.25001,19.25001,19.125,19.125,1800,1.370376
1981-08-26,19.25001,19.25001,19.25001,19.25001,000,1.379333
1981-08-25,19.50,19.62501,18.99999,19.25001,5100,1.379333
1981-08-24,19.875,20.12499,19.50,19.50,9600,1.397246
1981-08-21,19.875,19.875,19.875,19.875,600,1.424116
1981-08-20,20.00001,20.00001,20.00001,20.00001,900,1.433073
1981-08-19,20.00001,20.49999,20.00001,20.00001,11100,1.433073
1981-08-18,20.25,20.25,19.875,19.875,2700,1.424116
1981-08-17,20.49999,20.49999,20.49999,20.49999,300,1.468899
1981-08-14,20.75001,20.75001,20.75001,20.75001,1200,1.486813
1981-08-13,21.12501,21.12501,20.75001,20.75001,5400,1.486813
1981-08-12,21.375,21.375,21.12501,21.12501,1500,1.513684
1981-08-11,21.50001,21.75,21.50001,21.50001,4500,1.540554
1981-08-10,21.375,21.62499,21.12501,21.50001,8100,1.540554
1981-08-07,21.99999,21.99999,21.375,21.375,10200,1.531596
1981-08-06,21.75,22.125,21.75,21.99999,17400,1.576379
1981-08-05,21.62499,21.62499,21.62499,21.62499,600,1.549509
1981-08-04,21.375,21.62499,21.375,21.62499,2400,1.549509
1981-08-03,21.12501,21.24999,21.12501,21.12501,2400,1.513684
1981-07-31,20.37501,21.12501,20.37501,21.12501,6300,1.513684
1981-07-30,20.25,20.25,20.25,20.25,300,1.450986
1981-07-29,20.00001,20.00001,20.00001,20.00001,1500,1.433073
1981-07-28,19.875,20.12499,19.875,20.00001,9600,1.433073
1981-07-27,19.74999,19.74999,19.62501,19.62501,2100,1.406203
1981-07-24,20.12499,20.12499,19.875,19.875,1200,1.424116
1981-07-23,20.00001,20.25,20.00001,20.25,6300,1.450986
1981-07-22,20.49999,20.49999,20.00001,20.00001,5100,1.433073
1981-07-21,21.00,21.00,20.75001,20.75001,2400,1.486813
1981-07-20,21.24999,21.24999,21.00,21.00,3000,1.504726
1981-07-17,21.50001,21.50001,21.50001,21.50001,000,1.540554
1981-07-16,21.50001,21.50001,21.50001,21.50001,000,1.540554
1981-07-15,21.50001,21.50001,21.50001,21.50001,900,1.540554
1981-07-14,21.62499,21.62499,21.62499,21.62499,600,1.549509
1981-07-13,21.87501,21.87501,21.87501,21.87501,300,1.567424
1981-07-10,22.125,22.125,21.99999,21.99999,2100,1.576379
1981-07-09,22.37499,22.37499,22.125,22.37499,3000,1.603249
1981-07-08,22.25001,22.37499,22.25001,22.37499,1200,1.603249
1981-07-07,22.125,22.125,21.99999,21.99999,900,1.576379
1981-07-06,22.50,22.50,22.37499,22.37499,900,1.603249
1981-07-02,22.74999,23.00001,22.74999,22.74999,2400,1.630119
1981-07-01,23.00001,23.00001,22.74999,22.74999,3000,1.630119
1981-06-30,22.25001,23.25,22.25001,23.25,8100,1.665947
1981-06-29,22.125,22.25001,22.125,22.25001,2700,1.594294
1981-06-26,22.125,22.125,22.125,22.125,000,1.585337
1981-06-25,22.125,22.125,22.125,22.125,4500,1.585337
1981-06-24,22.125,22.25001,22.125,22.125,2400,1.585337
1981-06-23,21.50001,22.25001,21.50001,21.87501,8400,1.567424
1981-06-22,21.62499,21.62499,21.12501,21.50001,4800,1.540554
1981-06-19,21.87501,21.87501,21.62499,21.87501,1800,1.567424
1981-06-18,21.62499,22.125,21.62499,21.99999,7500,1.576379
1981-06-17,20.75001,21.375,20.625,21.375,7500,1.531596
1981-06-16,20.75001,20.75001,20.75001,20.75001,4800,1.486813
1981-06-15,20.49999,20.49999,20.49999,20.49999,1200,1.468899
1981-06-12,20.25,20.75001,20.25,20.49999,3600,1.468899
1981-06-11,20.12499,20.37501,20.12499,20.25,3900,1.450986
1981-06-10,20.25,20.49999,20.12499,20.12499,2400,1.442029
1981-06-09,20.12499,20.25,20.12499,20.25,4800,1.450986
1981-06-08,20.12499,20.12499,20.12499,20.12499,000,1.442029
1981-06-05,20.37501,20.37501,20.12499,20.12499,1800,1.442029
1981-06-04,19.875,20.37501,19.875,20.37501,6600,1.459943
1981-06-03,19.875,19.875,19.875,19.875,1800,1.424116
1981-06-02,20.00001,20.00001,19.875,20.00001,4800,1.433073
1981-06-01,20.00001,20.00001,20.00001,20.00001,1200,1.433073
1981-05-29,20.00001,20.00001,20.00001,20.00001,600,1.433073
1981-05-28,20.00001,20.00001,20.00001,20.00001,900,1.433073
1981-05-27,20.49999,20.625,20.00001,20.00001,8100,1.433073
1981-05-26,20.625,20.75001,20.12499,20.49999,4200,1.468899
1981-05-22,20.75001,20.75001,20.625,20.625,3300,1.477856
1981-05-21,20.75001,20.75001,20.75001,20.75001,600,1.486813
1981-05-20,20.75001,21.00,20.75001,20.75001,2400,1.486813
1981-05-19,20.75001,21.00,20.75001,20.75001,1200,1.486813
1981-05-18,20.87499,20.87499,20.49999,20.75001,11700,1.486813
1981-05-15,21.375,21.375,20.87499,20.87499,3000,1.495769
1981-05-14,21.24999,21.50001,21.24999,21.50001,5100,1.540554
1981-05-13,21.50001,21.50001,21.24999,21.24999,6300,1.522639
1981-05-12,21.99999,21.99999,21.62499,21.75,8400,1.558466
1981-05-11,21.99999,21.99999,21.99999,21.99999,1800,1.576379
1981-05-08,22.37499,22.37499,21.99999,21.99999,5100,1.576379
1981-05-07,22.875,22.875,22.62501,22.62501,3000,1.621164
1981-05-06,23.12499,23.12499,22.875,23.00001,3000,1.648034
1981-05-05,23.25,23.25,22.875,23.12499,5400,1.656989
1981-05-04,23.625,23.625,23.49999,23.49999,1500,1.68386
1981-05-01,23.87499,23.87499,23.87499,23.87499,1500,1.71073
1981-04-30,23.37501,23.87499,23.37501,23.87499,4500,1.71073
1981-04-29,23.37501,23.37501,23.37501,23.37501,2400,1.674904
1981-04-28,23.12499,23.12499,23.12499,23.12499,1200,1.656989
1981-04-27,23.00001,23.25,22.875,23.12499,2700,1.656989
1981-04-24,23.00001,23.00001,23.00001,23.00001,600,1.648034
1981-04-23,23.00001,23.00001,22.875,23.00001,3900,1.648034
1981-04-22,23.00001,23.00001,23.00001,23.00001,1800,1.648034
1981-04-21,23.37501,23.37501,23.12499,23.12499,3000,1.656989
1981-04-20,23.25,23.37501,23.25,23.37501,2700,1.674904
1981-04-16,23.00001,23.00001,23.00001,23.00001,600,1.648034
1981-04-15,22.74999,22.74999,22.74999,22.74999,300,1.630119
1981-04-14,22.74999,22.74999,22.74999,22.74999,1200,1.630119
1981-04-13,23.00001,23.00001,23.00001,23.00001,600,1.648034
1981-04-10,23.00001,23.00001,23.00001,23.00001,4200,1.648034
1981-04-09,22.74999,23.00001,22.74999,23.00001,1500,1.648034
1981-04-08,22.74999,22.74999,22.74999,22.74999,300,1.630119
1981-04-07,22.74999,23.00001,22.74999,22.74999,3900,1.630119
1981-04-06,22.74999,22.74999,22.74999,22.74999,5400,1.630119
1981-04-03,23.00001,23.00001,22.74999,23.00001,3000,1.648034
1981-04-02,22.875,23.00001,22.74999,23.00001,900,1.648034
1981-04-01,23.00001,23.00001,22.875,22.875,1500,1.639077
1981-03-31,23.00001,23.00001,23.00001,23.00001,000,1.648034
1981-03-30,23.00001,23.00001,23.00001,23.00001,45000,1.648034
1981-03-27,22.62501,22.62501,22.62501,22.62501,2700,1.621164
1981-03-26,22.875,22.875,22.875,22.875,1500,1.639077
1981-03-25,22.875,22.875,22.875,22.875,1800,1.639077
1981-03-24,23.00001,23.00001,23.00001,23.00001,000,1.648034
1981-03-23,23.00001,23.00001,23.00001,23.00001,2700,1.648034
1981-03-20,23.37501,23.37501,23.37501,23.37501,1800,1.674904
1981-03-19,23.37501,23.37501,23.37501,23.37501,4200,1.674904
1981-03-18,23.37501,23.625,23.37501,23.37501,4200,1.674904
1981-03-17,23.25,23.49999,23.25,23.37501,3300,1.674904
1981-03-16,23.12499,23.25,23.00001,23.25,9000,1.665947
1981-03-13,23.12499,23.12499,23.12499,23.12499,1200,1.656989
1981-03-12,23.00001,23.12499,23.00001,23.12499,4800,1.656989
1981-03-11,23.00001,23.00001,23.00001,23.00001,1800,1.648034
1981-03-10,23.00001,23.00001,23.00001,23.00001,2100,1.648034
1981-03-09,23.00001,23.00001,23.00001,23.00001,3900,1.648034
1981-03-06,22.74999,23.00001,22.74999,23.00001,3900,1.648034
1981-03-05,22.62501,22.62501,22.62501,22.62501,900,1.621164
1981-03-04,22.62501,22.62501,22.62501,22.62501,5400,1.621164
1981-03-03,22.74999,22.74999,22.74999,22.74999,1800,1.630119
1981-03-02,22.50,22.74999,22.37499,22.74999,2700,1.630119
1981-02-27,22.50,22.50,22.50,22.50,2100,1.612207
1981-02-26,22.25001,22.50,22.25001,22.50,3600,1.612207
1981-02-25,22.125,22.125,22.125,22.125,1500,1.585337
1981-02-24,22.37499,22.50,22.125,22.125,5100,1.585337
1981-02-23,21.99999,22.37499,21.99999,22.37499,2100,1.603249
1981-02-20,22.125,22.125,21.62499,21.75,10200,1.558466
1981-02-19,21.99999,22.125,21.75,22.125,6300,1.585337
1981-02-18,21.99999,22.25001,21.99999,21.99999,2100,1.576379
1981-02-17,22.37499,22.50,21.99999,21.99999,4500,1.576379
1981-02-13,22.37499,22.37499,22.37499,22.37499,1800,1.603249
1981-02-12,22.25001,22.25001,22.25001,22.25001,000,1.594294
1981-02-11,22.74999,22.875,22.25001,22.25001,10500,1.594294
1981-02-10,22.50,22.74999,22.50,22.74999,8400,1.630119
1981-02-09,23.25,23.25,22.50,22.50,4200,1.612207
1981-02-06,21.99999,23.25,21.99999,23.25,12900,1.665947
1981-02-05,21.99999,21.99999,21.75,21.75,6000,1.558466
1981-02-04,21.87501,21.99999,21.62499,21.99999,2700,1.576379
1981-02-03,21.24999,21.87501,21.00,21.87501,6000,1.567424
1981-02-02,21.75,21.87501,21.24999,21.24999,3900,1.522639
1981-01-30,21.75,21.99999,21.75,21.75,1800,1.558466
1981-01-29,21.62499,21.75,21.62499,21.62499,1200,1.549509
1981-01-28,21.99999,22.25001,21.62499,21.62499,51900,1.549509
1981-01-27,21.99999,21.99999,21.99999,21.99999,3300,1.576379
1981-01-26,21.75,21.99999,21.75,21.99999,5700,1.576379
1981-01-23,21.75,21.75,21.62499,21.75,2400,1.558466
1981-01-22,21.87501,21.87501,21.75,21.75,6000,1.558466
1981-01-21,21.50001,21.87501,21.50001,21.87501,2400,1.567424
1981-01-20,21.12501,21.375,21.00,21.375,3000,1.531596
1981-01-19,21.00,21.375,21.00,21.12501,1800,1.513684
1981-01-16,20.87499,20.87499,20.49999,20.75001,4200,1.486813
1981-01-15,20.625,20.87499,20.625,20.87499,1500,1.495769
1981-01-14,20.37501,20.49999,20.37501,20.37501,3600,1.459943
1981-01-13,20.625,20.625,20.37501,20.37501,2700,1.459943
1981-01-12,20.625,21.00,20.49999,20.75001,7200,1.486813
1981-01-09,20.75001,20.75001,20.625,20.625,3000,1.477856
1981-01-08,21.24999,21.24999,21.00,21.00,6900,1.504726
1981-01-07,21.50001,21.50001,21.24999,21.50001,15300,1.540554
1981-01-06,21.62499,21.75,21.62499,21.75,2700,1.558466
1981-01-05,21.50001,21.75,21.50001,21.50001,3300,1.540554
1981-01-02,21.24999,21.24999,21.12501,21.24999,7800,1.522639
1980-12-31,21.375,21.375,21.375,21.375,1200,1.531596
1980-12-30,21.00,21.00,21.00,21.00,600,1.504726
1980-12-29,21.00,21.00,21.00,21.00,3900,1.504726
1980-12-26,20.25,20.37501,20.25,20.25,1500,1.450986
1980-12-24,20.00001,20.25,20.00001,20.25,14400,1.450986
1980-12-23,19.875,20.00001,19.875,20.00001,2400,1.433073
1980-12-22,19.62501,19.62501,19.62501,19.62501,900,1.406203
1980-12-19,19.62501,19.62501,19.62501,19.62501,1200,1.406203
1980-12-18,19.875,19.875,19.62501,19.62501,1500,1.406203
1980-12-17,19.50,19.875,19.50,19.875,5100,1.424116
1980-12-16,19.50,19.50,19.50,19.50,2100,1.397246
1980-12-15,19.37499,19.37499,19.37499,19.37499,1800,1.388288
1980-12-12,19.50,19.50,19.50,19.50,1500,1.397246
1980-12-11,19.62501,19.62501,19.50,19.50,10800,1.397246
1980-12-10,19.62501,19.875,19.37499,19.875,8700,1.424116
1980-12-09,19.74999,19.74999,19.62501,19.62501,1500,1.406203
1980-12-08,20.75001,21.00,20.00001,20.00001,4500,1.433073
1980-12-05,21.12501,21.12501,20.75001,20.75001,3900,1.486813
1980-12-04,21.375,21.62499,21.375,21.375,3900,1.531596
1980-12-03,21.375,21.50001,21.24999,21.24999,2100,1.522639
1980-12-02,21.75,21.75,21.375,21.375,22500,1.531596
1980-12-01,22.37499,22.50,21.75,21.75,42900,1.558466
1980-11-28,22.37499,22.50,22.37499,22.37499,2700,1.603249
1980-11-26,21.99999,22.25001,21.99999,22.125,12000,1.585337
1980-11-25,21.00,21.87501,20.87499,21.87501,15600,1.567424
1980-11-24,21.00,21.24999,21.00,21.00,7200,1.504726
1980-11-21,20.87499,21.24999,20.625,21.00,9000,1.504726
1980-11-20,20.37501,20.87499,20.37501,20.87499,8100,1.495769
1980-11-19,20.00001,20.37501,20.00001,20.37501,9600,1.459943
1980-11-18,20.00001,20.12499,19.74999,20.00001,2700,1.433073
1980-11-17,19.37499,20.00001,19.125,20.00001,10800,1.433073
1980-11-14,19.62501,19.62501,19.125,19.37499,2700,1.388288
1980-11-13,19.50,19.62501,19.50,19.62501,1500,1.406203
1980-11-12,19.125,19.25001,19.125,19.25001,1200,1.379333
1980-11-11,19.37499,19.37499,19.125,19.125,1500,1.370376
1980-11-10,19.50,19.50,19.50,19.50,3000,1.397246
1980-11-07,19.50,19.50,18.99999,19.50,17100,1.397246
1980-11-06,19.50,19.74999,19.37499,19.50,4800,1.397246
1980-11-05,19.50,19.50,19.50,19.50,2100,1.397246
1980-11-03,19.25001,19.50,19.25001,19.25001,1500,1.379333
1980-10-31,19.25001,19.50,19.25001,19.25001,1200,1.379333
1980-10-30,19.50,19.50,19.25001,19.25001,3300,1.379333
1980-10-29,19.25001,19.50,18.87501,19.50,16800,1.397246
1980-10-28,19.62501,19.62501,19.25001,19.25001,4500,1.379333
1980-10-27,19.875,19.875,19.50,19.875,5100,1.424116
1980-10-24,20.00001,20.00001,20.00001,20.00001,4500,1.433073
1980-10-23,20.12499,20.25,20.00001,20.00001,9000,1.433073
1980-10-22,20.00001,20.37501,20.00001,20.12499,13200,1.442029
1980-10-21,20.00001,20.37501,20.00001,20.00001,31500,1.433073
1980-10-20,19.62501,19.875,19.37499,19.875,34200,1.424116
1980-10-17,19.50,19.62501,19.50,19.62501,11100,1.406203
1980-10-16,19.125,19.62501,19.125,19.25001,31500,1.379333
1980-10-15,18.99999,19.25001,18.99999,19.125,16200,1.370376
1980-10-14,18.99999,19.25001,18.99999,18.99999,12600,1.361418
1980-10-13,18.62499,18.99999,18.62499,18.99999,7200,1.361418
1980-10-10,18.50001,18.99999,18.12501,18.12501,23100,1.298723
1980-10-09,18.62499,18.75,18.50001,18.50001,900,1.325593
1980-10-08,18.62499,18.62499,18.62499,18.62499,3000,1.334548
1980-10-07,18.62499,18.75,18.375,18.375,2400,1.316635
1980-10-06,18.375,18.62499,18.375,18.62499,1500,1.334548
1980-10-03,18.62499,18.62499,18.375,18.375,3300,1.316635
1980-10-02,18.50001,18.62499,18.24999,18.62499,2400,1.334548
1980-10-01,18.00,18.50001,18.00,18.50001,7500,1.325593
1980-09-30,17.49999,17.87499,17.49999,17.87499,12000,1.280808
1980-09-29,17.75001,18.00,17.49999,17.49999,9300,1.253938
1980-09-26,18.24999,18.24999,17.75001,17.75001,4800,1.271853
1980-09-25,18.50001,18.62499,18.375,18.50001,3900,1.325593
1980-09-24,18.12501,18.50001,18.00,18.50001,7200,1.325593
1980-09-23,18.24999,18.24999,18.00,18.12501,2100,1.298723
1980-09-22,18.24999,18.375,17.75001,18.375,4500,1.316635
1980-09-19,18.00,18.24999,18.00,18.24999,10500,1.307678
1980-09-18,18.00,18.00,17.75001,18.00,3300,1.289765
1980-09-17,18.00,18.24999,17.75001,18.00,6900,1.289765
1980-09-16,18.00,18.00,18.00,18.00,1500,1.289765
1980-09-15,17.87499,18.00,17.75001,17.87499,2400,1.280808
1980-09-12,18.00,18.00,17.75001,17.87499,15900,1.280808
1980-09-11,18.00,18.00,18.00,18.00,3600,1.289765
1980-09-10,17.75001,18.00,17.75001,18.00,4200,1.289765
1980-09-09,18.00,18.12501,17.75001,17.75001,7500,1.271853
1980-09-08,18.50001,18.50001,18.00,18.00,7200,1.289765
1980-09-05,18.375,18.62499,18.375,18.50001,13800,1.325593
1980-09-04,18.50001,18.50001,18.24999,18.24999,3900,1.307678
1980-09-03,18.375,18.62499,18.375,18.50001,4800,1.325593
1980-09-02,18.24999,18.375,18.24999,18.24999,4500,1.307678
1980-08-29,18.375,18.375,18.00,18.24999,10200,1.307678
1980-08-28,18.375,18.375,18.24999,18.375,14700,1.316635
1980-08-27,18.62499,18.62499,18.24999,18.375,19800,1.316635
1980-08-26,18.75,18.87501,18.50001,18.75,18300,1.343506
1980-08-25,19.125,19.125,18.375,18.75,38700,1.343506
1980-08-22,19.62501,19.62501,19.25001,19.37499,227100,1.388288
1980-08-21,20.00001,20.00001,20.00001,20.00001,1800,1.433073
1980-08-20,19.875,19.875,19.74999,19.875,1200,1.424116
1980-08-19,19.74999,19.875,19.74999,19.875,4500,1.424116
1980-08-18,19.74999,19.74999,19.62501,19.62501,1800,1.406203
1980-08-15,19.875,19.875,19.875,19.875,000,1.424116
1980-08-14,19.875,19.875,19.875,19.875,600,1.424116
1980-08-13,19.74999,19.74999,19.74999,19.74999,1200,1.415158
1980-08-12,20.00001,20.00001,20.00001,20.00001,000,1.433073
1980-08-11,19.62501,20.00001,19.62501,20.00001,2400,1.433073
1980-08-08,19.62501,19.62501,19.62501,19.62501,300,1.406203
1980-08-07,19.62501,19.62501,19.37499,19.37499,5100,1.388288
1980-08-06,19.62501,19.62501,19.62501,19.62501,1500,1.406203
1980-08-05,19.875,19.875,19.875,19.875,300,1.424116
1980-08-04,20.00001,20.12499,19.875,20.12499,4200,1.442029
1980-08-01,19.875,20.00001,19.875,20.00001,1800,1.433073
1980-07-31,20.00001,20.25,19.875,19.875,2700,1.424116
1980-07-30,20.25,20.25,20.00001,20.00001,2400,1.433073
1980-07-29,20.49999,20.49999,20.49999,20.49999,300,1.468899
1980-07-28,20.87499,20.87499,20.49999,20.49999,2700,1.468899
1980-07-25,21.12501,21.12501,21.12501,21.12501,000,1.513684
1980-07-24,20.87499,21.12501,20.87499,21.12501,900,1.513684
1980-07-23,20.87499,20.87499,20.87499,20.87499,2100,1.495769
1980-07-22,20.75001,20.75001,20.75001,20.75001,600,1.486813
1980-07-21,20.75001,21.50001,20.75001,21.00,11100,1.504726
1980-07-18,20.49999,20.75001,20.49999,20.49999,1200,1.468899
1980-07-17,19.74999,20.49999,19.74999,20.49999,5100,1.468899
1980-07-16,19.37499,19.62501,19.37499,19.62501,1200,1.406203
1980-07-15,19.50,19.62501,19.25001,19.25001,1500,1.379333
1980-07-14,19.50,19.50,19.50,19.50,900,1.397246
1980-07-11,19.25001,19.25001,19.25001,19.25001,000,1.379333
1980-07-10,19.25001,19.25001,19.25001,19.25001,600,1.379333
1980-07-09,19.125,19.125,19.125,19.125,3600,1.370376
1980-07-08,19.25001,19.50,19.25001,19.50,3600,1.397246
1980-07-07,19.25001,19.25001,18.99999,19.25001,1800,1.379333
1980-07-03,18.99999,19.37499,18.12501,19.37499,6300,1.388288
1980-07-02,18.99999,19.25001,18.99999,18.99999,1800,1.361418
1980-07-01,18.99999,19.125,18.99999,18.99999,4800,1.361418
1980-06-30,18.62499,18.75,18.50001,18.75,6600,1.343506
1980-06-27,18.62499,18.62499,18.62499,18.62499,4200,1.334548
1980-06-26,19.25001,19.37499,19.125,19.37499,6000,1.388288
1980-06-25,19.37499,19.37499,19.25001,19.25001,1800,1.379333
1980-06-24,18.99999,19.37499,18.99999,19.37499,6000,1.388288
1980-06-23,18.99999,18.99999,18.99999,18.99999,3000,1.361418
1980-06-20,19.125,19.125,19.125,19.125,2400,1.370376
1980-06-19,18.87501,19.125,18.87501,19.125,2100,1.370376
1980-06-18,18.62499,18.87501,18.375,18.75,9300,1.343506
1980-06-17,18.375,18.62499,18.375,18.62499,1500,1.334548
1980-06-16,18.50001,18.50001,18.375,18.375,1200,1.316635
1980-06-13,18.99999,18.99999,18.75,18.75,900,1.343506
1980-06-12,18.24999,18.99999,18.24999,18.99999,6600,1.361418
1980-06-11,18.24999,18.24999,18.24999,18.24999,300,1.307678
1980-06-10,18.00,18.12501,18.00,18.12501,4800,1.298723
1980-06-09,17.87499,18.00,17.75001,17.75001,3300,1.271853
1980-06-06,17.75001,17.87499,17.75001,17.87499,1500,1.280808
1980-06-05,17.75001,17.75001,17.49999,17.75001,1500,1.271853
1980-06-04,17.75001,17.75001,17.75001,17.75001,000,1.271853
1980-06-03,17.75001,17.75001,17.75001,17.75001,000,1.271853
1980-06-02,17.75001,17.75001,17.75001,17.75001,1500,1.271853
1980-05-30,17.75001,17.75001,17.75001,17.75001,300,1.271853
1980-05-29,17.75001,17.75001,17.75001,17.75001,000,1.271853
1980-05-28,17.75001,17.75001,17.75001,17.75001,900,1.271853
1980-05-27,17.75001,17.87499,17.75001,17.75001,1200,1.271853
1980-05-23,17.625,17.75001,17.625,17.625,1500,1.262895
1980-05-22,17.625,18.00,17.37501,17.37501,4200,1.244982
1980-05-21,17.625,17.625,17.625,17.625,600,1.262895
1980-05-20,17.625,17.75001,17.625,17.625,4800,1.262895
1980-05-19,17.625,17.625,17.625,17.625,300,1.262895
1980-05-16,17.75001,17.75001,17.75001,17.75001,000,1.271853
1980-05-15,17.87499,17.87499,17.75001,17.75001,2700,1.271853
1980-05-14,17.87499,17.87499,17.87499,17.87499,300,1.280808
1980-05-13,17.87499,18.00,17.87499,18.00,1800,1.289765
1980-05-12,17.625,17.87499,17.625,17.625,900,1.262895
1980-05-09,17.75001,17.75001,17.625,17.625,1200,1.262895
1980-05-08,18.00,18.00,18.00,18.00,900,1.289765
1980-05-07,17.75001,17.75001,17.75001,17.75001,2100,1.271853
1980-05-06,17.75001,17.75001,17.75001,17.75001,300,1.271853
1980-05-05,17.49999,17.49999,17.49999,17.49999,3000,1.253938
1980-05-02,17.75001,17.75001,17.25,17.25,1200,1.236025
1980-05-01,18.00,18.00,18.00,18.00,000,1.289765
1980-04-30,17.49999,18.00,17.49999,18.00,4200,1.289765
1980-04-29,17.49999,17.49999,17.49999,17.49999,1200,1.253938
1980-04-28,17.625,17.75001,17.625,17.75001,1500,1.271853
1980-04-25,17.625,17.625,17.37501,17.37501,2100,1.244982
1980-04-24,17.75001,17.75001,17.625,17.75001,4200,1.271853
1980-04-23,17.75001,17.75001,17.75001,17.75001,300,1.271853
1980-04-22,17.75001,17.75001,17.75001,17.75001,2100,1.271853
1980-04-21,17.75001,17.75001,17.75001,17.75001,300,1.271853
1980-04-18,17.87499,17.87499,17.87499,17.87499,300,1.280808
1980-04-17,18.00,18.00,17.75001,18.00,2400,1.289765
1980-04-16,17.75001,18.00,17.75001,18.00,4200,1.289765
1980-04-15,17.49999,17.625,17.49999,17.625,600,1.262895
1980-04-14,17.25,17.37501,17.25,17.25,900,1.236025
1980-04-11,17.49999,17.49999,17.25,17.25,1800,1.236025
1980-04-10,17.49999,17.49999,17.49999,17.49999,000,1.253938
1980-04-09,17.49999,17.49999,17.49999,17.49999,000,1.253938
1980-04-08,17.49999,17.49999,17.49999,17.49999,000,1.253938
1980-04-07,18.12501,18.12501,17.49999,17.49999,9300,1.253938
1980-04-03,17.75001,18.12501,17.75001,18.12501,6900,1.298723
1980-04-02,17.75001,17.75001,17.75001,17.75001,2100,1.271853
1980-04-01,17.75001,17.75001,17.75001,17.75001,1200,1.271853
1980-03-31,17.49999,17.49999,17.49999,17.49999,1200,1.253938
1980-03-28,16.50,17.49999,16.50,17.49999,6000,1.253938
1980-03-27,18.75,18.75,16.50,16.50,14100,1.182285
1980-03-26,19.62501,19.62501,18.99999,18.99999,19800,1.361418
1980-03-25,19.875,20.12499,19.74999,19.74999,26100,1.415158
1980-03-24,19.875,20.25,19.875,19.875,31800,1.424116
1980-03-21,19.62501,19.62501,19.62501,19.62501,1800,1.406203
1980-03-20,18.99999,19.50,18.99999,19.50,9300,1.397246
1980-03-19,18.75,18.99999,18.75,18.99999,4500,1.361418
1980-03-18,18.50001,18.50001,18.50001,18.50001,7500,1.325593
1980-03-17,18.00,18.24999,17.625,18.24999,21600,1.307678
1980-03-14,18.00,18.00,17.87499,18.00,1500,1.289765
1980-03-13,17.87499,18.12501,17.87499,18.00,900,1.289765
1980-03-12,17.625,17.75001,17.625,17.75001,3600,1.271853
1980-03-11,17.25,17.49999,17.25,17.49999,10200,1.253938
1980-03-10,17.00001,17.00001,16.875,16.875,4500,1.209155
1980-03-07,17.37501,17.37501,17.37501,17.37501,300,1.244982
1980-03-06,17.87499,17.87499,17.625,17.625,3300,1.262895
1980-03-05,18.62499,18.62499,18.12501,18.12501,8400,1.298723
1980-03-04,19.125,19.125,18.87501,18.87501,1800,1.352463
1980-03-03,19.37499,19.50,19.37499,19.37499,1500,1.388288
1980-02-29,19.875,19.875,19.37499,19.37499,6900,1.388288
1980-02-28,20.00001,20.12499,19.875,19.875,2700,1.424116
1980-02-27,19.875,20.00001,19.875,20.00001,1500,1.433073
1980-02-26,19.74999,20.00001,19.50,19.875,8400,1.424116
1980-02-25,19.875,19.875,19.74999,19.74999,23100,1.415158
1980-02-22,19.875,20.00001,19.74999,20.00001,8100,1.433073
1980-02-21,20.00001,20.00001,19.74999,19.875,8100,1.424116
1980-02-20,20.00001,21.00,20.00001,20.00001,13800,1.433073
1980-02-19,19.62501,19.875,19.62501,19.74999,37800,1.415158
1980-02-15,19.37499,19.62501,19.37499,19.50,13500,1.397246
1980-02-14,18.99999,19.25001,18.99999,19.125,17100,1.370376
1980-02-13,18.375,18.87501,18.375,18.75,11400,1.343506
1980-02-12,18.375,18.50001,18.375,18.375,10800,1.316635
1980-02-11,17.25,18.24999,17.25,18.24999,12000,1.307678
1980-02-08,17.25,17.25,17.25,17.25,3000,1.236025
1980-02-07,17.00001,17.49999,17.00001,17.25,8700,1.236025
1980-02-06,17.00001,17.00001,17.00001,17.00001,000,1.218112
1980-02-05,17.25,17.25,17.00001,17.00001,5700,1.218112
1980-02-04,17.37501,17.625,17.37501,17.37501,2400,1.244982
1980-02-01,17.25,17.49999,17.25,17.37501,6300,1.244982
1980-01-31,17.25,17.25,17.25,17.25,3000,1.236025
1980-01-30,17.00001,17.25,17.00001,17.12499,2400,1.227068
1980-01-29,16.74999,16.74999,16.74999,16.74999,600,1.200198
1980-01-28,16.74999,16.875,16.74999,16.74999,1800,1.200198
1980-01-25,16.74999,16.74999,16.74999,16.74999,1200,1.200198
1980-01-24,16.875,16.875,16.875,16.875,1500,1.209155
1980-01-23,16.62501,16.875,16.62501,16.875,1500,1.209155
1980-01-22,16.37499,16.74999,16.37499,16.62501,5100,1.191242
1980-01-21,16.125,16.37499,16.125,16.25001,6300,1.164372
1980-01-18,16.125,16.37499,16.125,16.125,3900,1.155415
1980-01-17,15.87501,15.87501,15.87501,15.87501,900,1.137502
1980-01-16,15.50001,15.75,15.24999,15.62499,10800,1.119587
1980-01-15,15.24999,15.50001,15.24999,15.50001,6300,1.110632
1980-01-14,15.24999,15.24999,15.24999,15.24999,900,1.092717
1980-01-11,15.375,15.375,15.375,15.375,900,1.101675
1980-01-10,15.24999,15.375,14.75001,14.75001,2700,1.056892
1980-01-09,15.24999,15.24999,15.24999,15.24999,900,1.092717
1980-01-08,15.24999,15.50001,15.12501,15.50001,10500,1.110632
1980-01-07,15.24999,15.50001,15.24999,15.24999,2400,1.092717
1980-01-04,15.12501,15.12501,15.12501,15.12501,2100,1.083762
1980-01-03,15.12501,15.24999,15.12501,15.12501,2100,1.083762
1980-01-02,15.00,15.00,15.00,15.00,300,1.074804
1979-12-31,15.00,15.00,15.00,15.00,600,1.074804
1979-12-28,15.00,15.00,15.00,15.00,900,1.074804
1979-12-27,15.00,15.00,15.00,15.00,1200,1.074804
1979-12-26,15.00,15.00,15.00,15.00,600,1.074804
1979-12-24,15.00,15.00,15.00,15.00,600,1.074804
1979-12-21,14.87499,15.24999,14.87499,15.00,3900,1.074804
1979-12-20,14.75001,14.75001,14.75001,14.75001,6000,1.056892
1979-12-19,15.00,15.12501,15.00,15.12501,4800,1.083762
1979-12-18,15.12501,15.12501,14.87499,15.00,5700,1.074804
1979-12-17,15.12501,15.375,15.00,15.375,4800,1.101675
1979-12-14,15.12501,15.375,15.12501,15.12501,4500,1.083762
1979-12-13,15.00,15.00,15.00,15.00,000,1.074804
1979-12-12,15.00,15.00,15.00,15.00,300,1.074804
1979-12-11,15.00,15.00,15.00,15.00,1500,1.074804
1979-12-10,15.00,15.00,15.00,15.00,000,1.074804
1979-12-07,15.24999,15.50001,15.00,15.00,6300,1.074804
1979-12-06,15.12501,15.375,15.12501,15.24999,2400,1.092717
1979-12-05,14.87499,15.12501,14.49999,14.49999,1200,1.038977
1979-12-04,14.87499,15.00,14.75001,14.87499,3000,1.065847
1979-12-03,14.87499,14.87499,14.87499,14.87499,1500,1.065847
1979-11-30,14.87499,14.87499,14.87499,14.87499,000,1.065847
1979-11-29,14.87499,14.87499,14.87499,14.87499,300,1.065847
1979-11-28,14.87499,14.87499,14.87499,14.87499,900,1.065847
1979-11-27,14.87499,15.00,14.87499,14.87499,2700,1.065847
1979-11-26,14.87499,14.87499,14.87499,14.87499,1800,1.065847
1979-11-23,14.625,14.625,14.625,14.625,000,1.047934
1979-11-21,15.00,15.00,14.625,14.625,3300,1.047934
1979-11-20,14.87499,15.00,14.49999,15.00,2100,1.074804
1979-11-19,15.00,15.00,14.87499,14.87499,4200,1.065847
1979-11-16,15.00,15.00,15.00,15.00,300,1.074804
1979-11-15,14.87499,15.12501,14.625,14.625,2700,1.047934
1979-11-14,15.00,15.00,14.87499,14.87499,2400,1.065847
1979-11-13,14.75001,15.24999,14.75001,15.00,4800,1.074804
1979-11-12,14.75001,14.75001,14.49999,14.75001,4500,1.056892
1979-11-09,14.37501,14.75001,14.37501,14.75001,3300,1.056892
1979-11-08,14.37501,14.37501,14.37501,14.37501,600,1.030022
1979-11-07,14.12499,14.625,14.12499,14.625,3300,1.047934
1979-11-06,14.12499,14.12499,14.00001,14.12499,600,1.012107
1979-11-05,14.12499,14.12499,14.12499,14.12499,1500,1.012107
1979-11-02,13.875,14.25,13.875,14.12499,1800,1.012107
1979-11-01,14.00001,14.00001,13.74999,13.74999,2400,0.985237
1979-10-31,14.49999,14.49999,14.00001,14.00001,3300,1.003151
1979-10-30,14.49999,14.625,14.49999,14.49999,1800,1.038977
1979-10-29,14.75001,14.75001,14.49999,14.49999,900,1.038977
1979-10-26,14.75001,14.75001,14.75001,14.75001,900,1.056892
1979-10-25,15.12501,15.12501,14.75001,14.75001,3300,1.056892
1979-10-24,15.50001,15.50001,15.24999,15.24999,4500,1.092717
1979-10-23,15.99999,15.99999,15.50001,15.75,4500,1.128545
1979-10-22,15.99999,16.25001,15.50001,16.25001,7800,1.164372
1979-10-19,16.125,16.125,15.99999,15.99999,3600,1.146457
1979-10-18,16.25001,16.37499,16.125,16.37499,1500,1.173327
1979-10-17,15.99999,16.25001,15.99999,16.25001,2400,1.164372
1979-10-16,16.25001,16.25001,15.99999,15.99999,1800,1.146457
1979-10-15,16.125,16.37499,15.99999,16.37499,3600,1.173327
1979-10-12,16.25001,16.25001,16.125,16.125,3000,1.155415
1979-10-11,16.62501,16.62501,16.125,16.50,8400,1.182285
1979-10-10,17.00001,17.00001,16.62501,16.62501,7500,1.191242
1979-10-09,17.00001,17.00001,17.00001,17.00001,8400,1.218112
1979-10-08,17.00001,17.00001,17.00001,17.00001,3000,1.218112
1979-10-05,17.12499,17.25,17.12499,17.12499,3900,1.227068
1979-10-04,17.12499,17.25,17.00001,17.00001,2100,1.218112
1979-10-03,17.00001,17.12499,17.00001,17.12499,4200,1.227068
1979-10-02,17.12499,17.12499,17.00001,17.00001,2400,1.218112
1979-10-01,17.12499,17.12499,17.12499,17.12499,600,1.227068
1979-09-28,17.00001,17.12499,17.00001,17.00001,4500,1.218112
1979-09-27,17.00001,17.12499,17.00001,17.00001,900,1.218112
1979-09-26,17.00001,17.00001,17.00001,17.00001,1200,1.218112
1979-09-25,17.00001,17.00001,17.00001,17.00001,5400,1.218112
1979-09-24,17.00001,17.00001,17.00001,17.00001,1500,1.218112
1979-09-21,16.875,17.00001,16.875,16.875,2100,1.209155
1979-09-20,16.875,16.875,16.875,16.875,2100,1.209155
1979-09-19,17.12499,17.12499,17.00001,17.00001,12600,1.218112
1979-09-18,17.12499,17.12499,17.12499,17.12499,1200,1.227068
1979-09-17,17.25,17.25,17.25,17.25,000,1.236025
1979-09-14,17.25,17.25,17.25,17.25,1500,1.236025
1979-09-13,17.25,17.25,17.25,17.25,600,1.236025
1979-09-12,17.12499,17.12499,17.12499,17.12499,000,1.227068
1979-09-11,17.12499,17.12499,17.00001,17.12499,4200,1.227068
1979-09-10,17.12499,17.37501,17.12499,17.12499,900,1.227068
1979-09-07,17.12499,17.25,17.00001,17.12499,3900,1.227068
1979-09-06,17.12499,17.12499,17.12499,17.12499,000,1.227068
1979-09-05,17.25,17.25,17.12499,17.12499,3900,1.227068
1979-09-04,17.37501,17.37501,17.37501,17.37501,300,1.244982
1979-08-31,17.625,17.75001,17.49999,17.49999,600,1.253938
1979-08-30,17.87499,17.87499,17.625,17.625,1800,1.262895
1979-08-29,17.25,17.87499,17.12499,17.87499,5700,1.280808
1979-08-28,17.25,17.25,17.25,17.25,600,1.236025
1979-08-27,17.12499,17.12499,17.12499,17.12499,2400,1.227068
1979-08-24,17.12499,17.25,17.00001,17.25,2700,1.236025
1979-08-23,17.12499,17.37501,17.00001,17.12499,6600,1.227068
1979-08-22,17.12499,17.12499,17.12499,17.12499,4500,1.227068
1979-08-21,17.49999,17.49999,17.25,17.25,2700,1.236025
1979-08-20,17.625,17.75001,17.49999,17.49999,1200,1.253938
1979-08-17,17.625,17.87499,17.625,17.625,1200,1.262895
1979-08-16,17.37501,17.49999,17.12499,17.49999,14700,1.253938
1979-08-15,17.25,17.37501,17.25,17.37501,1200,1.244982
1979-08-14,17.25,17.25,17.25,17.25,6300,1.236025
1979-08-13,17.37501,17.37501,17.37501,17.37501,300,1.244982
1979-08-10,16.875,17.12499,16.875,17.12499,900,1.227068
1979-08-09,16.74999,16.74999,16.74999,16.74999,1200,1.200198
1979-08-08,16.50,16.50,16.50,16.50,900,1.182285
1979-08-07,16.50,16.50,15.99999,16.50,4200,1.182285
1979-08-06,16.37499,17.12499,16.25001,17.12499,3600,1.227068
1979-08-03,16.37499,16.37499,16.37499,16.37499,300,1.173327
1979-08-02,16.37499,16.50,16.37499,16.50,1500,1.182285
1979-08-01,16.25001,16.37499,15.99999,16.37499,4500,1.173327
1979-07-31,16.25001,16.25001,16.25001,16.25001,300,1.164372
1979-07-30,16.25001,16.25001,16.25001,16.25001,300,1.164372
1979-07-27,16.37499,16.37499,16.125,16.125,2100,1.155415
1979-07-26,16.25001,16.50,16.25001,16.50,3900,1.182285
1979-07-25,16.125,16.25001,16.125,16.25001,1500,1.164372
1979-07-24,16.25001,16.25001,16.125,16.125,1800,1.155415
1979-07-23,16.25001,16.25001,16.25001,16.25001,1200,1.164372
1979-07-20,16.125,16.25001,16.125,16.25001,3000,1.164372
1979-07-19,15.99999,16.37499,15.99999,15.99999,5700,1.146457
1979-07-18,15.99999,15.99999,15.87501,15.99999,900,1.146457
1979-07-17,15.99999,15.99999,15.75,15.99999,2400,1.146457
1979-07-16,15.75,16.125,15.75,16.125,1800,1.155415
1979-07-13,15.75,15.87501,15.75,15.75,1500,1.128545
1979-07-12,16.25001,16.37499,15.75,15.75,3900,1.128545
1979-07-11,16.50,16.50,16.25001,16.25001,3300,1.164372
1979-07-10,16.37499,16.62501,16.37499,16.62501,3600,1.191242
1979-07-09,16.25001,16.37499,16.25001,16.37499,900,1.173327
1979-07-06,15.99999,15.99999,15.99999,15.99999,900,1.146457
1979-07-05,16.125,16.125,16.125,16.125,600,1.155415
1979-07-03,16.37499,16.37499,16.37499,16.37499,600,1.173327
1979-07-02,16.25001,16.25001,15.99999,16.25001,2100,1.164372
1979-06-29,16.50,16.62501,16.37499,16.37499,7800,1.173327
1979-06-28,16.50,16.50,15.99999,16.50,11100,1.182285
1979-06-27,16.50,16.50,16.50,16.50,600,1.182285
1979-06-26,16.50,16.62501,16.37499,16.62501,900,1.191242
1979-06-25,16.37499,16.50,16.125,16.50,3000,1.182285
1979-06-22,16.37499,16.37499,16.37499,16.37499,000,1.173327
1979-06-21,16.37499,16.62501,15.99999,16.37499,2100,1.173327
1979-06-20,15.87501,16.37499,15.75,16.37499,2700,1.173327
1979-06-19,15.87501,15.87501,15.87501,15.87501,900,1.137502
1979-06-18,16.25001,16.50,16.125,16.50,900,1.182285
1979-06-15,15.99999,16.37499,15.99999,16.25001,6000,1.164372
1979-06-14,16.37499,16.37499,15.99999,15.99999,4200,1.146457
1979-06-13,16.37499,16.37499,16.37499,16.37499,300,1.173327
1979-06-12,16.62501,16.62501,16.37499,16.37499,1500,1.173327
1979-06-11,16.37499,16.62501,16.37499,16.62501,3600,1.191242
1979-06-08,16.62501,16.74999,16.37499,16.37499,6000,1.173327
1979-06-07,16.25001,16.62501,16.25001,16.62501,2100,1.191242
1979-06-06,16.25001,16.25001,16.25001,16.25001,1200,1.164372
1979-06-05,16.25001,16.25001,16.25001,16.25001,900,1.164372
1979-06-04,15.99999,16.125,15.99999,16.125,2100,1.155415
1979-06-01,15.87501,15.87501,15.75,15.75,900,1.128545
1979-05-31,16.125,16.125,16.125,16.125,000,1.155415
1979-05-30,16.125,16.125,16.125,16.125,1200,1.155415
1979-05-29,15.99999,16.125,15.75,16.125,2400,1.155415
1979-05-25,15.62499,15.99999,15.62499,15.99999,3300,1.146457
1979-05-24,15.62499,15.62499,15.62499,15.62499,300,1.119587
1979-05-23,15.75,15.75,15.62499,15.62499,3300,1.119587
1979-05-22,15.99999,15.99999,15.75,15.75,1800,1.128545
1979-05-21,15.99999,15.99999,15.62499,15.99999,3000,1.146457
1979-05-18,15.87501,15.99999,15.62499,15.99999,1800,1.146457
1979-05-17,15.50001,15.87501,15.50001,15.87501,2100,1.137502
1979-05-16,15.50001,15.50001,15.50001,15.50001,900,1.110632
1979-05-15,15.50001,15.75,15.375,15.75,3000,1.128545
1979-05-14,15.99999,15.99999,15.50001,15.50001,5100,1.110632
1979-05-11,15.75,15.99999,15.62499,15.99999,5700,1.146457
1979-05-10,15.75,15.75,15.75,15.75,300,1.128545
1979-05-09,15.75,15.75,15.75,15.75,000,1.128545
1979-05-08,15.75,15.75,15.75,15.75,600,1.128545
1979-05-07,15.75,15.87501,15.50001,15.75,6900,1.128545
1979-05-04,15.75,15.75,15.50001,15.75,1800,1.128545
1979-05-03,15.99999,15.99999,15.87501,15.99999,900,1.146457
1979-05-02,16.25001,16.25001,15.99999,16.125,2700,1.155415
1979-05-01,16.25001,16.25001,16.25001,16.25001,000,1.164372
1979-04-30,16.37499,16.37499,16.25001,16.25001,1500,1.164372
1979-04-27,16.74999,16.74999,16.62501,16.62501,1200,1.191242
1979-04-26,16.74999,16.74999,16.74999,16.74999,900,1.200198
1979-04-25,16.50,16.50,16.50,16.50,300,1.182285
1979-04-24,16.50,16.50,16.50,16.50,900,1.182285
1979-04-23,16.37499,16.37499,16.25001,16.25001,3000,1.164372
1979-04-20,16.37499,16.50,16.37499,16.50,4500,1.182285
1979-04-19,16.25001,16.25001,16.25001,16.25001,600,1.164372
1979-04-18,16.37499,16.50,16.37499,16.37499,600,1.173327
1979-04-17,16.50,16.50,16.37499,16.37499,900,1.173327
1979-04-16,16.62501,16.62501,16.50,16.50,7800,1.182285
1979-04-12,16.62501,16.875,16.62501,16.62501,1200,1.191242
1979-04-11,16.74999,16.74999,16.50,16.50,1800,1.182285
1979-04-10,16.74999,16.74999,16.74999,16.74999,300,1.200198
1979-04-09,16.37499,16.62501,16.25001,16.62501,4500,1.191242
1979-04-06,16.74999,16.74999,16.37499,16.37499,5700,1.173327
1979-04-05,16.74999,16.74999,16.50,16.74999,5400,1.200198
1979-04-04,16.74999,16.74999,16.74999,16.74999,000,1.200198
1979-04-03,16.74999,16.74999,16.74999,16.74999,4800,1.200198
1979-04-02,16.50,16.74999,16.50,16.74999,1200,1.200198
1979-03-30,16.37499,16.50,16.37499,16.37499,8100,1.173327
1979-03-29,16.37499,16.37499,16.125,16.125,600,1.155415
1979-03-28,16.37499,16.37499,16.37499,16.37499,300,1.173327
1979-03-27,15.375,16.37499,15.12501,16.37499,15000,1.173327
1979-03-26,15.375,15.375,15.375,15.375,900,1.101675
1979-03-23,15.12501,15.12501,15.12501,15.12501,1500,1.083762
1979-03-22,15.24999,15.24999,15.24999,15.24999,600,1.092717
1979-03-21,15.375,15.375,15.375,15.375,600,1.101675
1979-03-20,15.375,15.375,15.24999,15.24999,2400,1.092717
1979-03-19,15.62499,15.87501,15.62499,15.87501,3000,1.137502
1979-03-16,15.375,15.375,15.375,15.375,000,1.101675
1979-03-15,15.375,15.375,15.375,15.375,300,1.101675
1979-03-14,15.375,15.375,15.375,15.375,000,1.101675
1979-03-13,15.375,15.50001,15.375,15.375,1500,1.101675
1979-03-12,15.50001,15.75,15.12501,15.12501,900,1.083762
1979-03-09,15.50001,15.99999,15.50001,15.50001,3000,1.110632
1979-03-08,15.50001,15.50001,15.375,15.50001,600,1.110632
1979-03-07,15.50001,15.87501,15.375,15.87501,1200,1.137502
1979-03-06,15.50001,15.50001,15.50001,15.50001,000,1.110632
1979-03-05,15.50001,15.50001,15.50001,15.50001,300,1.110632
1979-03-02,15.375,15.50001,15.375,15.50001,3300,1.110632
1979-03-01,15.24999,15.24999,15.24999,15.24999,1500,1.092717
1979-02-28,15.24999,15.24999,15.24999,15.24999,900,1.092717
1979-02-27,15.24999,15.24999,15.24999,15.24999,000,1.092717
1979-02-26,15.24999,15.24999,15.24999,15.24999,300,1.092717
1979-02-23,15.50001,15.50001,15.50001,15.50001,300,1.110632
1979-02-22,15.375,15.375,15.375,15.375,000,1.101675
1979-02-21,15.375,15.375,15.375,15.375,300,1.101675
1979-02-20,15.375,15.375,15.375,15.375,300,1.101675
1979-02-16,15.24999,15.24999,15.24999,15.24999,300,1.092717
1979-02-15,15.24999,15.24999,15.24999,15.24999,000,1.092717
1979-02-14,15.24999,15.24999,15.24999,15.24999,600,1.092717
1979-02-13,15.00,15.00,15.00,15.00,300,1.074804
1979-02-12,15.24999,15.75,15.12501,15.75,5700,1.128545
1979-02-09,15.24999,15.24999,15.24999,15.24999,000,1.092717
1979-02-08,15.12501,15.24999,15.00,15.24999,4200,1.092717
1979-02-07,15.50001,15.50001,15.12501,15.12501,4200,1.083762
1979-02-06,15.50001,15.50001,15.375,15.50001,1800,1.110632
1979-02-05,15.50001,15.50001,15.375,15.50001,900,1.110632
1979-02-02,15.50001,15.50001,15.50001,15.50001,000,1.110632
1979-02-01,15.50001,15.50001,15.50001,15.50001,600,1.110632
1979-01-31,15.50001,15.50001,15.50001,15.50001,300,1.110632
1979-01-30,15.62499,15.62499,15.62499,15.62499,900,1.119587
1979-01-29,15.75,15.75,15.75,15.75,1200,1.128545
1979-01-26,15.99999,15.99999,15.99999,15.99999,300,1.146457
1979-01-25,15.87501,15.87501,15.75,15.75,900,1.128545
1979-01-24,15.99999,16.125,15.99999,16.125,7500,1.155415
1979-01-23,15.75,15.75,15.75,15.75,300,1.128545
1979-01-22,15.99999,15.99999,15.99999,15.99999,900,1.146457
1979-01-19,15.75,15.99999,15.75,15.99999,1800,1.146457
1979-01-18,15.75,15.75,15.75,15.75,2400,1.128545
1979-01-17,15.87501,15.87501,15.75,15.75,3300,1.128545
1979-01-16,15.87501,15.87501,15.87501,15.87501,300,1.137502
1979-01-15,15.75,15.87501,15.75,15.75,600,1.128545
1979-01-12,15.62499,15.62499,15.62499,15.62499,300,1.119587
1979-01-11,15.50001,15.50001,15.50001,15.50001,600,1.110632
1979-01-10,15.75,15.75,15.75,15.75,000,1.128545
1979-01-09,15.24999,15.75,15.24999,15.75,4800,1.128545
1979-01-08,15.12501,15.375,15.12501,15.12501,600,1.083762
1979-01-05,15.12501,15.12501,15.12501,15.12501,600,1.083762
1979-01-04,15.12501,15.24999,15.00,15.24999,2400,1.092717
1979-01-03,15.12501,15.12501,15.00,15.12501,2700,1.083762
1979-01-02,15.12501,15.24999,15.12501,15.24999,900,1.092717
1978-12-29,15.12501,15.375,14.75001,14.87499,9000,1.065847
1978-12-28,15.12501,15.24999,15.12501,15.12501,2100,1.083762
1978-12-27,15.12501,15.12501,15.12501,15.12501,600,1.083762
1978-12-26,15.12501,15.12501,15.12501,15.12501,600,1.083762
1978-12-22,15.50001,15.50001,15.24999,15.24999,1200,1.092717
1978-12-21,15.75,15.75,15.50001,15.75,4500,1.128545
1978-12-20,15.75,15.87501,15.62499,15.87501,1200,1.137502
1978-12-19,15.75,15.75,15.75,15.75,900,1.128545
1978-12-18,15.99999,15.99999,15.75,15.99999,2700,1.146457
1978-12-15,16.37499,16.37499,16.37499,16.37499,300,1.173327
1978-12-14,16.125,16.50,16.125,16.50,900,1.182285
1978-12-13,16.125,16.125,16.125,16.125,300,1.155415
1978-12-12,16.25001,16.25001,16.25001,16.25001,000,1.164372
1978-12-11,16.25001,16.25001,16.25001,16.25001,600,1.164372
1978-12-08,16.125,16.125,16.125,16.125,900,1.155415
1978-12-07,16.125,16.125,16.125,16.125,000,1.155415
1978-12-06,16.50,16.74999,16.125,16.125,6600,1.155415
1978-12-05,16.50,16.50,16.50,16.50,900,1.182285
1978-12-04,16.50,16.50,16.50,16.50,000,1.182285
1978-12-01,16.50,16.50,16.50,16.50,000,1.182285
1978-11-30,16.50,16.50,16.50,16.50,300,1.182285
1978-11-29,16.74999,16.74999,16.74999,16.74999,000,1.200198
1978-11-28,16.50,16.74999,16.25001,16.74999,3300,1.200198
1978-11-27,16.50,16.50,16.50,16.50,300,1.182285
1978-11-24,16.50,16.50,16.50,16.50,300,1.182285
1978-11-22,16.50,16.50,16.50,16.50,600,1.182285
1978-11-21,16.50,16.74999,16.50,16.74999,900,1.200198
1978-11-20,16.50,16.50,16.50,16.50,000,1.182285
1978-11-17,16.50,16.50,16.50,16.50,000,1.182285
1978-11-16,16.37499,16.62501,16.37499,16.50,2700,1.182285
1978-11-15,16.125,16.25001,15.99999,16.25001,2100,1.164372
1978-11-14,16.125,16.125,16.125,16.125,300,1.155415
1978-11-13,16.25001,16.25001,16.25001,16.25001,600,1.164372
1978-11-10,16.125,16.125,16.125,16.125,1500,1.155415
1978-11-09,16.25001,16.25001,16.125,16.125,2100,1.155415
1978-11-08,16.50,16.50,16.25001,16.25001,900,1.164372
1978-11-07,16.62501,16.62501,16.50,16.50,1200,1.182285
1978-11-06,16.74999,16.74999,16.50,16.74999,900,1.200198
1978-11-03,16.50,16.74999,16.50,16.74999,600,1.200198
1978-11-02,16.37499,16.875,16.37499,16.50,8700,1.182285
1978-11-01,16.125,16.125,16.125,16.125,7200,1.155415
1978-10-31,16.62501,16.62501,15.75,15.75,7800,1.128545
1978-10-30,17.37501,17.37501,16.74999,16.74999,2700,1.200198
1978-10-27,17.625,17.625,17.49999,17.625,1800,1.262895
1978-10-26,18.12501,18.12501,17.625,17.625,1800,1.262895
1978-10-25,18.24999,18.24999,18.00,18.24999,2700,1.307678
1978-10-24,18.62499,18.62499,18.24999,18.24999,2700,1.307678
1978-10-23,18.87501,18.87501,18.62499,18.87501,1800,1.352463
1978-10-20,18.87501,18.99999,18.62499,18.99999,6900,1.361418
1978-10-19,18.75,19.125,18.75,18.87501,2700,1.352463
1978-10-18,18.87501,19.25001,18.75,18.75,2400,1.343506
1978-10-17,18.87501,19.125,18.87501,18.87501,1500,1.352463
1978-10-16,18.62499,18.87501,18.375,18.87501,1800,1.352463
1978-10-13,18.62499,18.75,18.62499,18.62499,1500,1.334548
1978-10-12,18.99999,18.99999,18.62499,18.62499,2400,1.334548
1978-10-11,19.125,19.125,18.99999,19.125,900,1.370376
1978-10-10,18.87501,19.125,18.87501,19.125,1200,1.370376
1978-10-09,18.62499,18.87501,18.62499,18.87501,1800,1.352463
1978-10-06,18.24999,18.50001,18.24999,18.50001,900,1.325593
1978-10-05,18.00,18.00,18.00,18.00,000,1.289765
1978-10-04,18.00,18.00,18.00,18.00,000,1.289765
1978-10-03,18.24999,18.50001,18.00,18.00,3600,1.289765
1978-10-02,18.24999,18.24999,18.24999,18.24999,900,1.307678
1978-09-29,18.24999,18.24999,18.24999,18.24999,1200,1.307678
1978-09-28,18.00,18.24999,18.00,18.00,1800,1.289765
1978-09-27,17.87499,17.87499,17.625,17.87499,3600,1.280808
1978-09-26,17.87499,17.87499,17.87499,17.87499,1500,1.280808
1978-09-25,17.75001,17.75001,17.75001,17.75001,000,1.271853
1978-09-22,18.00,18.00,17.75001,17.75001,1800,1.271853
1978-09-21,18.12501,18.12501,17.87499,18.12501,900,1.298723
1978-09-20,18.375,18.375,18.12501,18.12501,1500,1.298723
1978-09-19,18.50001,18.62499,18.50001,18.62499,2100,1.334548
1978-09-18,18.62499,18.75,18.50001,18.50001,600,1.325593
1978-09-15,18.62499,18.62499,18.62499,18.62499,900,1.334548
1978-09-14,18.375,18.62499,18.375,18.375,3600,1.316635
1978-09-13,18.12501,18.375,18.00,18.375,2700,1.316635
1978-09-12,18.12501,18.24999,18.12501,18.12501,2700,1.298723
1978-09-11,18.00,18.00,17.75001,18.00,3300,1.289765
1978-09-08,17.87499,18.12501,17.625,18.00,3600,1.289765
1978-09-07,18.00,18.00,17.625,17.87499,2400,1.280808
1978-09-06,17.75001,18.00,17.75001,18.00,2400,1.289765
1978-09-05,17.75001,17.75001,17.625,17.75001,600,1.271853
1978-09-01,17.49999,17.75001,17.37501,17.75001,1500,1.271853
1978-08-31,17.49999,17.625,17.49999,17.49999,1800,1.253938
1978-08-30,17.49999,17.49999,17.49999,17.49999,000,1.253938
1978-08-29,17.49999,17.49999,17.49999,17.49999,300,1.253938
1978-08-28,17.25,17.25,16.875,17.25,1500,1.236025
1978-08-25,17.25,17.25,17.25,17.25,000,1.236025
1978-08-24,17.37501,17.49999,17.25,17.25,600,1.236025
1978-08-23,17.37501,17.37501,17.37501,17.37501,3600,1.244982
1978-08-22,17.37501,17.625,17.37501,17.625,1500,1.262895
1978-08-21,17.37501,17.37501,17.37501,17.37501,300,1.244982
1978-08-18,17.49999,17.75001,17.25,17.49999,2400,1.253938
1978-08-17,17.12499,17.49999,17.00001,17.49999,2400,1.253938
1978-08-16,17.00001,17.25,17.00001,17.12499,1500,1.227068
1978-08-15,17.25,17.25,16.875,16.875,2700,1.209155
1978-08-14,17.625,17.625,17.37501,17.37501,3000,1.244982
1978-08-11,17.625,17.625,17.49999,17.625,1800,1.262895
1978-08-10,18.00,18.00,17.625,17.625,4500,1.262895
1978-08-09,18.00,18.00,18.00,18.00,2100,1.289765
1978-08-08,18.12501,18.50001,18.12501,18.24999,5700,1.307678
1978-08-07,18.12501,18.24999,18.12501,18.12501,3300,1.298723
1978-08-04,18.00,18.24999,18.00,18.12501,3300,1.298723
1978-08-03,18.12501,18.12501,18.00,18.00,7800,1.289765
1978-08-02,18.00,18.12501,18.00,18.12501,3600,1.298723
1978-08-01,17.37501,18.00,17.37501,17.87499,18900,1.280808
1978-07-31,17.00001,17.00001,17.00001,17.00001,600,1.218112
1978-07-28,17.00001,17.00001,17.00001,17.00001,900,1.218112
1978-07-27,17.00001,17.00001,17.00001,17.00001,900,1.218112
1978-07-26,16.875,17.00001,16.74999,17.00001,3300,1.218112
1978-07-25,17.00001,17.00001,16.875,16.875,2400,1.209155
1978-07-24,17.00001,17.00001,17.00001,17.00001,900,1.218112
1978-07-21,17.25,17.37501,17.12499,17.12499,2100,1.227068
1978-07-20,17.00001,17.25,17.00001,17.25,6600,1.236025
1978-07-19,16.74999,16.74999,16.74999,16.74999,3300,1.200198
1978-07-18,17.00001,17.00001,16.875,16.875,1200,1.209155
1978-07-17,16.875,17.00001,16.875,17.00001,600,1.218112
1978-07-14,16.74999,16.74999,16.74999,16.74999,900,1.200198
1978-07-13,16.62501,16.62501,16.62501,16.62501,000,1.191242
1978-07-12,16.875,17.00001,16.62501,16.62501,3000,1.191242
1978-07-11,16.875,16.875,16.875,16.875,300,1.209155
1978-07-10,16.74999,16.875,16.62501,16.875,2400,1.209155
1978-07-07,16.875,16.875,16.74999,16.74999,3000,1.200198
1978-07-06,16.875,17.00001,16.74999,16.875,2400,1.209155
1978-07-05,16.875,17.00001,16.875,16.875,1200,1.209155
1978-07-03,16.62501,16.74999,16.62501,16.74999,900,1.200198
1978-06-30,16.62501,16.62501,16.50,16.50,900,1.182285
1978-06-29,16.62501,16.62501,16.62501,16.62501,600,1.191242
1978-06-28,16.875,16.875,16.62501,16.62501,1200,1.191242
1978-06-27,16.875,16.875,16.875,16.875,600,1.209155
1978-06-26,16.875,16.875,16.74999,16.875,900,1.209155
1978-06-23,16.875,16.875,16.62501,16.875,900,1.209155
1978-06-22,16.875,17.12499,16.875,16.875,3300,1.209155
1978-06-21,16.74999,17.00001,16.62501,16.875,2100,1.209155
1978-06-20,17.00001,17.00001,16.74999,16.74999,2400,1.200198
1978-06-19,17.00001,17.00001,16.875,17.00001,1200,1.218112
1978-06-16,17.12499,17.12499,17.12499,17.12499,300,1.227068
1978-06-15,16.875,16.875,16.875,16.875,300,1.209155
1978-06-14,17.00001,17.00001,17.00001,17.00001,900,1.218112
1978-06-13,17.00001,17.00001,17.00001,17.00001,900,1.218112
1978-06-12,17.00001,17.00001,17.00001,17.00001,900,1.218112
1978-06-09,17.00001,17.00001,17.00001,17.00001,000,1.218112
1978-06-08,17.00001,17.00001,17.00001,17.00001,300,1.218112
1978-06-07,16.875,17.00001,16.74999,17.00001,3900,1.218112
1978-06-06,17.00001,17.00001,16.875,16.875,2400,1.209155
1978-06-05,16.74999,17.00001,16.74999,17.00001,2100,1.218112
1978-06-02,16.62501,16.62501,16.50,16.50,600,1.182285
1978-06-01,16.74999,16.875,16.74999,16.875,600,1.209155
1978-05-31,16.74999,16.74999,16.74999,16.74999,000,1.200198
1978-05-30,16.74999,16.74999,16.74999,16.74999,1200,1.200198
1978-05-26,16.62501,16.62501,16.62501,16.62501,600,1.191242
1978-05-25,16.74999,16.74999,16.74999,16.74999,1200,1.200198
1978-05-24,16.74999,16.74999,16.74999,16.74999,1800,1.200198
1978-05-23,16.74999,16.74999,16.74999,16.74999,300,1.200198
1978-05-22,16.875,16.875,16.74999,16.875,600,1.209155
1978-05-19,16.875,16.875,16.875,16.875,900,1.209155
1978-05-18,17.00001,17.00001,17.00001,17.00001,300,1.218112
1978-05-17,16.74999,17.12499,16.74999,16.74999,4200,1.200198
1978-05-16,16.875,16.875,16.74999,16.74999,2100,1.200198
1978-05-15,16.875,17.00001,16.875,16.875,900,1.209155
1978-05-12,16.74999,16.74999,16.74999,16.74999,300,1.200198
1978-05-11,16.50,16.50,16.50,16.50,12000,1.182285
1978-05-10,16.50,16.50,16.50,16.50,300,1.182285
1978-05-09,16.62501,16.74999,16.50,16.50,10500,1.182285
1978-05-08,16.62501,16.62501,16.62501,16.62501,600,1.191242
1978-05-05,16.37499,16.37499,16.37499,16.37499,300,1.173327
1978-05-04,17.00001,17.12499,16.50,16.50,3000,1.182285
1978-05-03,17.00001,17.00001,17.00001,17.00001,900,1.218112
1978-05-02,16.74999,16.875,16.50,16.875,1200,1.209155
1978-05-01,16.50,16.74999,16.50,16.74999,1500,1.200198
1978-04-28,16.50,16.50,16.50,16.50,300,1.182285
1978-04-27,16.50,16.50,16.50,16.50,1500,1.182285
1978-04-26,16.62501,16.74999,16.62501,16.62501,1200,1.191242
1978-04-25,16.74999,16.875,16.37499,16.62501,3000,1.191242
1978-04-24,16.74999,16.74999,16.74999,16.74999,600,1.200198
1978-04-21,16.74999,17.00001,16.74999,16.74999,1200,1.200198
1978-04-20,16.74999,17.00001,16.74999,16.74999,3300,1.200198
1978-04-19,16.62501,16.62501,16.62501,16.62501,1500,1.191242
1978-04-18,16.62501,16.62501,16.62501,16.62501,1800,1.191242
1978-04-17,16.62501,16.62501,16.37499,16.50,10500,1.182285
1978-04-14,16.62501,16.62501,16.37499,16.62501,3300,1.191242
1978-04-13,16.50,16.62501,16.25001,16.62501,4800,1.191242
1978-04-12,16.50,16.62501,16.50,16.50,2400,1.182285
1978-04-11,16.62501,16.74999,16.50,16.50,4200,1.182285
1978-04-10,16.875,16.875,16.62501,16.62501,1500,1.191242
1978-04-07,16.74999,17.75001,16.74999,16.875,6900,1.209155
1978-04-06,16.875,16.875,16.74999,16.74999,1800,1.200198
1978-04-05,16.875,16.875,16.875,16.875,1200,1.209155
1978-04-04,17.00001,17.00001,16.74999,17.00001,1800,1.218112
1978-04-03,17.25,17.625,17.00001,17.00001,11700,1.218112
1978-03-31,17.25,17.37501,17.12499,17.25,1800,1.236025
1978-03-30,17.12499,17.37501,17.12499,17.25,5400,1.236025
1978-03-29,16.74999,17.37501,16.74999,17.12499,6900,1.227068
1978-03-28,16.74999,16.875,16.62501,16.74999,1800,1.200198
1978-03-27,16.74999,17.12499,16.74999,16.74999,4200,1.200198
1978-03-23,16.50,16.74999,16.50,16.74999,2400,1.200198
1978-03-22,16.37499,16.50,16.37499,16.50,1800,1.182285
1978-03-21,16.125,16.25001,16.125,16.25001,900,1.164372
1978-03-20,15.99999,16.125,15.87501,16.125,3900,1.155415
1978-03-17,15.99999,15.99999,15.75,15.99999,1800,1.146457
1978-03-16,15.99999,16.25001,15.99999,16.25001,4200,1.164372
1978-03-15,16.125,16.25001,15.99999,15.99999,2100,1.146457
1978-03-14,16.125,16.125,16.125,16.125,300,1.155415
1978-03-13,15.87501,15.99999,15.87501,15.99999,3300,1.146457
1978-03-10,15.99999,15.99999,15.62499,15.62499,3300,1.119587
1978-03-09,15.99999,15.99999,15.99999,15.99999,600,1.146457
1978-03-08,16.125,16.125,15.99999,15.99999,4200,1.146457
1978-03-07,15.87501,16.125,15.87501,16.125,4800,1.155415
1978-03-06,15.87501,15.87501,15.87501,15.87501,5100,1.137502
1978-03-03,15.87501,15.87501,15.50001,15.87501,3600,1.137502
1978-03-02,15.75,15.87501,15.75,15.87501,1500,1.137502
1978-03-01,15.75,15.87501,15.50001,15.75,2700,1.128545
1978-02-28,15.75,15.75,15.75,15.75,300,1.128545
1978-02-27,15.75,15.75,15.75,15.75,000,1.128545
1978-02-24,15.50001,15.75,15.50001,15.75,900,1.128545
1978-02-23,15.375,15.375,15.375,15.375,300,1.101675
1978-02-22,15.12501,15.12501,15.12501,15.12501,000,1.083762
1978-02-21,15.375,15.375,15.12501,15.12501,1800,1.083762
1978-02-17,15.375,15.375,15.375,15.375,1500,1.101675
1978-02-16,15.24999,15.50001,15.24999,15.50001,1500,1.110632
1978-02-15,15.00,15.00,15.00,15.00,600,1.074804
1978-02-14,15.24999,15.375,15.12501,15.12501,2400,1.083762
1978-02-13,15.24999,15.24999,15.00,15.24999,1200,1.092717
1978-02-10,15.24999,15.24999,15.24999,15.24999,300,1.092717
1978-02-09,15.00,15.00,15.00,15.00,1800,1.074804
1978-02-08,15.12501,15.12501,15.12501,15.12501,600,1.083762
1978-02-07,15.12501,15.12501,15.12501,15.12501,300,1.083762
1978-02-06,15.12501,15.12501,15.00,15.00,900,1.074804
1978-02-03,15.375,15.375,15.375,15.375,1500,1.101675
1978-02-02,15.50001,15.50001,15.50001,15.50001,3000,1.110632
1978-02-01,15.24999,15.50001,15.24999,15.50001,1800,1.110632
1978-01-31,15.00,15.00,15.00,15.00,300,1.074804
1978-01-30,15.00,15.00,15.00,15.00,300,1.074804
1978-01-27,15.00,15.00,15.00,15.00,000,1.074804
1978-01-26,15.00,15.12501,15.00,15.00,900,1.074804
1978-01-25,14.87499,15.00,14.75001,15.00,3300,1.074804
1978-01-24,15.00,15.00,14.87499,14.87499,1800,1.065847
1978-01-23,15.12501,15.24999,15.00,15.00,2100,1.074804
1978-01-20,15.12501,15.12501,15.12501,15.12501,300,1.083762
1978-01-19,15.24999,15.24999,15.00,15.12501,5100,1.083762
1978-01-18,15.50001,15.50001,15.50001,15.50001,000,1.110632
1978-01-17,15.50001,15.50001,15.50001,15.50001,000,1.110632
1978-01-16,15.50001,15.50001,15.50001,15.50001,1500,1.110632
1978-01-13,15.375,15.375,15.12501,15.375,2400,1.101675
1978-01-12,15.24999,15.50001,15.24999,15.50001,900,1.110632
1978-01-11,15.24999,15.24999,15.12501,15.24999,2100,1.092717
1978-01-10,15.24999,15.50001,15.24999,15.50001,1200,1.110632
1978-01-09,15.50001,15.50001,15.00,15.00,11400,1.074804
1978-01-06,15.75,15.75,15.50001,15.50001,4800,1.110632
1978-01-05,16.125,16.125,15.99999,16.125,1800,1.155415
1978-01-04,15.99999,16.125,15.99999,16.125,2100,1.155415
1978-01-03,16.25001,16.25001,15.99999,15.99999,1200,1.146457
1977-12-30,15.99999,16.25001,15.99999,16.25001,1800,1.164372
1977-12-29,15.99999,16.25001,15.99999,15.99999,9900,1.146457
1977-12-28,15.99999,15.99999,15.87501,15.99999,1200,1.146457
1977-12-27,15.99999,15.99999,15.99999,15.99999,4800,1.146457
1977-12-23,15.99999,15.99999,15.99999,15.99999,3600,1.146457
1977-12-22,15.62499,15.87501,15.62499,15.87501,3600,1.137502
1977-12-21,15.50001,15.50001,15.50001,15.50001,2700,1.110632
1977-12-20,15.75,15.75,15.62499,15.62499,600,1.119587
1977-12-19,15.99999,15.99999,15.99999,15.99999,600,1.146457
1977-12-16,15.99999,16.125,15.99999,16.125,3600,1.155415
1977-12-15,16.25001,16.50,15.99999,15.99999,5100,1.146457
1977-12-14,15.99999,16.25001,15.99999,16.25001,5400,1.164372
1977-12-13,15.87501,15.99999,15.87501,15.99999,3000,1.146457
1977-12-12,15.50001,15.87501,15.375,15.87501,5100,1.137502
1977-12-09,15.50001,15.62499,15.50001,15.50001,600,1.110632
1977-12-08,15.50001,15.50001,15.50001,15.50001,1200,1.110632
1977-12-07,15.375,15.375,15.375,15.375,1200,1.101675
1977-12-06,15.24999,15.50001,15.24999,15.375,2700,1.101675
1977-12-05,15.24999,15.50001,15.12501,15.12501,2400,1.083762
1977-12-02,15.75,15.75,15.24999,15.24999,2700,1.092717
1977-12-01,15.50001,15.87501,15.50001,15.75,6300,1.128545
1977-11-30,15.50001,15.50001,15.24999,15.24999,2700,1.092717
1977-11-29,15.62499,15.87501,15.62499,15.62499,5700,1.119587
1977-11-28,15.375,15.375,15.375,15.375,600,1.101675
1977-11-25,15.50001,15.50001,15.375,15.375,3300,1.101675
1977-11-23,15.50001,15.50001,15.50001,15.50001,1200,1.110632
1977-11-22,14.87499,15.50001,14.87499,15.50001,10200,1.110632
1977-11-21,14.75001,14.75001,14.625,14.625,4200,1.047934
1977-11-18,14.87499,14.87499,14.87499,14.87499,300,1.065847
1977-11-17,14.625,14.625,14.625,14.625,000,1.047934
1977-11-16,15.00,15.00,14.625,14.625,2100,1.047934
1977-11-15,15.00,15.00,15.00,15.00,300,1.074804
1977-11-14,14.87499,14.87499,14.87499,14.87499,000,1.065847
1977-11-11,14.87499,14.87499,14.87499,14.87499,000,1.065847
1977-11-10,14.87499,14.87499,14.87499,14.87499,000,1.065847
1977-11-09,14.87499,14.87499,14.87499,14.87499,000,1.065847
1977-11-08,14.75001,14.87499,14.75001,14.87499,1500,1.065847
1977-11-07,14.49999,14.49999,14.49999,14.49999,600,1.038977
1977-11-04,14.49999,14.49999,14.49999,14.49999,000,1.038977
1977-11-03,14.49999,14.49999,14.49999,14.49999,000,1.038977
1977-11-02,14.49999,14.49999,14.49999,14.49999,000,1.038977
1977-11-01,14.49999,14.49999,14.49999,14.49999,000,1.038977
1977-10-31,14.625,14.75001,14.49999,14.49999,2100,1.038977
1977-10-28,14.625,14.625,14.625,14.625,300,1.047934
1977-10-27,14.625,14.625,14.625,14.625,300,1.047934
1977-10-26,14.37501,14.37501,14.37501,14.37501,300,1.030022
1977-10-25,14.49999,14.625,14.12499,14.12499,8700,1.012107
1977-10-24,14.49999,14.49999,14.49999,14.49999,000,1.038977
1977-10-21,14.49999,14.49999,14.49999,14.49999,300,1.038977
1977-10-20,14.49999,14.625,14.49999,14.625,2100,1.047934
1977-10-19,14.49999,14.49999,14.49999,14.49999,300,1.038977
1977-10-18,14.625,14.625,14.625,14.625,000,1.047934
1977-10-17,14.75001,14.75001,14.625,14.625,4800,1.047934
1977-10-14,14.625,14.75001,14.49999,14.75001,2400,1.056892
1977-10-13,14.625,14.625,14.625,14.625,000,1.047934
1977-10-12,14.625,14.625,14.625,14.625,000,1.047934
1977-10-11,14.37501,14.625,14.25,14.625,1800,1.047934
1977-10-10,14.37501,14.37501,14.37501,14.37501,300,1.030022
1977-10-07,14.49999,14.49999,14.49999,14.49999,1200,1.038977
1977-10-06,14.49999,14.49999,14.49999,14.49999,600,1.038977
1977-10-05,14.49999,14.625,14.25,14.25,2100,1.021064
1977-10-04,14.49999,14.49999,14.49999,14.49999,2700,1.038977
1977-10-03,14.49999,14.49999,14.25,14.25,900,1.021064
1977-09-30,14.25,14.49999,14.25,14.49999,3300,1.038977
1977-09-29,14.25,14.25,14.25,14.25,300,1.021064
1977-09-28,14.37501,14.49999,14.37501,14.49999,2700,1.038977
1977-09-27,14.25,14.25,14.25,14.25,300,1.021064
1977-09-26,14.25,14.37501,14.12499,14.12499,3900,1.012107
1977-09-23,14.37501,14.37501,14.25,14.25,1200,1.021064
1977-09-22,14.25,14.49999,14.12499,14.49999,2100,1.038977
1977-09-21,14.25,14.25,14.12499,14.25,5700,1.021064
1977-09-20,14.25,14.25,14.25,14.25,300,1.021064
1977-09-19,14.625,14.625,14.625,14.625,1500,1.047934
1977-09-16,14.625,14.625,14.625,14.625,300,1.047934
1977-09-15,14.625,14.625,14.49999,14.49999,2700,1.038977
1977-09-14,14.625,14.625,14.49999,14.625,1800,1.047934
1977-09-13,14.625,14.625,14.625,14.625,000,1.047934
1977-09-12,14.625,14.625,14.625,14.625,300,1.047934
1977-09-09,14.625,14.625,14.625,14.625,300,1.047934
1977-09-08,14.625,14.625,14.49999,14.625,1800,1.047934
1977-09-07,14.625,14.625,14.625,14.625,600,1.047934
1977-09-06,14.49999,14.49999,14.49999,14.49999,1800,1.038977
1977-09-02,14.625,14.625,14.625,14.625,000,1.047934
1977-09-01,14.49999,14.625,14.49999,14.625,600,1.047934
1977-08-31,14.49999,14.49999,14.49999,14.49999,1200,1.038977
1977-08-30,14.49999,14.625,14.49999,14.625,1500,1.047934
1977-08-29,14.37501,14.37501,14.37501,14.37501,600,1.030022
1977-08-26,14.12499,14.12499,14.12499,14.12499,300,1.012107
1977-08-25,14.12499,14.12499,14.12499,14.12499,000,1.012107
1977-08-24,14.12499,14.49999,14.12499,14.12499,1500,1.012107
1977-08-23,14.12499,14.12499,14.12499,14.12499,000,1.012107
1977-08-22,14.12499,14.12499,14.12499,14.12499,2400,1.012107
1977-08-19,14.12499,14.12499,14.12499,14.12499,900,1.012107
1977-08-18,14.12499,14.12499,14.12499,14.12499,600,1.012107
1977-08-17,14.25,14.25,14.25,14.25,300,1.021064
1977-08-16,14.25,14.25,14.25,14.25,300,1.021064
1977-08-15,14.37501,14.37501,14.37501,14.37501,900,1.030022
1977-08-12,14.12499,14.25,14.12499,14.25,2700,1.021064
1977-08-11,14.12499,14.25,14.12499,14.12499,1800,1.012107
1977-08-10,14.12499,14.12499,14.12499,14.12499,1200,1.012107
1977-08-09,14.37501,14.49999,14.25,14.25,1800,1.021064
1977-08-08,14.37501,14.37501,14.37501,14.37501,300,1.030022
1977-08-05,14.12499,14.12499,14.12499,14.12499,000,1.012107
1977-08-04,14.12499,14.12499,14.12499,14.12499,300,1.012107
1977-08-03,14.12499,14.25,14.12499,14.12499,1200,1.012107
1977-08-02,14.12499,14.12499,14.12499,14.12499,1800,1.012107
1977-08-01,14.12499,14.25,14.12499,14.12499,600,1.012107
1977-07-29,14.12499,14.12499,14.00001,14.12499,2100,1.012107
1977-07-28,14.37501,14.37501,14.12499,14.12499,7200,1.012107
1977-07-27,14.37501,14.37501,14.37501,14.37501,1200,1.030022
1977-07-26,14.75001,15.00,14.49999,14.49999,4200,1.038977
1977-07-25,15.00,15.00,14.75001,14.75001,900,1.056892
1977-07-22,15.00,15.00,14.87499,15.00,3600,1.074804
1977-07-21,15.00,15.00,15.00,15.00,6600,1.074804
1977-07-20,14.87499,14.87499,14.87499,14.87499,1500,1.065847
1977-07-19,14.87499,14.87499,14.75001,14.87499,900,1.065847
1977-07-18,14.87499,14.87499,14.87499,14.87499,600,1.065847
1977-07-15,14.75001,14.75001,14.75001,14.75001,000,1.056892
1977-07-13,14.49999,14.75001,14.49999,14.75001,2400,1.056892
1977-07-12,14.37501,14.37501,14.37501,14.37501,300,1.030022
1977-07-11,14.49999,14.49999,14.49999,14.49999,000,1.038977
1977-07-08,14.49999,14.49999,14.49999,14.49999,600,1.038977
1977-07-07,14.37501,14.37501,14.37501,14.37501,300,1.030022
1977-07-06,14.25,14.37501,14.12499,14.12499,1200,1.012107
1977-07-05,14.25,14.25,14.25,14.25,300,1.021064
1977-07-01,14.37501,14.49999,14.25,14.49999,2100,1.038977
1977-06-30,14.25,14.37501,14.25,14.37501,1800,1.030022
1977-06-29,14.12499,14.12499,14.12499,14.12499,000,1.012107
1977-06-28,14.12499,14.12499,14.12499,14.12499,600,1.012107
1977-06-27,14.25,14.25,14.12499,14.12499,1200,1.012107
1977-06-24,14.37501,14.37501,14.25,14.25,900,1.021064
1977-06-23,14.25,14.49999,14.12499,14.49999,1500,1.038977
1977-06-22,14.25,14.25,14.25,14.25,600,1.021064
1977-06-21,14.12499,14.12499,14.12499,14.12499,900,1.012107
1977-06-20,14.25,14.25,14.12499,14.12499,2400,1.012107
1977-06-17,14.75001,14.87499,14.75001,14.75001,4200,1.056892
1977-06-16,14.75001,14.75001,14.75001,14.75001,300,1.056892
1977-06-15,14.75001,14.75001,14.75001,14.75001,600,1.056892
1977-06-14,14.49999,14.49999,14.49999,14.49999,2100,1.038977
1977-06-13,14.25,14.37501,14.25,14.37501,1500,1.030022
1977-06-10,14.00001,14.00001,14.00001,14.00001,000,1.003151
1977-06-09,14.12499,14.12499,14.00001,14.00001,3000,1.003151
1977-06-08,14.25,14.25,14.12499,14.12499,2400,1.012107
1977-06-07,14.25,14.37501,14.25,14.37501,1800,1.030022
1977-06-06,14.00001,14.00001,14.00001,14.00001,300,1.003151
1977-06-03,14.37501,14.49999,14.12499,14.12499,2400,1.012107
1977-06-02,14.00001,14.37501,14.00001,14.37501,2700,1.030022
1977-06-01,14.00001,14.00001,14.00001,14.00001,2100,1.003151
1977-05-31,13.74999,14.00001,13.74999,14.00001,1500,1.003151
1977-05-27,13.74999,13.74999,13.74999,13.74999,1500,0.985237
1977-05-26,14.00001,14.00001,13.74999,14.00001,2400,1.003151
1977-05-25,14.12499,14.12499,14.00001,14.00001,900,1.003151
1977-05-24,14.12499,14.37501,14.12499,14.37501,2100,1.030022
1977-05-23,14.00001,14.00001,14.00001,14.00001,900,1.003151
1977-05-20,13.875,13.875,13.875,13.875,000,0.994194
1977-05-19,14.00001,14.00001,13.875,13.875,1800,0.994194
1977-05-18,13.74999,14.12499,13.62501,14.12499,13500,1.012107
1977-05-17,14.00001,14.00001,13.74999,13.74999,4500,0.985237
1977-05-16,14.00001,14.00001,14.00001,14.00001,3300,1.003151
1977-05-13,14.12499,14.37501,14.12499,14.25,1500,1.021064
1977-05-12,14.00001,14.00001,13.875,13.875,1500,0.994194
1977-05-11,14.00001,14.00001,14.00001,14.00001,2400,1.003151
1977-05-10,13.875,14.00001,13.875,14.00001,5700,1.003151
1977-05-09,13.74999,13.875,13.74999,13.875,1500,0.994194
1977-05-06,13.50,13.50,13.50,13.50,000,0.967324
1977-05-05,13.50,13.50,13.50,13.50,1500,0.967324
1977-05-04,13.875,13.875,13.62501,13.62501,8700,0.976281
1977-05-03,13.875,13.875,13.875,13.875,3000,0.994194
1977-05-02,13.62501,13.62501,13.62501,13.62501,3000,0.976281
1977-04-29,14.00001,14.00001,13.74999,13.74999,1800,0.985237
1977-04-28,14.00001,14.12499,14.00001,14.00001,2100,1.003151
1977-04-27,13.74999,13.74999,13.74999,13.74999,000,0.985237
1977-04-26,13.74999,14.00001,13.74999,13.74999,6300,0.985237
1977-04-25,13.74999,13.74999,13.74999,13.74999,600,0.985237
1977-04-22,13.62501,13.875,13.62501,13.875,900,0.994194
1977-04-21,13.875,13.875,13.62501,13.62501,900,0.976281
1977-04-20,13.875,13.875,13.875,13.875,000,0.994194
1977-04-19,13.875,13.875,13.74999,13.875,3300,0.994194
1977-04-18,13.875,13.875,13.875,13.875,000,0.994194
1977-04-15,14.00001,14.00001,13.875,13.875,2100,0.994194
1977-04-14,14.00001,14.00001,13.74999,14.00001,2700,1.003151
1977-04-13,13.875,14.00001,13.875,14.00001,1200,1.003151
1977-04-12,13.50,13.875,13.50,13.875,1500,0.994194
1977-04-11,13.50,13.50,13.37499,13.50,2700,0.967324
1977-04-07,14.00001,14.00001,13.37499,13.74999,3300,0.985237
1977-04-06,14.00001,14.00001,14.00001,14.00001,000,1.003151
1977-04-05,14.00001,14.00001,14.00001,14.00001,3900,1.003151
1977-04-04,14.25,14.25,14.00001,14.00001,3900,1.003151
1977-04-01,14.37501,14.37501,14.37501,14.37501,600,1.030022
1977-03-31,14.12499,14.25,14.12499,14.12499,3000,1.012107
1977-03-30,14.12499,14.12499,14.12499,14.12499,900,1.012107
1977-03-29,14.37501,14.37501,14.12499,14.37501,3600,1.030022
1977-03-28,14.37501,14.49999,14.37501,14.49999,600,1.038977
1977-03-25,14.37501,14.37501,14.37501,14.37501,000,1.030022
1977-03-24,14.625,14.625,14.37501,14.37501,3300,1.030022
1977-03-23,14.75001,14.75001,14.75001,14.75001,2100,1.056892
1977-03-22,14.625,14.625,14.49999,14.625,2700,1.047934
1977-03-21,14.625,14.625,14.37501,14.625,3600,1.047934
1977-03-18,15.24999,15.375,15.24999,15.24999,1800,1.092717
1977-03-17,15.00,15.24999,15.00,15.24999,3000,1.092717
1977-03-16,15.00,15.00,15.00,15.00,300,1.074804
1977-03-15,15.00,15.24999,15.00,15.24999,2100,1.092717
1977-03-14,14.625,14.87499,14.49999,14.87499,3600,1.065847
1977-03-11,14.625,14.625,14.625,14.625,000,1.047934
1977-03-10,14.625,14.625,14.625,14.625,000,1.047934
1977-03-09,14.625,14.625,14.49999,14.625,2400,1.047934
1977-03-08,14.625,14.625,14.625,14.625,1800,1.047934
1977-03-07,14.625,14.87499,14.625,14.625,900,1.047934
1977-03-04,14.625,14.75001,14.49999,14.625,1500,1.047934
1977-03-03,14.625,14.625,14.625,14.625,1200,1.047934
1977-03-02,14.625,14.75001,14.625,14.75001,1200,1.056892
1977-03-01,14.37501,14.625,14.37501,14.625,1500,1.047934
1977-02-28,14.49999,14.49999,14.37501,14.37501,4200,1.030022
1977-02-25,14.75001,14.75001,14.49999,14.49999,900,1.038977
1977-02-24,14.625,14.75001,14.49999,14.75001,3300,1.056892
1977-02-23,14.625,14.625,14.625,14.625,5100,1.047934
1977-02-22,14.625,14.625,14.49999,14.625,3000,1.047934
1977-02-18,14.75001,14.75001,14.625,14.625,6300,1.047934
1977-02-17,14.87499,15.12501,14.87499,15.12501,3600,1.083762
1977-02-16,15.00,15.00,14.87499,14.87499,2400,1.065847
1977-02-15,14.625,15.00,14.625,15.00,4200,1.074804
1977-02-14,14.49999,14.625,14.25,14.625,7500,1.047934
1977-02-11,14.37501,14.49999,14.25,14.49999,1500,1.038977
1977-02-10,14.49999,14.625,14.37501,14.37501,1800,1.030022
1977-02-09,14.49999,14.49999,14.49999,14.49999,900,1.038977
1977-02-08,14.37501,14.49999,14.25,14.49999,3300,1.038977
1977-02-07,14.49999,14.49999,14.37501,14.37501,2700,1.030022
1977-02-04,14.12499,14.625,14.12499,14.625,7500,1.047934
1977-02-03,14.12499,14.25,14.12499,14.12499,1800,1.012107
1977-02-02,14.00001,14.12499,14.00001,14.12499,2100,1.012107
1977-02-01,14.00001,14.00001,14.00001,14.00001,1500,1.003151
1977-01-31,14.25,14.25,14.12499,14.25,4200,1.021064
1977-01-28,14.12499,14.25,14.12499,14.25,3600,1.021064
1977-01-27,14.00001,14.12499,14.00001,14.12499,1200,1.012107
1977-01-26,14.00001,14.00001,14.00001,14.00001,3300,1.003151
1977-01-25,14.00001,14.00001,14.00001,14.00001,1200,1.003151
1977-01-24,13.74999,13.875,13.74999,13.875,1500,0.994194
1977-01-21,13.62501,13.62501,13.62501,13.62501,300,0.976281
1977-01-20,13.74999,13.74999,13.74999,13.74999,2700,0.985237
1977-01-19,13.74999,13.74999,13.74999,13.74999,2100,0.985237
1977-01-18,13.62501,13.74999,13.50,13.74999,3600,0.985237
1977-01-17,13.875,14.00001,13.62501,13.62501,3300,0.976281
1977-01-14,14.00001,14.00001,13.875,13.875,1500,0.994194
1977-01-13,14.00001,14.25,14.00001,14.00001,3600,1.003151
1977-01-12,14.00001,14.00001,14.00001,14.00001,1200,1.003151
1977-01-11,14.12499,14.12499,14.00001,14.00001,2700,1.003151
1977-01-10,13.875,14.12499,13.875,14.12499,4500,1.012107
1977-01-07,13.62501,13.74999,13.62501,13.74999,4200,0.985237
1977-01-06,13.25001,13.50,13.25001,13.50,5400,0.967324
1977-01-05,13.25001,13.37499,13.25001,13.25001,2100,0.949411
1977-01-04,13.37499,13.50,13.125,13.125,6900,0.940454
1977-01-03,13.25001,13.62501,13.25001,13.37499,5700,0.958367
1976-12-31,12.99999,13.125,12.99999,13.125,1500,0.940454
1976-12-30,12.99999,12.99999,12.62499,12.87501,8100,0.922541
1976-12-29,12.75,12.99999,12.75,12.99999,5700,0.931496
1976-12-28,12.62499,12.75,12.62499,12.75,2400,0.913584
1976-12-27,12.75,12.75,12.62499,12.62499,4200,0.904626
1976-12-23,12.99999,12.99999,12.87501,12.87501,5400,0.922541
1976-12-22,12.99999,13.25001,12.99999,12.99999,6300,0.931496
1976-12-21,12.87501,12.99999,12.87501,12.87501,600,0.922541
1976-12-20,12.62499,12.75,12.62499,12.75,2700,0.913584
1976-12-17,12.75,12.75,12.62499,12.62499,5100,0.904626
1976-12-16,12.87501,12.99999,12.87501,12.87501,10500,0.922541
1976-12-15,13.125,13.125,12.87501,12.87501,14100,0.922541
1976-12-14,13.37499,13.37499,13.25001,13.37499,4500,0.958367
1976-12-13,13.25001,13.37499,13.125,13.37499,10800,0.958367
1976-12-10,13.37499,13.37499,13.25001,13.25001,3000,0.949411
1976-12-09,13.25001,13.37499,13.125,13.37499,6600,0.958367
1976-12-08,13.50,13.50,13.25001,13.25001,1800,0.949411
1976-12-07,13.50,13.62501,13.25001,13.62501,4500,0.976281
1976-12-06,13.50,13.74999,13.50,13.50,4800,0.967324
1976-12-03,13.25001,13.50,13.25001,13.50,2400,0.967324
1976-12-02,13.25001,13.25001,12.99999,12.99999,2700,0.931496
1976-12-01,13.25001,13.25001,13.25001,13.25001,600,0.949411
1976-11-30,13.125,13.25001,13.125,13.125,1800,0.940454
1976-11-29,12.99999,13.25001,12.87501,13.125,3000,0.940454
1976-11-26,12.87501,12.99999,12.87501,12.99999,3900,0.931496
1976-11-24,12.87501,12.87501,12.75,12.87501,600,0.922541
1976-11-23,12.87501,12.87501,12.75,12.87501,1500,0.922541
1976-11-22,12.87501,12.87501,12.87501,12.87501,1500,0.922541
1976-11-19,12.99999,12.99999,12.75,12.75,10200,0.913584
1976-11-18,12.99999,13.25001,12.99999,13.25001,3300,0.949411
1976-11-17,12.62499,12.99999,12.50001,12.99999,9900,0.931496
1976-11-16,12.99999,12.99999,12.50001,12.62499,21900,0.904626
1976-11-15,13.74999,13.875,13.25001,13.25001,10800,0.949411
1976-11-12,13.74999,13.875,13.74999,13.74999,1200,0.985237
1976-11-11,13.74999,13.74999,13.62501,13.74999,600,0.985237
1976-11-10,13.875,13.875,13.74999,13.74999,2100,0.985237
1976-11-09,13.875,14.00001,13.875,14.00001,6900,1.003151
1976-11-08,13.875,13.875,13.74999,13.74999,2100,0.985237
1976-11-05,13.875,14.00001,13.875,13.875,1500,0.994194
1976-11-04,13.875,13.875,13.74999,13.74999,2400,0.985237
1976-11-03,13.875,13.875,13.74999,13.875,600,0.994194
1976-11-01,13.875,13.875,13.74999,13.875,3900,0.994194
1976-10-29,13.74999,14.00001,13.74999,13.875,4800,0.994194
1976-10-28,13.74999,13.74999,13.74999,13.74999,900,0.985237
1976-10-27,13.74999,13.74999,13.74999,13.74999,2700,0.985237
1976-10-26,13.875,13.875,13.875,13.875,1500,0.994194
1976-10-25,13.74999,13.74999,13.62501,13.62501,1500,0.976281
1976-10-22,13.875,13.875,13.875,13.875,6600,0.994194
1976-10-21,13.62501,13.74999,13.62501,13.74999,2100,0.985237
1976-10-20,13.50,13.62501,13.50,13.62501,1800,0.976281
1976-10-19,13.62501,13.62501,13.50,13.50,3300,0.967324
1976-10-18,13.50,13.62501,13.50,13.62501,2400,0.976281
1976-10-15,13.50,13.62501,13.50,13.50,1500,0.967324
1976-10-14,13.62501,13.74999,13.50,13.50,5700,0.967324
1976-10-13,13.50,13.62501,13.50,13.62501,1800,0.976281
1976-10-12,13.62501,13.62501,13.50,13.50,2100,0.967324
1976-10-11,13.62501,13.62501,13.62501,13.62501,1800,0.976281
1976-10-08,13.62501,13.62501,13.50,13.62501,4200,0.976281
1976-10-07,13.62501,13.62501,13.62501,13.62501,1500,0.976281
1976-10-06,13.62501,13.62501,13.62501,13.62501,900,0.976281
1976-10-05,13.50,13.62501,13.50,13.62501,2100,0.976281
1976-10-04,13.50,13.62501,13.50,13.50,5100,0.967324
1976-10-01,13.50,13.74999,13.50,13.50,3600,0.967324
1976-09-30,13.50,13.50,13.50,13.50,1200,0.967324
1976-09-29,13.37499,13.50,13.37499,13.50,1800,0.967324
1976-09-28,13.50,13.50,13.37499,13.37499,3300,0.958367
1976-09-27,13.62501,13.62501,13.50,13.50,4500,0.967324
1976-09-24,13.62501,13.62501,13.50,13.62501,4200,0.976281
1976-09-23,13.74999,13.74999,13.62501,13.62501,4800,0.976281
1976-09-22,13.62501,13.74999,13.62501,13.74999,2700,0.985237
1976-09-21,13.50,13.74999,13.125,13.37499,13500,0.958367
1976-09-20,14.25,14.25,13.50,13.50,19800,0.967324
1976-09-17,13.50,14.37501,13.50,14.37501,4200,1.030022
1976-09-16,13.50,13.62501,13.37499,13.50,6600,0.967324
1976-09-15,13.37499,13.62501,13.25001,13.50,5400,0.967324
1976-09-14,13.25001,13.37499,13.25001,13.37499,8700,0.958367
1976-09-13,13.125,13.25001,12.99999,13.25001,6900,0.949411
1976-09-10,12.99999,13.25001,12.99999,13.125,11400,0.940454
1976-09-09,12.87501,13.125,12.87501,12.99999,10800,0.931496
1976-09-08,12.75,12.87501,12.62499,12.87501,10500,0.922541
1976-09-07,12.62499,12.75,12.62499,12.75,9600,0.913584
1976-09-03,12.62499,12.62499,12.62499,12.62499,3000,0.904626
1976-09-02,12.62499,12.62499,12.62499,12.62499,1800,0.904626
1976-09-01,12.50001,12.50001,12.24999,12.375,5700,0.886714
1976-08-31,12.375,12.50001,12.375,12.50001,5100,0.895671
1976-08-30,12.375,12.375,12.375,12.375,300,0.886714
1976-08-27,12.50001,12.50001,12.24999,12.24999,4200,0.877756
1976-08-26,12.50001,12.50001,12.50001,12.50001,300,0.895671
1976-08-25,12.375,12.375,12.24999,12.24999,3900,0.877756
1976-08-24,12.50001,12.50001,12.375,12.50001,2400,0.895671
1976-08-23,12.62499,12.62499,12.62499,12.62499,600,0.904626
1976-08-20,12.50001,12.50001,12.50001,12.50001,600,0.895671
1976-08-19,12.62499,12.62499,12.375,12.375,2700,0.886714
1976-08-18,12.62499,12.75,12.62499,12.62499,900,0.904626
1976-08-17,12.62499,12.62499,12.62499,12.62499,000,0.904626
1976-08-16,12.62499,12.62499,12.50001,12.62499,3900,0.904626
1976-08-13,12.62499,12.62499,12.62499,12.62499,600,0.904626
1976-08-12,12.75,12.75,12.75,12.75,000,0.913584
1976-08-11,12.75,12.75,12.75,12.75,000,0.913584
1976-08-10,12.75,12.75,12.75,12.75,900,0.913584
1976-08-09,12.62499,12.75,12.50001,12.75,1800,0.913584
1976-08-06,12.62499,12.62499,12.62499,12.62499,900,0.904626
1976-08-05,12.62499,12.62499,12.62499,12.62499,2400,0.904626
1976-08-04,12.50001,12.62499,12.50001,12.62499,3900,0.904626
1976-08-03,12.50001,12.50001,12.50001,12.50001,600,0.895671
1976-08-02,12.375,12.375,12.375,12.375,600,0.886714
1976-07-30,12.375,12.50001,12.375,12.50001,4800,0.895671
1976-07-29,12.375,12.375,12.375,12.375,000,0.886714
1976-07-28,12.375,12.375,12.375,12.375,600,0.886714
1976-07-27,12.50001,12.50001,12.375,12.50001,2100,0.895671
1976-07-26,12.50001,12.50001,12.50001,12.50001,2100,0.895671
1976-07-23,12.62499,12.62499,12.62499,12.62499,900,0.904626
1976-07-22,12.50001,12.50001,12.50001,12.50001,2100,0.895671
1976-07-21,12.50001,12.62499,12.50001,12.50001,2100,0.895671
1976-07-20,12.62499,12.62499,12.50001,12.50001,3300,0.895671
1976-07-19,12.62499,12.75,12.62499,12.62499,6900,0.904626
1976-07-16,12.62499,12.62499,12.62499,12.62499,2700,0.904626
1976-07-15,12.62499,12.62499,12.62499,12.62499,000,0.904626
1976-07-14,12.62499,12.75,12.62499,12.62499,3300,0.904626
1976-07-13,12.62499,12.62499,12.62499,12.62499,1500,0.904626
1976-07-12,12.62499,12.75,12.62499,12.62499,5700,0.904626
1976-07-09,12.62499,12.75,12.62499,12.62499,1200,0.904626
1976-07-08,12.75,12.75,12.62499,12.62499,1500,0.904626
1976-07-07,12.62499,12.75,12.62499,12.75,3900,0.913584
1976-07-06,12.62499,12.62499,12.62499,12.62499,000,0.904626
1976-07-02,12.50001,12.62499,12.50001,12.62499,2100,0.904626
1976-07-01,12.50001,12.50001,12.50001,12.50001,4500,0.895671
1976-06-30,12.24999,12.375,12.24999,12.375,1500,0.886714
1976-06-29,12.375,12.375,12.24999,12.24999,5700,0.877756
1976-06-28,12.375,12.375,12.375,12.375,300,0.886714
1976-06-25,12.24999,12.24999,12.24999,12.24999,300,0.877756
1976-06-24,12.24999,12.24999,12.24999,12.24999,900,0.877756
1976-06-23,12.24999,12.375,12.12501,12.24999,9300,0.877756
1976-06-22,12.12501,12.24999,12.12501,12.24999,1200,0.877756
1976-06-21,12.24999,12.24999,12.00,12.00,3000,0.859844
1976-06-18,12.50001,12.50001,12.375,12.50001,6000,0.895671
1976-06-17,12.375,12.50001,12.375,12.50001,2700,0.895671
1976-06-16,12.375,12.50001,12.375,12.375,3900,0.886714
1976-06-15,12.50001,12.50001,12.24999,12.24999,3300,0.877756
1976-06-14,12.50001,12.50001,12.50001,12.50001,6600,0.895671
1976-06-11,12.375,12.375,12.375,12.375,000,0.886714
1976-06-10,12.375,12.375,12.375,12.375,6000,0.886714
1976-06-09,12.24999,12.375,12.24999,12.375,2100,0.886714
1976-06-08,12.24999,12.375,12.24999,12.24999,1800,0.877756
1976-06-07,12.24999,12.375,12.24999,12.24999,2700,0.877756
1976-06-04,12.12501,12.24999,12.12501,12.24999,1500,0.877756
1976-06-03,12.12501,12.12501,12.12501,12.12501,3000,0.868801
1976-06-02,12.375,12.375,12.24999,12.375,2700,0.886714
1976-06-01,12.62499,12.62499,12.62499,12.62499,900,0.904626
1976-05-28,12.50001,12.50001,12.50001,12.50001,300,0.895671
1976-05-27,12.50001,12.50001,12.50001,12.50001,3300,0.895671
1976-05-26,12.62499,12.62499,12.62499,12.62499,600,0.904626
1976-05-25,12.75,12.75,12.75,12.75,000,0.913584
1976-05-24,12.62499,12.75,12.62499,12.75,1500,0.913584
1976-05-21,12.62499,12.62499,12.62499,12.62499,900,0.904626
1976-05-20,12.62499,12.62499,12.62499,12.62499,000,0.904626
1976-05-19,12.62499,12.75,12.62499,12.62499,2400,0.904626
1976-05-18,12.62499,12.62499,12.62499,12.62499,2700,0.904626
1976-05-17,12.75,12.75,12.75,12.75,000,0.913584
1976-05-14,12.87501,12.87501,12.75,12.75,1500,0.913584
1976-05-13,12.87501,12.87501,12.75,12.87501,3000,0.922541
1976-05-12,12.87501,12.87501,12.87501,12.87501,600,0.922541
1976-05-11,12.62499,12.62499,12.62499,12.62499,300,0.904626
1976-05-10,12.75,12.87501,12.75,12.75,1800,0.913584
1976-05-07,12.87501,12.87501,12.75,12.75,1200,0.913584
1976-05-06,12.99999,12.99999,12.99999,12.99999,000,0.931496
1976-05-05,13.125,13.125,12.99999,12.99999,1500,0.931496
1976-05-04,12.99999,13.125,12.99999,13.125,3000,0.940454
1976-05-03,12.87501,12.87501,12.87501,12.87501,600,0.922541
1976-04-30,12.87501,12.87501,12.87501,12.87501,3600,0.922541
1976-04-29,12.62499,12.62499,12.62499,12.62499,000,0.904626
1976-04-28,12.62499,12.62499,12.62499,12.62499,000,0.904626
1976-04-27,12.62499,12.62499,12.62499,12.62499,600,0.904626
1976-04-26,12.75,12.75,12.75,12.75,4800,0.913584
1976-04-23,12.75,12.75,12.75,12.75,000,0.913584
1976-04-22,12.75,12.75,12.75,12.75,1200,0.913584
1976-04-21,12.75,12.75,12.62499,12.62499,1200,0.904626
1976-04-20,12.75,12.75,12.75,12.75,3000,0.913584
1976-04-19,12.75,12.87501,12.75,12.87501,1200,0.922541
1976-04-15,12.50001,12.50001,12.50001,12.50001,000,0.895671
1976-04-14,12.50001,12.75,12.50001,12.50001,6300,0.895671
1976-04-13,12.50001,12.50001,12.50001,12.50001,000,0.895671
1976-04-12,12.50001,12.50001,12.50001,12.50001,3600,0.895671
1976-04-09,12.50001,12.75,12.50001,12.50001,5100,0.895671
1976-04-08,12.50001,12.50001,12.50001,12.50001,300,0.895671
1976-04-07,12.50001,12.50001,12.50001,12.50001,000,0.895671
1976-04-06,12.50001,12.50001,12.50001,12.50001,300,0.895671
1976-04-05,12.50001,12.75,12.50001,12.75,900,0.913584
1976-04-02,12.75,12.75,12.50001,12.50001,3000,0.895671
1976-04-01,12.75,12.75,12.75,12.75,2400,0.913584
1976-03-31,12.75,12.75,12.75,12.75,000,0.913584
1976-03-30,12.75,12.75,12.75,12.75,000,0.913584
1976-03-29,12.75,12.75,12.75,12.75,000,0.913584
1976-03-26,12.87501,12.87501,12.75,12.75,600,0.913584
1976-03-25,12.87501,12.87501,12.87501,12.87501,1500,0.922541
1976-03-24,12.87501,12.87501,12.75,12.75,3300,0.913584
1976-03-23,12.87501,12.87501,12.87501,12.87501,000,0.922541
1976-03-22,12.87501,12.99999,12.87501,12.87501,1200,0.922541
1976-03-19,12.75,12.75,12.50001,12.75,600,0.913584
1976-03-18,12.87501,12.99999,12.87501,12.99999,4500,0.931496
1976-03-17,12.87501,12.87501,12.87501,12.87501,900,0.922541
1976-03-16,12.87501,12.87501,12.87501,12.87501,000,0.922541
1976-03-15,12.87501,12.87501,12.87501,12.87501,3900,0.922541
1976-03-12,12.87501,12.87501,12.75,12.87501,1200,0.922541
1976-03-11,12.87501,12.87501,12.87501,12.87501,600,0.922541
1976-03-10,12.99999,12.99999,12.99999,12.99999,900,0.931496
1976-03-09,12.99999,12.99999,12.99999,12.99999,3300,0.931496
1976-03-08,12.99999,13.125,12.99999,12.99999,5100,0.931496
1976-03-05,12.75,12.75,12.75,12.75,6600,0.913584
1976-03-04,12.75,12.75,12.75,12.75,300,0.913584
1976-03-03,12.75,12.75,12.75,12.75,1200,0.913584
1976-03-02,12.87501,12.87501,12.87501,12.87501,000,0.922541
1976-03-01,12.87501,12.87501,12.87501,12.87501,1200,0.922541
1976-02-27,12.87501,12.87501,12.87501,12.87501,000,0.922541
1976-02-26,12.99999,12.99999,12.87501,12.87501,900,0.922541
1976-02-25,12.99999,12.99999,12.99999,12.99999,000,0.931496
1976-02-24,12.99999,12.99999,12.99999,12.99999,000,0.931496
1976-02-23,12.99999,12.99999,12.99999,12.99999,600,0.931496
1976-02-20,12.99999,12.99999,12.99999,12.99999,1800,0.931496
1976-02-19,12.75,12.75,12.75,12.75,600,0.913584
1976-02-18,12.62499,12.87501,12.62499,12.87501,3600,0.922541
1976-02-17,12.62499,12.62499,12.62499,12.62499,600,0.904626
1976-02-13,12.50001,12.62499,12.50001,12.62499,600,0.904626
1976-02-12,12.375,12.375,12.375,12.375,000,0.886714
1976-02-11,12.50001,12.50001,12.375,12.375,3300,0.886714
1976-02-10,12.62499,12.62499,12.62499,12.62499,600,0.904626
1976-02-09,12.62499,12.62499,12.62499,12.62499,000,0.904626
1976-02-06,12.62499,12.62499,12.62499,12.62499,900,0.904626
1976-02-05,12.75,12.75,12.75,12.75,300,0.913584
1976-02-04,12.75,12.75,12.62499,12.62499,2400,0.904626
1976-02-03,12.75,12.99999,12.75,12.75,2100,0.913584
1976-02-02,12.50001,12.75,12.50001,12.50001,3300,0.895671
1976-01-30,12.50001,12.50001,12.50001,12.50001,300,0.895671
1976-01-29,12.50001,12.75,12.24999,12.24999,8700,0.877756
1976-01-28,12.50001,12.50001,12.50001,12.50001,000,0.895671
1976-01-27,12.50001,12.50001,12.50001,12.50001,1200,0.895671
1976-01-26,12.24999,12.375,12.24999,12.375,2400,0.886714
1976-01-23,11.75001,12.24999,11.75001,12.00,8700,0.859844
1976-01-22,12.00,12.00,11.75001,11.75001,900,0.841931
1976-01-21,12.00,12.00,12.00,12.00,3000,0.859844
1976-01-20,11.87499,11.87499,11.87499,11.87499,1200,0.850886
1976-01-19,11.87499,11.87499,11.87499,11.87499,000,0.850886
1976-01-16,11.87499,11.87499,11.87499,11.87499,600,0.850886
1976-01-15,11.625,11.75001,11.37501,11.75001,3600,0.841931
1976-01-14,11.625,11.625,11.625,11.625,000,0.832973
1976-01-13,11.625,11.625,11.625,11.625,000,0.832973
1976-01-12,11.625,11.625,11.625,11.625,2100,0.832973
1976-01-09,11.37501,11.37501,11.25,11.37501,600,0.815061
1976-01-08,11.25,11.37501,11.25,11.37501,1500,0.815061
1976-01-07,11.12499,11.12499,11.12499,11.12499,600,0.797146
1976-01-06,11.00001,11.00001,11.00001,11.00001,000,0.788191
1976-01-05,11.00001,11.00001,11.00001,11.00001,300,0.788191
1976-01-02,11.00001,11.00001,11.00001,11.00001,000,0.788191
1975-12-31,11.00001,11.00001,11.00001,11.00001,1200,0.788191
1975-12-30,11.00001,11.00001,11.00001,11.00001,600,0.788191
1975-12-29,11.00001,11.00001,11.00001,11.00001,2100,0.788191
1975-12-26,10.875,10.875,10.875,10.875,300,0.779233
1975-12-24,11.12499,11.12499,11.12499,11.12499,000,0.797146
1975-12-23,11.12499,11.12499,11.12499,11.12499,300,0.797146
1975-12-22,11.00001,11.00001,11.00001,11.00001,000,0.788191
1975-12-19,10.875,11.00001,10.74999,11.00001,1200,0.788191
1975-12-18,10.875,10.875,10.875,10.875,300,0.779233
1975-12-17,10.875,10.875,10.875,10.875,000,0.779233
1975-12-16,10.875,10.875,10.875,10.875,1500,0.779233
1975-12-15,10.875,10.875,10.875,10.875,300,0.779233
1975-12-12,10.74999,10.74999,10.74999,10.74999,000,0.770276
1975-12-11,10.74999,10.74999,10.74999,10.74999,000,0.770276
1975-12-10,10.74999,10.74999,10.74999,10.74999,300,0.770276
1975-12-09,10.62501,10.62501,10.62501,10.62501,000,0.761321
1975-12-08,10.62501,10.62501,10.62501,10.62501,600,0.761321
1975-12-05,10.74999,10.74999,10.74999,10.74999,000,0.770276
1975-12-04,10.74999,10.74999,10.74999,10.74999,000,0.770276
1975-12-03,10.74999,10.74999,10.74999,10.74999,000,0.770276
1975-12-02,10.74999,10.74999,10.74999,10.74999,900,0.770276
1975-12-01,11.00001,11.00001,11.00001,11.00001,600,0.788191
1975-11-28,10.74999,10.74999,10.74999,10.74999,000,0.770276
1975-11-26,11.00001,11.00001,10.74999,10.74999,3300,0.770276
1975-11-25,11.12499,11.12499,11.12499,11.12499,000,0.797146
1975-11-24,11.12499,11.12499,11.12499,11.12499,000,0.797146
1975-11-21,11.12499,11.12499,11.12499,11.12499,000,0.797146
1975-11-20,11.00001,11.12499,11.00001,11.12499,900,0.797146
1975-11-19,10.74999,10.74999,10.74999,10.74999,600,0.770276
1975-11-18,10.74999,10.74999,10.74999,10.74999,1800,0.770276
1975-11-17,10.62501,10.62501,10.62501,10.62501,1500,0.761321
1975-11-14,10.37499,10.37499,10.37499,10.37499,300,0.743406
1975-11-13,10.25001,10.25001,10.25001,10.25001,600,0.73445
1975-11-12,10.125,10.25001,10.125,10.25001,900,0.73445
1975-11-11,9.99999,9.99999,9.99999,9.99999,000,0.716536
1975-11-10,9.99999,9.99999,9.99999,9.99999,1500,0.716536
1975-11-07,9.99999,9.99999,9.99999,9.99999,000,0.716536
1975-11-06,9.99999,9.99999,9.99999,9.99999,300,0.716536
1975-11-05,9.99999,9.99999,9.99999,9.99999,1200,0.716536
1975-11-04,10.125,10.125,10.125,10.125,000,0.725493
1975-11-03,10.125,10.125,10.125,10.125,300,0.725493
1975-10-31,10.125,10.25001,10.125,10.25001,4500,0.73445
1975-10-30,9.99999,9.99999,9.99999,9.99999,000,0.716536
1975-10-29,9.99999,9.99999,9.99999,9.99999,1500,0.716536
1975-10-28,10.25001,10.25001,10.25001,10.25001,000,0.73445
1975-10-27,10.25001,10.25001,10.25001,10.25001,000,0.73445
1975-10-24,10.25001,10.25001,10.25001,10.25001,000,0.73445
1975-10-23,10.25001,10.25001,10.25001,10.25001,000,0.73445
1975-10-22,10.25001,10.25001,10.25001,10.25001,000,0.73445
1975-10-21,10.25001,10.25001,10.25001,10.25001,000,0.73445
1975-10-20,10.25001,10.25001,10.25001,10.25001,300,0.73445
1975-10-17,10.25001,10.25001,10.25001,10.25001,000,0.73445
1975-10-16,10.25001,10.25001,10.25001,10.25001,300,0.73445
1975-10-15,10.25001,10.25001,10.25001,10.25001,300,0.73445
1975-10-14,10.50,10.50,10.50,10.50,000,0.752363
1975-10-13,10.37499,10.50,10.37499,10.50,900,0.752363
1975-10-10,10.25001,10.25001,10.25001,10.25001,000,0.73445
1975-10-09,10.25001,10.25001,10.25001,10.25001,000,0.73445
1975-10-08,10.25001,10.25001,10.25001,10.25001,300,0.73445
1975-10-07,10.25001,10.25001,10.25001,10.25001,000,0.73445
1975-10-06,10.25001,10.25001,10.25001,10.25001,000,0.73445
1975-10-03,10.25001,10.25001,10.25001,10.25001,000,0.73445
1975-10-02,10.25001,10.25001,10.25001,10.25001,000,0.73445
1975-10-01,10.25001,10.25001,10.25001,10.25001,000,0.73445
1975-09-30,10.25001,10.25001,10.25001,10.25001,000,0.73445
1975-09-29,10.25001,10.25001,10.25001,10.25001,000,0.73445
1975-09-26,10.25001,10.25001,10.25001,10.25001,300,0.73445
1975-09-25,9.99999,9.99999,9.99999,9.99999,000,0.716536
1975-09-24,9.99999,9.99999,9.62499,9.99999,4500,0.716536
1975-09-23,10.37499,10.37499,10.125,10.125,1500,0.725493
1975-09-22,10.50,10.50,10.50,10.50,600,0.752363
1975-09-19,10.74999,10.74999,10.74999,10.74999,000,0.770276
1975-09-18,10.74999,10.74999,10.74999,10.74999,300,0.770276
1975-09-17,10.74999,10.74999,10.74999,10.74999,600,0.770276
1975-09-16,10.74999,10.74999,10.74999,10.74999,000,0.770276
1975-09-15,10.74999,10.74999,10.74999,10.74999,000,0.770276
1975-09-12,10.74999,10.74999,10.74999,10.74999,000,0.770276
1975-09-11,10.74999,10.74999,10.74999,10.74999,000,0.770276
1975-09-10,10.74999,10.74999,10.74999,10.74999,000,0.770276
1975-09-09,10.74999,10.74999,10.74999,10.74999,300,0.770276
1975-09-08,10.74999,10.74999,10.74999,10.74999,000,0.770276
1975-09-05,10.74999,10.74999,10.74999,10.74999,000,0.770276
1975-09-04,10.74999,10.74999,10.74999,10.74999,300,0.770276
1975-09-03,10.50,10.62501,10.50,10.62501,1500,0.761321
1975-09-02,10.37499,10.37499,10.37499,10.37499,300,0.743406
1975-08-29,10.62501,10.62501,10.62501,10.62501,300,0.761321
1975-08-28,10.62501,10.62501,10.62501,10.62501,000,0.761321
1975-08-27,10.62501,10.62501,10.62501,10.62501,000,0.761321
1975-08-26,10.62501,10.62501,10.62501,10.62501,600,0.761321
1975-08-25,10.62501,10.74999,10.37499,10.37499,1500,0.743406
1975-08-22,10.74999,10.875,10.62501,10.62501,1500,0.761321
1975-08-21,10.62501,10.74999,10.62501,10.74999,900,0.770276
1975-08-20,10.875,10.875,10.37499,10.37499,2400,0.743406
1975-08-19,10.875,10.875,10.875,10.875,000,0.779233
1975-08-18,10.875,10.875,10.875,10.875,000,0.779233
1975-08-15,10.875,10.875,10.875,10.875,600,0.779233
1975-08-14,10.875,10.875,10.74999,10.74999,1800,0.770276
1975-08-13,11.00001,11.00001,11.00001,11.00001,600,0.788191
1975-08-12,10.875,10.875,10.875,10.875,300,0.779233
1975-08-11,10.74999,10.74999,10.74999,10.74999,000,0.770276
1975-08-08,10.74999,10.74999,10.74999,10.74999,10800,0.770276
1975-08-07,11.12499,11.12499,11.12499,11.12499,000,0.797146
1975-08-06,11.12499,11.12499,11.12499,11.12499,000,0.797146
1975-08-05,11.12499,11.12499,11.12499,11.12499,000,0.797146
1975-08-04,11.12499,11.12499,11.12499,11.12499,000,0.797146
1975-08-01,11.12499,11.12499,11.12499,11.12499,000,0.797146
1975-07-31,11.12499,11.12499,11.12499,11.12499,1200,0.797146
1975-07-30,11.37501,11.37501,11.37501,11.37501,600,0.815061
1975-07-29,11.25,11.25,11.25,11.25,000,0.806103
1975-07-28,11.25,11.25,11.25,11.25,000,0.806103
1975-07-25,11.25,11.625,11.25,11.25,6300,0.806103
1975-07-24,11.25,11.25,11.25,11.25,000,0.806103
1975-07-23,11.25,11.25,11.25,11.25,000,0.806103
1975-07-22,11.25,11.25,11.25,11.25,000,0.806103
1975-07-21,11.25,11.25,11.00001,11.25,900,0.806103
1975-07-18,11.625,11.625,11.625,11.625,000,0.832973
1975-07-17,11.625,11.625,11.625,11.625,000,0.832973
1975-07-16,11.625,11.625,11.625,11.625,900,0.832973
1975-07-15,11.625,11.625,11.625,11.625,600,0.832973
1975-07-14,11.37501,11.37501,11.37501,11.37501,000,0.815061
1975-07-11,11.37501,11.37501,11.37501,11.37501,000,0.815061
1975-07-10,11.37501,11.37501,11.37501,11.37501,000,0.815061
1975-07-09,11.49999,11.49999,11.37501,11.37501,900,0.815061
1975-07-08,11.625,11.625,11.625,11.625,000,0.832973
1975-07-07,11.49999,11.625,11.49999,11.625,900,0.832973
1975-07-03,11.37501,11.37501,11.37501,11.37501,000,0.815061
1975-07-02,11.49999,11.49999,11.37501,11.37501,600,0.815061
1975-07-01,11.49999,11.49999,11.49999,11.49999,300,0.824016
1975-06-30,11.25,11.25,11.25,11.25,000,0.806103
1975-06-27,11.25,11.25,11.25,11.25,000,0.806103
1975-06-26,11.25,11.25,11.25,11.25,300,0.806103
1975-06-25,11.37501,11.37501,11.37501,11.37501,000,0.815061
1975-06-24,11.49999,11.49999,11.37501,11.37501,1200,0.815061
1975-06-23,11.49999,11.49999,11.49999,11.49999,000,0.824016
1975-06-20,11.49999,11.49999,11.49999,11.49999,000,0.824016
1975-06-19,11.49999,11.49999,11.49999,11.49999,000,0.824016
1975-06-18,11.49999,11.49999,11.49999,11.49999,900,0.824016
1975-06-17,11.87499,11.87499,11.75001,11.75001,600,0.841931
1975-06-16,11.87499,11.87499,11.87499,11.87499,000,0.850886
1975-06-13,11.87499,11.87499,11.87499,11.87499,000,0.850886
1975-06-12,11.87499,11.87499,11.87499,11.87499,000,0.850886
1975-06-11,11.625,11.87499,11.625,11.87499,600,0.850886
1975-06-10,11.625,11.625,11.625,11.625,2400,0.832973
1975-06-09,11.87499,12.00,11.87499,11.87499,1200,0.850886
1975-06-06,12.00,12.375,11.625,11.625,300,0.832973
1975-06-05,12.00,12.50001,12.00,12.00,300,0.859844
1975-06-04,11.87499,12.375,11.87499,11.87499,4200,0.850886
1975-06-03,11.49999,12.12501,11.49999,11.49999,300,0.824016
1975-06-02,11.49999,12.12501,11.49999,11.49999,300,0.824016
1975-05-30,11.49999,12.12501,11.49999,11.49999,300,0.824016
1975-05-29,11.49999,12.00,11.49999,11.49999,300,0.824016
1975-05-28,11.49999,12.00,11.49999,11.49999,300,0.824016
1975-05-27,11.37501,11.87499,11.37501,11.37501,2100,0.815061
1975-05-23,10.74999,11.37501,10.74999,10.74999,300,0.770276
1975-05-22,10.50,11.12499,10.50,10.50,300,0.752363
1975-05-21,10.74999,11.12499,10.50,10.50,1500,0.752363
1975-05-20,10.74999,11.37501,10.74999,10.74999,2700,0.770276
1975-05-19,10.74999,11.37501,10.74999,10.74999,300,0.770276
1975-05-16,10.74999,11.37501,10.74999,10.74999,300,0.770276
1975-05-15,10.50,11.25,10.50,10.50,600,0.752363
1975-05-14,10.25001,11.00001,10.25001,10.25001,300,0.73445
1975-05-13,10.25001,11.00001,10.25001,10.25001,1500,0.73445
1975-05-12,10.25001,11.00001,10.25001,10.25001,600,0.73445
1975-05-09,10.25001,10.74999,10.25001,10.25001,300,0.73445
1975-05-08,10.25001,10.74999,10.25001,10.25001,600,0.73445
1975-05-07,10.25001,10.875,10.25001,10.25001,300,0.73445
1975-05-06,10.25001,10.875,10.25001,10.25001,300,0.73445
1975-05-05,10.25001,10.875,10.25001,10.25001,600,0.73445
1975-05-02,10.25001,10.875,10.25001,10.25001,300,0.73445
1975-05-01,10.25001,10.875,10.25001,10.25001,300,0.73445
1975-04-30,10.25001,10.875,10.25001,10.25001,300,0.73445
1975-04-29,10.25001,10.875,10.25001,10.25001,300,0.73445
1975-04-28,10.25001,10.875,10.25001,10.25001,900,0.73445
1975-04-25,10.125,10.875,10.125,10.125,300,0.725493
1975-04-24,10.125,10.875,10.125,10.125,300,0.725493
1975-04-23,10.25001,10.875,10.125,10.125,300,0.725493
1975-04-22,10.25001,10.875,10.25001,10.25001,3000,0.73445
1975-04-21,10.25001,11.00001,10.25001,10.25001,2700,0.73445
1975-04-18,10.25001,10.74999,9.99999,9.99999,600,0.716536
1975-04-17,10.25001,10.74999,10.25001,10.25001,3600,0.73445
1975-04-16,9.99999,10.50,9.99999,9.99999,300,0.716536
1975-04-15,9.99999,10.50,9.99999,9.99999,300,0.716536
1975-04-14,9.99999,10.50,9.99999,9.99999,2400,0.716536
1975-04-11,9.99999,10.50,9.99999,9.99999,300,0.716536
1975-04-10,9.99999,10.50,9.99999,9.99999,300,0.716536
1975-04-09,9.99999,10.50,9.99999,9.99999,900,0.716536
1975-04-08,9.75,10.25001,9.75,9.75,1500,0.698623
1975-04-07,9.75,10.125,9.62499,9.62499,300,0.689665
1975-04-04,9.87501,10.25001,9.75,9.75,600,0.698623
1975-04-03,9.87501,10.50,9.87501,9.87501,300,0.70758
1975-04-02,9.87501,10.50,9.87501,9.87501,300,0.70758
1975-04-01,9.87501,10.50,9.87501,9.87501,300,0.70758
1975-03-31,9.87501,10.50,9.87501,9.87501,900,0.70758
1975-03-27,9.87501,10.50,9.87501,9.87501,300,0.70758
1975-03-26,9.75,10.50,9.75,9.75,600,0.698623
1975-03-25,9.87501,10.50,9.75,9.75,300,0.698623
1975-03-24,9.87501,10.62501,9.87501,9.87501,300,0.70758
1975-03-21,9.87501,10.62501,9.87501,9.87501,300,0.70758
1975-03-20,9.75,10.50,9.75,9.75,300,0.698623
1975-03-19,9.75,10.50,9.75,9.75,300,0.698623
1975-03-18,9.75,10.50,9.75,9.75,300,0.698623
1975-03-17,9.75,10.50,9.75,9.75,1500,0.698623
1975-03-14,9.50001,10.50,9.50001,9.50001,300,0.68071
1975-03-13,9.50001,10.37499,9.50001,9.50001,300,0.68071
1975-03-12,9.50001,10.37499,9.50001,9.50001,300,0.68071
1975-03-11,9.50001,10.37499,9.50001,9.50001,300,0.68071
1975-03-10,9.375,10.37499,9.375,9.375,1800,0.671753
1975-03-07,9.375,10.37499,9.375,9.375,600,0.671753
1975-03-06,9.375,10.25001,9.375,9.375,300,0.671753
1975-03-05,9.375,10.25001,9.375,9.375,300,0.671753
1975-03-04,9.375,10.25001,9.375,9.375,300,0.671753
1975-03-03,9.375,10.25001,9.375,9.375,300,0.671753
1975-02-28,9.375,10.125,9.375,9.375,900,0.671753
1975-02-27,9.375,10.125,9.375,9.375,600,0.671753
1975-02-26,9.375,10.125,9.375,9.375,300,0.671753
1975-02-25,9.375,10.125,9.375,9.375,600,0.671753
1975-02-24,9.24999,9.99999,9.24999,9.24999,900,0.662795
1975-02-21,9.24999,9.99999,9.24999,9.24999,300,0.662795
1975-02-20,9.24999,9.99999,9.24999,9.24999,300,0.662795
1975-02-19,9.24999,9.99999,9.24999,9.24999,600,0.662795
1975-02-18,9.00,9.87501,9.00,9.00,300,0.644883
1975-02-14,9.00,9.87501,9.00,9.00,900,0.644883
1975-02-13,9.00,9.87501,9.00,9.00,900,0.644883
1975-02-12,8.87499,9.75,8.87499,8.87499,300,0.635925
1975-02-11,8.87499,9.75,8.87499,8.87499,300,0.635925
1975-02-10,8.87499,9.87501,8.87499,8.87499,300,0.635925
1975-02-07,8.87499,9.87501,8.87499,8.87499,300,0.635925
1975-02-06,8.87499,9.87501,8.87499,8.87499,900,0.635925
1975-02-05,8.87499,9.87501,8.87499,8.87499,3900,0.635925
1975-02-04,8.49999,9.00,8.49999,8.49999,300,0.609055
1975-02-03,8.49999,9.00,8.49999,8.49999,300,0.609055
1975-01-31,8.49999,9.00,8.49999,8.49999,300,0.609055
1975-01-30,8.49999,9.00,8.49999,8.49999,300,0.609055
1975-01-29,8.25,9.00,8.25,8.25,300,0.591142
1975-01-28,8.25,9.00,8.25,8.25,300,0.591142
1975-01-27,8.25,9.00,8.25,8.25,300,0.591142
1975-01-24,8.25,9.00,8.25,8.25,3900,0.591142
1975-01-23,7.875,8.37501,7.875,7.875,600,0.564272
1975-01-22,7.875,8.25,7.74999,7.74999,600,0.555315
1975-01-21,7.875,8.37501,7.875,7.875,600,0.564272
1975-01-20,7.875,8.37501,7.875,7.875,2100,0.564272
1975-01-17,7.50,8.00001,7.50,7.50,2100,0.537402
1975-01-16,7.37499,7.875,7.37499,7.37499,900,0.528445
1975-01-15,7.25001,7.74999,7.25001,7.25001,300,0.51949
1975-01-14,7.25001,7.74999,7.25001,7.25001,900,0.51949
1975-01-13,7.25001,7.74999,7.25001,7.25001,600,0.51949
1975-01-10,7.25001,7.74999,7.25001,7.25001,300,0.51949
1975-01-09,7.25001,7.74999,7.25001,7.25001,4200,0.51949
1975-01-08,7.25001,7.74999,7.25001,7.25001,300,0.51949
1975-01-07,7.25001,7.74999,7.25001,7.25001,900,0.51949
1975-01-06,7.25001,7.74999,7.25001,7.25001,1500,0.51949
1975-01-03,7.25001,7.74999,7.25001,7.25001,300,0.51949
1975-01-02,7.125,7.62501,7.125,7.125,600,0.510532
1974-12-31,6.99999,7.50,6.99999,6.99999,900,0.501575
1974-12-30,6.99999,7.50,6.99999,6.99999,300,0.501575
1974-12-27,6.99999,7.50,6.99999,6.99999,300,0.501575
1974-12-26,7.25001,7.50,6.99999,6.99999,300,0.501575
1974-12-24,7.25001,7.74999,7.25001,7.25001,300,0.51949
1974-12-23,7.125,7.62501,7.125,7.125,5100,0.510532
1974-12-20,6.99999,7.50,6.99999,6.99999,300,0.501575
1974-12-19,7.125,7.50,6.99999,6.99999,2400,0.501575
1974-12-18,7.125,7.62501,7.125,7.125,900,0.510532
1974-12-17,7.125,7.62501,7.125,7.125,300,0.510532
1974-12-16,7.125,7.62501,7.125,7.125,300,0.510532
1974-12-13,7.125,7.62501,7.125,7.125,300,0.510532
1974-12-12,7.125,7.62501,7.125,7.125,300,0.510532
1974-12-11,7.125,7.62501,7.125,7.125,300,0.510532
1974-12-10,7.125,7.62501,7.125,7.125,1500,0.510532
1974-12-09,6.99999,7.50,6.99999,6.99999,4200,0.501575
1974-12-06,6.87501,7.37499,6.87501,6.87501,600,0.492619
1974-12-05,6.87501,7.37499,6.87501,6.87501,300,0.492619
1974-12-04,6.87501,7.37499,6.87501,6.87501,300,0.492619
1974-12-03,6.87501,7.37499,6.87501,6.87501,300,0.492619
1974-12-02,6.87501,7.37499,6.87501,6.87501,300,0.492619
1974-11-29,6.87501,7.37499,6.87501,6.87501,300,0.492619
1974-11-27,6.99999,7.37499,6.87501,6.87501,300,0.492619
1974-11-26,6.99999,7.50,6.99999,6.99999,1800,0.501575
1974-11-25,6.99999,7.50,6.99999,6.99999,300,0.501575
1974-11-22,6.99999,7.50,6.99999,6.99999,300,0.501575
1974-11-21,6.99999,7.50,6.99999,6.99999,300,0.501575
1974-11-20,6.99999,7.50,6.99999,6.99999,600,0.501575
1974-11-19,6.99999,7.50,6.99999,6.99999,300,0.501575
1974-11-18,7.125,7.50,6.99999,6.99999,1800,0.501575
1974-11-15,7.125,7.62501,7.125,7.125,300,0.510532
1974-11-14,7.125,7.62501,7.125,7.125,900,0.510532
1974-11-13,7.25001,7.62501,7.125,7.125,300,0.510532
1974-11-12,7.25001,7.74999,7.25001,7.25001,300,0.51949
1974-11-11,7.25001,7.74999,7.25001,7.25001,300,0.51949
1974-11-08,7.25001,7.74999,7.25001,7.25001,300,0.51949
1974-11-07,7.25001,7.74999,7.25001,7.25001,6900,0.51949
1974-11-06,6.87501,7.37499,6.87501,6.87501,300,0.492619
1974-11-05,6.87501,7.25001,6.75,6.75,300,0.483662
1974-11-04,6.87501,7.37499,6.87501,6.87501,300,0.492619
1974-11-01,6.87501,7.37499,6.87501,6.87501,600,0.492619
1974-10-31,6.87501,7.37499,6.87501,6.87501,900,0.492619
1974-10-30,6.87501,7.37499,6.87501,6.87501,300,0.492619
1974-10-29,6.87501,7.37499,6.87501,6.87501,300,0.492619
1974-10-28,6.99999,7.37499,6.87501,6.87501,600,0.492619
1974-10-25,6.99999,7.50,6.99999,6.99999,300,0.501575
1974-10-24,6.99999,7.50,6.99999,6.99999,1500,0.501575
1974-10-23,6.99999,7.50,6.99999,6.99999,300,0.501575
1974-10-22,6.99999,7.50,6.99999,6.99999,300,0.501575
1974-10-21,6.99999,7.50,6.99999,6.99999,300,0.501575
1974-10-18,6.99999,7.50,6.99999,6.99999,600,0.501575
1974-10-17,6.99999,7.50,6.99999,6.99999,300,0.501575
1974-10-16,6.99999,7.50,6.99999,6.99999,300,0.501575
1974-10-15,6.99999,7.50,6.99999,6.99999,300,0.501575
1974-10-14,6.87501,7.37499,6.87501,6.87501,300,0.492619
1974-10-11,6.87501,7.37499,6.87501,6.87501,300,0.492619
1974-10-10,6.87501,7.37499,6.87501,6.87501,300,0.492619
1974-10-09,6.87501,7.37499,6.87501,6.87501,600,0.492619
1974-10-08,6.87501,7.37499,6.87501,6.87501,600,0.492619
1974-10-07,6.87501,7.37499,6.87501,6.87501,300,0.492619
1974-10-04,6.87501,7.37499,6.87501,6.87501,600,0.492619
1974-10-03,6.87501,7.37499,6.87501,6.87501,1500,0.492619
1974-10-02,6.87501,7.37499,6.87501,6.87501,300,0.492619
1974-10-01,6.87501,7.37499,6.87501,6.87501,1200,0.492619
1974-09-30,6.87501,7.37499,6.87501,6.87501,900,0.492619
1974-09-27,6.87501,7.37499,6.87501,6.87501,300,0.492619
1974-09-26,6.87501,7.25001,6.75,6.75,300,0.483662
1974-09-25,7.125,7.37499,6.87501,6.87501,1200,0.492619
1974-09-24,7.125,7.62501,7.125,7.125,1200,0.510532
1974-09-23,7.125,7.62501,7.125,7.125,3600,0.510532
1974-09-20,6.99999,7.50,6.99999,6.99999,2100,0.501575
1974-09-19,7.125,7.50,6.99999,6.99999,300,0.501575
1974-09-18,7.125,7.62501,7.125,7.125,6600,0.510532
1974-09-17,6.99999,7.50,6.99999,6.99999,300,0.501575
1974-09-16,6.87501,7.37499,6.87501,6.87501,900,0.492619
1974-09-13,6.87501,7.37499,6.87501,6.87501,300,0.492619
1974-09-12,6.87501,7.37499,6.87501,6.87501,300,0.492619
1974-09-11,6.87501,7.37499,6.87501,6.87501,300,0.492619
1974-09-10,6.87501,7.37499,6.87501,6.87501,600,0.492619
1974-09-09,6.99999,7.37499,6.87501,6.87501,6000,0.492619
1974-09-06,6.99999,7.50,6.99999,6.99999,300,0.501575
1974-09-05,6.99999,7.50,6.99999,6.99999,300,0.501575
1974-09-04,6.99999,7.50,6.99999,6.99999,300,0.501575
1974-09-03,6.99999,7.50,6.99999,6.99999,1200,0.501575
1974-08-30,6.99999,7.50,6.99999,6.99999,300,0.501575
1974-08-29,6.87501,7.37499,6.87501,6.87501,1200,0.492619
1974-08-28,6.99999,7.37499,6.87501,6.87501,1200,0.492619
1974-08-27,7.50,7.50,6.99999,6.99999,1200,0.501575
1974-08-26,7.62501,8.00001,7.50,7.50,300,0.537402
1974-08-23,7.62501,8.12499,7.62501,7.62501,300,0.54636
1974-08-22,7.62501,8.12499,7.62501,7.62501,300,0.54636
1974-08-21,8.00001,8.12499,7.62501,7.62501,5700,0.54636
1974-08-20,8.00001,8.49999,8.00001,8.00001,600,0.57323
1974-08-19,8.00001,8.49999,8.00001,8.00001,300,0.57323
1974-08-16,8.00001,8.49999,8.00001,8.00001,300,0.57323
1974-08-15,8.00001,8.37501,7.875,7.875,3600,0.564272
1974-08-14,8.12499,8.49999,8.00001,8.00001,300,0.57323
1974-08-13,8.12499,8.625,8.12499,8.12499,300,0.582185
1974-08-12,8.12499,8.625,8.12499,8.12499,300,0.582185
1974-08-09,8.12499,8.625,8.12499,8.12499,300,0.582185
1974-08-08,8.12499,8.625,8.12499,8.12499,300,0.582185
1974-08-07,8.37501,8.625,8.12499,8.12499,1200,0.582185
1974-08-06,8.37501,8.87499,8.37501,8.37501,4800,0.6001
1974-08-05,7.74999,8.25,7.74999,7.74999,300,0.555315
1974-08-02,7.74999,8.25,7.74999,7.74999,300,0.555315
1974-08-01,7.875,8.25,7.74999,7.74999,300,0.555315
1974-07-31,7.875,8.37501,7.875,7.875,300,0.564272
1974-07-30,8.00001,8.37501,7.875,7.875,1200,0.564272
1974-07-29,8.00001,8.49999,8.00001,8.00001,300,0.57323
1974-07-26,8.00001,8.49999,8.00001,8.00001,300,0.57323
1974-07-25,8.00001,8.49999,8.00001,8.00001,300,0.57323
1974-07-24,8.00001,8.49999,8.00001,8.00001,300,0.57323
1974-07-23,7.74999,8.25,7.74999,7.74999,300,0.555315
1974-07-22,7.74999,8.25,7.74999,7.74999,300,0.555315
1974-07-19,7.74999,8.25,7.74999,7.74999,900,0.555315
1974-07-18,7.62501,8.12499,7.62501,7.62501,300,0.54636
1974-07-17,7.74999,8.12499,7.62501,7.62501,900,0.54636
1974-07-16,7.74999,8.25,7.74999,7.74999,300,0.555315
1974-07-15,7.74999,8.25,7.74999,7.74999,300,0.555315
1974-07-12,7.62501,8.12499,7.62501,7.62501,300,0.54636
1974-07-11,7.62501,8.12499,7.62501,7.62501,1800,0.54636
1974-07-10,7.50,8.00001,7.50,7.50,300,0.537402
1974-07-09,7.50,8.00001,7.50,7.50,300,0.537402
1974-07-08,7.50,8.00001,7.50,7.50,600,0.537402
1974-07-05,7.50,8.00001,7.50,7.50,1500,0.537402
1974-07-03,7.50,8.00001,7.50,7.50,300,0.537402
1974-07-02,7.50,8.00001,7.50,7.50,300,0.537402
1974-07-01,7.50,8.00001,7.50,7.50,3300,0.537402
1974-06-28,7.50,8.00001,7.50,7.50,900,0.537402
1974-06-27,7.74999,8.00001,7.50,7.50,1500,0.537402
1974-06-26,7.74999,8.25,7.74999,7.74999,300,0.555315
1974-06-25,8.25,8.25,7.74999,7.74999,900,0.555315
1974-06-24,8.25,8.75001,8.25,8.25,300,0.591142
1974-06-21,8.25,8.75001,8.25,8.25,1500,0.591142
1974-06-20,8.12499,8.625,8.12499,8.12499,1200,0.582185
1974-06-19,8.49999,8.625,8.12499,8.12499,1800,0.582185
1974-06-18,8.49999,9.00,8.49999,8.49999,300,0.609055
1974-06-17,8.49999,9.00,8.49999,8.49999,300,0.609055
1974-06-14,8.49999,9.00,8.49999,8.49999,2400,0.609055
1974-06-13,8.49999,9.00,8.49999,8.49999,600,0.609055
1974-06-12,8.49999,9.00,8.49999,8.49999,1500,0.609055
1974-06-11,8.49999,9.00,8.49999,8.49999,900,0.609055
1974-06-10,8.49999,9.00,8.49999,8.49999,3300,0.609055
1974-06-07,8.49999,9.00,8.49999,8.49999,300,0.609055
1974-06-06,8.49999,8.87499,8.49999,8.49999,3900,0.609055
1974-06-05,8.49999,9.00,8.49999,8.49999,300,0.609055
1974-06-04,8.625,9.00,8.49999,8.49999,300,0.609055
1974-06-03,8.625,9.00,8.625,8.625,300,0.618013
1974-05-31,8.625,9.00,8.49999,8.49999,300,0.609055
1974-05-30,8.625,9.00,8.625,8.625,300,0.618013
1974-05-29,8.75001,9.00,8.625,8.625,600,0.618013
1974-05-28,8.75001,9.12501,8.75001,8.75001,1200,0.62697
1974-05-24,8.87499,9.12501,8.75001,8.75001,600,0.62697
1974-05-23,8.87499,9.24999,8.87499,8.87499,300,0.635925
1974-05-22,8.87499,9.12501,8.75001,8.75001,300,0.62697
1974-05-21,8.87499,9.24999,8.87499,8.87499,600,0.635925
1974-05-20,8.87499,9.24999,8.87499,8.87499,2700,0.635925
1974-05-17,8.87499,9.24999,8.87499,8.87499,300,0.635925
1974-05-16,8.87499,9.24999,8.87499,8.87499,3000,0.635925
1974-05-15,8.87499,9.24999,8.87499,8.87499,3300,0.635925
1974-05-14,8.87499,9.24999,8.87499,8.87499,1500,0.635925
1974-05-13,8.87499,9.24999,8.87499,8.87499,300,0.635925
1974-05-10,8.87499,9.24999,8.87499,8.87499,300,0.635925
1974-05-09,8.87499,9.24999,8.87499,8.87499,300,0.635925
1974-05-08,8.87499,9.24999,8.87499,8.87499,300,0.635925
1974-05-07,8.87499,9.24999,8.87499,8.87499,300,0.635925
1974-05-06,8.87499,9.24999,8.87499,8.87499,300,0.635925
1974-05-03,8.87499,9.24999,8.87499,8.87499,300,0.635925
1974-05-02,8.87499,9.24999,8.87499,8.87499,300,0.635925
1974-05-01,8.87499,9.24999,8.87499,8.87499,300,0.635925
1974-04-30,8.87499,9.24999,8.87499,8.87499,600,0.635925
1974-04-29,8.87499,9.24999,8.87499,8.87499,300,0.635925
1974-04-26,8.87499,9.24999,8.87499,8.87499,600,0.635925
1974-04-25,8.75001,9.12501,8.75001,8.75001,4800,0.62697
1974-04-24,8.75001,9.12501,8.75001,8.75001,4500,0.62697
1974-04-23,8.87499,9.12501,8.75001,8.75001,2100,0.62697
1974-04-22,8.87499,9.24999,8.87499,8.87499,300,0.635925
1974-04-19,8.87499,9.24999,8.87499,8.87499,300,0.635925
1974-04-18,8.87499,9.24999,8.87499,8.87499,300,0.635925
1974-04-17,8.87499,9.24999,8.87499,8.87499,600,0.635925
1974-04-16,9.12501,9.12501,8.75001,8.75001,3000,0.62697
1974-04-15,9.24999,9.62499,9.24999,9.24999,900,0.662795
1974-04-11,8.87499,9.24999,8.87499,8.87499,300,0.635925
1974-04-10,8.87499,9.24999,8.87499,8.87499,600,0.635925
1974-04-09,8.75001,9.12501,8.75001,8.75001,1800,0.62697
1974-04-08,8.49999,9.00,8.49999,8.49999,300,0.609055
1974-04-05,8.49999,9.00,8.49999,8.49999,300,0.609055
1974-04-04,8.49999,9.00,8.49999,8.49999,300,0.609055
1974-04-03,8.49999,9.00,8.49999,8.49999,900,0.609055
1974-04-02,8.625,9.00,8.49999,8.49999,300,0.609055
1974-04-01,8.625,9.00,8.625,8.625,600,0.618013
1974-03-29,8.87499,9.12501,8.625,8.625,900,0.618013
1974-03-28,8.87499,9.24999,8.87499,8.87499,300,0.635925
1974-03-27,8.87499,9.24999,8.87499,8.87499,300,0.635925
1974-03-26,8.87499,9.24999,8.87499,8.87499,300,0.635925
1974-03-25,8.87499,9.24999,8.87499,8.87499,300,0.635925
1974-03-22,8.87499,9.24999,8.87499,8.87499,300,0.635925
1974-03-21,8.87499,9.24999,8.87499,8.87499,900,0.635925
1974-03-20,9.00,9.24999,8.75001,8.75001,1500,0.62697
1974-03-19,9.00,9.50001,9.00,9.00,300,0.644883
1974-03-18,9.00,9.50001,9.00,9.00,600,0.644883
1974-03-15,9.00,9.50001,9.00,9.00,600,0.644883
1974-03-14,8.625,9.12501,8.625,8.625,600,0.618013
1974-03-13,8.625,9.00,8.625,8.625,900,0.618013
1974-03-12,8.625,9.00,8.625,8.625,300,0.618013
1974-03-11,8.625,9.00,8.625,8.625,600,0.618013
1974-03-08,8.625,9.00,8.625,8.625,300,0.618013
1974-03-07,8.625,9.00,8.625,8.625,600,0.618013
1974-03-06,8.625,9.00,8.625,8.625,300,0.618013
1974-03-05,8.625,9.00,8.625,8.625,300,0.618013
1974-03-04,8.625,9.00,8.625,8.625,600,0.618013
1974-03-01,8.625,9.00,8.625,8.625,300,0.618013
1974-02-28,8.625,9.00,8.625,8.625,2400,0.618013
1974-02-27,8.25,8.75001,8.25,8.25,600,0.591142
1974-02-26,8.37501,8.75001,8.25,8.25,2100,0.591142
1974-02-25,8.49999,8.75001,8.37501,8.37501,1200,0.6001
1974-02-22,8.49999,8.87499,8.49999,8.49999,300,0.609055
1974-02-21,8.49999,8.87499,8.49999,8.49999,300,0.609055
1974-02-20,8.49999,8.87499,8.49999,8.49999,600,0.609055
1974-02-19,8.49999,8.87499,8.49999,8.49999,300,0.609055
1974-02-15,8.625,8.87499,8.49999,8.49999,900,0.609055
1974-02-14,8.625,9.00,8.625,8.625,300,0.618013
1974-02-13,8.625,9.00,8.625,8.625,900,0.618013
1974-02-12,8.75001,9.12501,8.625,8.625,600,0.618013
1974-02-11,8.75001,9.24999,8.75001,8.75001,300,0.62697
1974-02-08,8.75001,9.24999,8.75001,8.75001,300,0.62697
1974-02-07,8.75001,9.24999,8.75001,8.75001,300,0.62697
1974-02-06,8.75001,9.24999,8.75001,8.75001,300,0.62697
1974-02-05,9.00,9.375,8.75001,8.75001,1800,0.62697
1974-02-04,9.24999,9.50001,9.00,9.00,600,0.644883
1974-02-01,9.24999,9.87501,9.24999,9.24999,300,0.662795
1974-01-31,9.24999,9.75,9.24999,9.24999,2700,0.662795
1974-01-30,9.24999,9.75,9.24999,9.24999,900,0.662795
1974-01-29,9.50001,9.87501,9.24999,9.24999,1800,0.662795
1974-01-28,9.50001,10.25001,9.50001,9.50001,300,0.68071
1974-01-25,9.50001,10.25001,9.50001,9.50001,2100,0.68071
1974-01-24,9.24999,9.87501,9.24999,9.24999,600,0.662795
1974-01-23,9.00,9.75,9.00,9.00,300,0.644883
1974-01-22,9.00,9.62499,9.00,9.00,300,0.644883
1974-01-21,9.00,9.62499,9.00,9.00,1800,0.644883
1974-01-18,9.00,9.62499,9.00,9.00,300,0.644883
1974-01-17,9.00,9.62499,9.00,9.00,600,0.644883
1974-01-16,9.00,9.62499,9.00,9.00,900,0.644883
1974-01-15,9.00,9.50001,9.00,9.00,300,0.644883
1974-01-14,9.00,9.50001,9.00,9.00,300,0.644883
1974-01-11,9.00,9.50001,9.00,9.00,300,0.644883
1974-01-10,9.00,9.50001,9.00,9.00,300,0.644883
1974-01-09,9.00,9.50001,9.00,9.00,600,0.644883
1974-01-08,9.375,9.75,9.00,9.00,1500,0.644883
1974-01-07,9.375,9.99999,9.375,9.375,300,0.671753
1974-01-04,9.375,9.99999,9.375,9.375,300,0.671753
1974-01-03,9.375,9.99999,9.375,9.375,2100,0.671753
1974-01-02,9.24999,9.99999,9.24999,9.24999,300,0.662795
1973-12-31,9.24999,9.99999,9.24999,9.24999,300,0.662795
1973-12-28,9.24999,9.99999,9.24999,9.24999,300,0.662795
1973-12-27,9.24999,9.99999,9.24999,9.24999,300,0.662795
1973-12-26,9.24999,9.99999,9.24999,9.24999,300,0.662795
1973-12-24,9.24999,9.99999,9.24999,9.24999,300,0.662795
1973-12-21,9.24999,9.99999,9.24999,9.24999,300,0.662795
1973-12-20,9.00,9.75,9.00,9.00,300,0.644883
1973-12-19,9.00,9.75,9.00,9.00,3300,0.644883
1973-12-18,8.75001,9.50001,8.75001,8.75001,300,0.62697
1973-12-17,8.75001,9.50001,8.75001,8.75001,300,0.62697
1973-12-14,9.00,9.50001,8.75001,8.75001,900,0.62697
1973-12-13,9.00,9.75,9.00,9.00,600,0.644883
1973-12-12,9.00,9.75,9.00,9.00,300,0.644883
1973-12-11,9.00,9.75,9.00,9.00,300,0.644883
1973-12-10,9.00,9.75,9.00,9.00,300,0.644883
1973-12-07,9.00,9.75,9.00,9.00,300,0.644883
1973-12-06,9.00,9.75,9.00,9.00,300,0.644883
1973-12-05,9.00,9.75,9.00,9.00,300,0.644883
1973-12-04,9.00,9.75,9.00,9.00,1200,0.644883
1973-12-03,9.00,9.75,9.00,9.00,300,0.644883
1973-11-30,9.00,9.75,9.00,9.00,300,0.644883
1973-11-29,9.00,9.75,9.00,9.00,300,0.644883
1973-11-28,9.00,9.75,9.00,9.00,600,0.644883
1973-11-27,9.24999,9.75,9.00,9.00,900,0.644883
1973-11-26,9.24999,9.99999,9.24999,9.24999,300,0.662795
1973-11-23,9.24999,9.99999,9.24999,9.24999,1500,0.662795
1973-11-21,9.12501,9.87501,9.12501,9.12501,1500,0.65384
1973-11-20,8.75001,9.50001,8.75001,8.75001,300,0.62697
1973-11-19,9.00,9.50001,8.75001,8.75001,600,0.62697
1973-11-16,9.00,9.75,9.00,9.00,300,0.644883
1973-11-15,9.24999,9.75,9.00,9.00,3600,0.644883
1973-11-14,9.24999,9.99999,9.24999,9.24999,300,0.662795
1973-11-13,9.24999,9.99999,9.24999,9.24999,600,0.662795
1973-11-12,9.24999,9.99999,9.24999,9.24999,300,0.662795
1973-11-09,9.24999,9.99999,9.24999,9.24999,1200,0.662795
1973-11-08,9.24999,9.99999,9.24999,9.24999,900,0.662795
1973-11-07,9.24999,9.99999,9.24999,9.24999,600,0.662795
1973-11-06,9.75,9.99999,9.24999,9.24999,2100,0.662795
1973-11-05,9.75,10.50,9.75,9.75,300,0.698623
1973-11-02,9.99999,10.50,9.75,9.75,3300,0.698623
1973-11-01,9.99999,10.74999,9.99999,9.99999,300,0.716536
1973-10-31,9.99999,10.74999,9.99999,9.99999,600,0.716536
1973-10-30,9.99999,10.74999,9.99999,9.99999,300,0.716536
1973-10-29,9.99999,10.74999,9.99999,9.99999,300,0.716536
1973-10-26,9.99999,10.74999,9.99999,9.99999,1200,0.716536
1973-10-25,9.99999,10.74999,9.99999,9.99999,300,0.716536
1973-10-24,9.99999,10.74999,9.99999,9.99999,300,0.716536
1973-10-23,9.99999,10.74999,9.99999,9.99999,600,0.716536
1973-10-22,10.25001,10.74999,9.99999,9.99999,300,0.716536
1973-10-19,10.25001,11.00001,10.25001,10.25001,300,0.73445
1973-10-18,10.25001,11.00001,10.25001,10.25001,300,0.73445
1973-10-17,10.25001,11.00001,10.25001,10.25001,300,0.73445
1973-10-16,9.99999,10.74999,9.99999,9.99999,600,0.716536
1973-10-15,10.25001,10.74999,9.99999,9.99999,2100,0.716536
1973-10-12,10.37499,11.00001,10.25001,10.25001,1500,0.73445
1973-10-11,10.50,11.12499,10.37499,10.37499,300,0.743406
1973-10-10,10.50,11.25,10.50,10.50,300,0.752363
1973-10-09,10.50,11.25,10.50,10.50,300,0.752363
1973-10-08,10.50,11.25,10.50,10.50,900,0.752363
1973-10-05,10.50,11.25,10.50,10.50,300,0.752363
1973-10-04,10.50,11.25,10.50,10.50,300,0.752363
1973-10-03,10.50,11.25,10.50,10.50,300,0.752363
1973-10-02,10.50,11.25,10.50,10.50,300,0.752363
1973-10-01,10.50,11.25,10.50,10.50,600,0.752363
1973-09-28,10.50,11.25,10.50,10.50,300,0.752363
1973-09-27,10.50,11.25,10.50,10.50,300,0.752363
1973-09-26,10.25001,11.00001,10.25001,10.25001,300,0.73445
1973-09-25,10.25001,11.00001,10.25001,10.25001,1800,0.73445
1973-09-24,10.25001,11.00001,10.25001,10.25001,300,0.73445
1973-09-21,10.25001,11.00001,10.25001,10.25001,1500,0.73445
1973-09-20,9.99999,10.74999,9.99999,9.99999,300,0.716536
1973-09-19,10.25001,10.74999,9.99999,9.99999,1500,0.716536
1973-09-18,10.25001,11.00001,10.25001,10.25001,300,0.73445
1973-09-17,10.25001,11.00001,10.25001,10.25001,300,0.73445
1973-09-14,9.99999,10.74999,9.99999,9.99999,3000,0.716536
1973-09-13,9.99999,10.74999,9.99999,9.99999,5100,0.716536
1973-09-12,9.50001,9.99999,9.24999,9.24999,1800,0.662795
1973-09-11,9.50001,10.25001,9.50001,9.50001,900,0.68071
1973-09-10,9.50001,10.25001,9.50001,9.50001,900,0.68071
1973-09-07,9.75,10.25001,9.50001,9.50001,600,0.68071
1973-09-06,9.99999,10.50,9.75,9.75,3000,0.698623
1973-09-05,9.99999,10.74999,9.99999,9.99999,300,0.716536
1973-09-04,9.75,10.50,9.75,9.75,600,0.698623
1973-08-31,9.50001,10.25001,9.50001,9.50001,300,0.68071
1973-08-30,9.50001,10.25001,9.50001,9.50001,300,0.68071
1973-08-29,9.50001,10.25001,9.50001,9.50001,300,0.68071
1973-08-28,9.24999,9.99999,9.24999,9.24999,300,0.662795
1973-08-27,9.24999,9.99999,9.24999,9.24999,300,0.662795
1973-08-24,9.375,9.99999,9.24999,9.24999,1800,0.662795
1973-08-23,9.375,10.125,9.375,9.375,300,0.671753
1973-08-22,9.24999,9.99999,9.24999,9.24999,300,0.662795
1973-08-21,9.24999,9.99999,9.24999,9.24999,300,0.662795
1973-08-20,9.24999,9.99999,9.24999,9.24999,300,0.662795
1973-08-17,9.24999,9.99999,9.24999,9.24999,600,0.662795
1973-08-16,9.24999,9.99999,9.24999,9.24999,1200,0.662795
1973-08-15,9.24999,9.99999,9.24999,9.24999,900,0.662795
1973-08-14,9.24999,9.99999,9.24999,9.24999,300,0.662795
1973-08-13,9.24999,9.87501,9.24999,9.24999,300,0.662795
1973-08-10,9.24999,9.99999,9.24999,9.24999,300,0.662795
1973-08-09,9.24999,9.99999,9.24999,9.24999,300,0.662795
1973-08-08,9.50001,9.99999,9.24999,9.24999,3000,0.662795
1973-08-07,9.75,10.25001,9.50001,9.50001,1500,0.68071
1973-08-06,9.75,10.50,9.75,9.75,300,0.698623
1973-08-03,9.75,10.50,9.75,9.75,2100,0.698623
1973-08-02,9.99999,10.50,9.75,9.75,2700,0.698623
1973-08-01,9.99999,10.50,9.99999,9.99999,300,0.716536
1973-07-31,9.99999,10.50,9.99999,9.99999,300,0.716536
1973-07-30,9.99999,10.50,9.99999,9.99999,300,0.716536
1973-07-27,10.125,10.50,9.99999,9.99999,1500,0.716536
1973-07-26,10.125,10.62501,10.125,10.125,300,0.725493
1973-07-25,10.125,10.62501,10.125,10.125,2100,0.725493
1973-07-24,10.125,10.62501,10.125,10.125,300,0.725493
1973-07-23,10.25001,10.62501,10.125,10.125,1800,0.725493
1973-07-20,10.25001,10.74999,10.25001,10.25001,300,0.73445
1973-07-19,10.25001,10.74999,10.25001,10.25001,1200,0.73445
1973-07-18,10.125,10.62501,10.125,10.125,300,0.725493
1973-07-17,10.25001,10.62501,10.125,10.125,300,0.725493
1973-07-16,10.25001,10.74999,10.25001,10.25001,300,0.73445
1973-07-13,10.25001,10.74999,10.25001,10.25001,300,0.73445
1973-07-12,10.37499,10.74999,10.25001,10.25001,3000,0.73445
1973-07-11,10.37499,10.875,10.37499,10.37499,2100,0.743406
1973-07-10,10.50,10.62501,10.125,10.125,6300,0.725493
1973-07-09,10.50,11.00001,10.50,10.50,300,0.752363
1973-07-06,10.50,11.00001,10.50,10.50,3900,0.752363
1973-07-05,10.37499,10.875,10.37499,10.37499,300,0.743406
1973-07-03,10.37499,10.875,10.37499,10.37499,300,0.743406
1973-07-02,10.37499,10.875,10.37499,10.37499,900,0.743406
1973-06-29,10.37499,10.875,10.37499,10.37499,2100,0.743406
1973-06-28,10.37499,10.875,10.37499,10.37499,300,0.743406
1973-06-27,10.25001,10.74999,10.25001,10.25001,600,0.73445
1973-06-26,10.25001,10.74999,10.25001,10.25001,300,0.73445
1973-06-25,10.125,10.62501,10.125,10.125,4800,0.725493
1973-06-22,10.125,10.50,9.99999,9.99999,3300,0.716536
1973-06-21,10.125,10.62501,10.125,10.125,300,0.725493
1973-06-20,10.25001,10.62501,10.125,10.125,3600,0.725493
1973-06-19,10.37499,10.74999,10.25001,10.25001,300,0.73445
1973-06-18,10.50,10.875,10.37499,10.37499,600,0.743406
1973-06-15,10.50,11.00001,10.50,10.50,3300,0.752363
1973-06-14,10.37499,10.875,10.37499,10.37499,1500,0.743406
1973-06-13,10.37499,10.875,10.37499,10.37499,900,0.743406
1973-06-12,10.37499,10.875,10.37499,10.37499,300,0.743406
1973-06-11,10.37499,10.875,10.37499,10.37499,300,0.743406
1973-06-08,10.37499,10.875,10.37499,10.37499,300,0.743406
1973-06-07,10.25001,10.74999,10.25001,10.25001,300,0.73445
1973-06-06,10.25001,10.74999,10.25001,10.25001,1500,0.73445
1973-06-05,10.25001,10.74999,10.25001,10.25001,300,0.73445
1973-06-04,10.37499,10.74999,10.25001,10.25001,300,0.73445
1973-06-01,10.37499,10.875,10.37499,10.37499,3000,0.743406
1973-05-31,10.37499,10.875,10.37499,10.37499,300,0.743406
1973-05-30,10.37499,10.875,10.37499,10.37499,300,0.743406
1973-05-29,10.25001,10.74999,10.25001,10.25001,300,0.73445
1973-05-25,10.25001,10.74999,10.25001,10.25001,2400,0.73445
1973-05-24,10.25001,10.74999,10.25001,10.25001,300,0.73445
1973-05-23,10.25001,10.74999,10.25001,10.25001,7500,0.73445
1973-05-22,10.25001,10.74999,10.25001,10.25001,3300,0.73445
1973-05-21,10.25001,10.74999,10.25001,10.25001,300,0.73445
1973-05-18,10.25001,10.74999,10.25001,10.25001,1500,0.73445
1973-05-17,10.25001,10.74999,10.25001,10.25001,600,0.73445
1973-05-16,10.125,10.62501,10.125,10.125,300,0.725493
1973-05-15,9.99999,10.50,9.99999,9.99999,300,0.716536
1973-05-14,10.25001,10.50,9.99999,9.99999,600,0.716536
1973-05-11,10.37499,10.74999,10.25001,10.25001,300,0.73445
1973-05-10,10.37499,10.875,10.37499,10.37499,600,0.743406
1973-05-09,10.37499,10.875,10.37499,10.37499,9300,0.743406
1973-05-08,10.37499,10.875,10.37499,10.37499,300,0.743406
1973-05-07,10.25001,10.74999,10.25001,10.25001,1500,0.73445
1973-05-04,10.25001,10.74999,10.25001,10.25001,600,0.73445
1973-05-03,10.25001,10.62501,10.125,10.125,300,0.725493
