Date,Open,High,Low,Close,Volume,Adj Close
2016-03-01,31.77,31.870001,31.700001,31.73,52700,31.73
2016-02-29,31.76,31.92,31.639999,31.700001,101600,31.700001
2016-02-26,31.83,31.83,31.620001,31.700001,44600,31.700001
2016-02-25,31.75,31.77,31.58,31.700001,76800,31.700001
2016-02-24,31.549999,31.700001,31.379999,31.67,35700,31.67
2016-02-23,31.709999,31.780001,31.42,31.59,52600,31.59
2016-02-22,31.91,31.98,31.530001,31.709999,71000,31.709999
2016-02-19,31.540001,31.860001,31.530001,31.85,85400,31.85
2016-02-18,31.530001,31.83,31.09,31.799999,59500,31.799999
2016-02-17,31.07,31.450001,31.049999,31.43,40200,31.43
2016-02-16,30.75,30.950001,30.26,30.889999,30700,30.889999
2016-02-12,30.02,30.540001,29.08,30.41,52600,30.41
2016-02-11,30.60,30.65,29.25,29.690001,81900,29.690001
2016-02-10,30.65,30.77,30.360001,30.719999,29400,30.719999
2016-02-09,30.879999,30.879999,30.030001,30.43,40800,30.43
2016-02-08,31.120001,31.379999,30.60,30.65,85300,30.65
2016-02-05,31.209999,31.25,31.030001,31.18,35400,31.18
2016-02-04,31.049999,31.370001,30.620001,31.15,39700,31.15
2016-02-03,30.799999,30.879999,30.690001,30.799999,30700,30.799999
2016-02-02,30.74,31.02,30.58,30.77,123400,30.77
2016-02-01,30.690001,30.75,30.66,30.73,68700,30.73
2016-01-29,30.700001,30.719999,30.43,30.700001,47300,30.700001
2016-01-28,30.92,30.92,30.51,30.68,56500,30.68
2016-01-27,30.709999,30.709999,30.440001,30.629999,43700,30.629999
2016-01-26,30.59,30.68,30.33,30.60,30300,30.60
2016-01-25,30.700001,30.700001,30.440001,30.469999,29600,30.469999
2016-01-22,30.68,30.85,30.43,30.65,80600,30.65
2016-01-21,30.700001,30.700001,30.35,30.620001,47200,30.620001
2016-01-20,30.99,30.99,30.33,30.639999,311700,30.639999
2016-01-19,31.440001,31.440001,30.98,31.00,115000,31.00
2016-01-15,31.32,31.389999,30.93,31.18,76800,31.18
2016-01-14,31.629999,31.629999,31.190001,31.389999,103700,31.389999
2016-01-13,31.719999,31.73,31.43,31.49,46400,31.49
2016-01-12,31.639999,31.65,31.389999,31.60,49300,31.60
2016-01-11,31.790001,31.790001,31.50,31.50,277500,31.50
2016-01-08,31.860001,31.860001,31.620001,31.709999,64000,31.709999
2016-01-07,31.65,31.75,31.559999,31.66,102500,31.66
2016-01-06,31.440001,31.790001,31.440001,31.73,94700,31.73
2016-01-05,31.65,31.940001,31.620001,31.780001,33800,31.780001
2016-01-04,31.450001,31.65,31.24,31.57,153000,31.57
2015-12-31,31.50,31.65,31.450001,31.60,149900,31.60
2015-12-30,31.52,31.52,31.209999,31.42,91900,31.42
2015-12-29,31.51,31.549999,31.40,31.469999,50100,31.469999
2015-12-28,31.77,31.77,31.51,31.719999,11800,31.227999
2015-12-24,31.67,31.83,31.58,31.77,8400,31.277224
2015-12-23,31.41,31.66,31.290001,31.610001,20600,31.119706
2015-12-22,31.66,31.66,31.440001,31.440001,26600,30.952343
2015-12-21,31.549999,31.690001,31.530001,31.60,72600,31.109861
2015-12-18,31.59,31.68,31.52,31.58,64500,31.090171
2015-12-17,31.43,31.60,31.379999,31.58,21600,31.090171
2015-12-16,31.280001,31.42,31.10,31.41,21400,30.922808
2015-12-15,30.870001,31.209999,30.860001,31.190001,33400,30.706221
2015-12-14,31.139999,31.200001,30.700001,30.75,112100,30.273045
2015-12-11,31.559999,31.559999,31.200001,31.280001,44600,30.794825
2015-12-10,31.530001,31.58,31.42,31.459999,23300,30.972031
2015-12-09,31.52,31.60,31.469999,31.530001,48100,31.040947
2015-12-08,31.26,31.60,31.26,31.52,34100,31.031102
2015-12-07,31.440001,31.440001,31.26,31.42,25300,30.932653
2015-12-04,31.08,31.42,31.08,31.42,77200,30.932653
2015-12-03,31.26,31.26,31.00,31.18,26800,30.696375
2015-12-02,31.440001,31.440001,31.07,31.139999,63700,30.656995
2015-12-01,31.48,31.48,31.290001,31.389999,52400,30.903117
2015-11-30,31.639999,31.639999,31.35,31.469999,28300,30.981876
2015-11-27,31.25,31.559999,31.02,31.51,14600,31.021257
2015-11-25,31.360001,31.51,31.15,31.16,42100,30.676685
2015-11-24,31.129999,31.389999,31.129999,31.309999,42000,30.824358
2015-11-23,31.040001,31.209999,30.889999,31.129999,35100,30.64715
2015-11-20,30.92,31.120001,30.82,30.93,69900,30.450253
2015-11-19,30.950001,31.139999,30.889999,30.959999,255100,30.479787
2015-11-18,31.040001,31.040001,30.83,30.889999,43700,30.410873
2015-11-17,31.059999,31.120001,30.85,30.969999,31600,30.489632
2015-11-16,31.00,31.00,30.889999,30.950001,13000,30.469943
2015-11-13,31.10,31.10,30.84,30.969999,37900,30.489632
2015-11-12,31.049999,31.08,30.889999,30.940001,160200,30.460098
2015-11-11,30.889999,31.24,30.76,31.24,25000,30.755444
2015-11-10,30.74,30.99,30.57,30.74,49000,30.2632
2015-11-09,30.719999,30.799999,30.57,30.60,66400,30.125372
2015-11-06,30.84,30.85,30.65,30.68,55400,30.204131
2015-11-05,30.940001,30.940001,30.75,30.799999,39000,30.322269
2015-11-04,30.92,30.950001,30.780001,30.85,37600,30.371494
2015-11-03,30.92,31.16,30.799999,30.84,27200,30.361649
2015-11-02,30.860001,30.98,30.77,30.879999,52600,30.401028
2015-10-30,30.879999,30.879999,30.74,30.799999,38000,30.322269
2015-10-29,30.82,30.82,30.66,30.77,38300,30.292735
2015-10-28,30.790001,30.91,30.74,30.75,31200,30.273045
2015-10-27,30.82,30.889999,30.68,30.74,65800,30.2632
2015-10-26,30.85,30.98,30.74,30.780001,45500,30.30258
2015-10-23,30.879999,30.889999,30.75,30.75,44100,30.273045
2015-10-22,30.879999,30.879999,30.74,30.780001,34100,30.30258
2015-10-21,30.99,30.99,30.66,30.700001,57200,30.223821
2015-10-20,30.75,30.84,30.690001,30.700001,47200,30.223821
2015-10-19,30.690001,30.780001,30.67,30.690001,26100,30.213976
2015-10-16,30.790001,30.83,30.540001,30.73,61700,30.253355
2015-10-15,30.82,30.82,30.59,30.67,312700,30.194286
2015-10-14,30.74,30.780001,30.629999,30.67,103000,30.194286
2015-10-13,30.75,30.870001,30.629999,30.65,27200,30.174596
2015-10-12,30.76,30.76,30.65,30.719999,23900,30.243509
2015-10-09,30.85,30.85,30.58,30.60,26600,30.125372
2015-10-08,30.65,30.73,30.530001,30.620001,42600,30.145062
2015-10-07,30.780001,30.84,30.58,30.60,28100,30.125372
2015-10-06,30.700001,30.809999,30.60,30.65,34400,30.174596
2015-10-05,30.440001,30.690001,30.40,30.60,40000,30.125372
2015-10-02,30.67,30.67,30.040001,30.33,20500,29.859559
2015-10-01,30.59,30.59,30.34,30.459999,25600,29.987542
2015-09-30,30.85,30.85,30.459999,30.549999,57100,30.076146
2015-09-29,31.00,31.00,30.49,30.52,46100,30.046613
2015-09-28,31.50,31.59,31.290001,31.309999,48800,30.824358
2015-09-25,31.540001,31.620001,31.48,31.549999,41100,31.060635
2015-09-24,31.469999,31.52,31.360001,31.50,33600,31.011412
2015-09-23,31.450001,31.60,31.41,31.48,21600,30.991722
2015-09-22,31.299999,31.40,31.25,31.40,36900,30.912962
2015-09-21,31.42,31.42,31.309999,31.33,32600,30.844049
2015-09-18,31.32,31.389999,31.18,31.35,22000,30.863739
2015-09-17,31.190001,31.389999,31.07,31.370001,51300,30.883429
2015-09-16,31.00,31.219999,30.98,31.200001,59600,30.716066
2015-09-15,30.950001,31.08,30.950001,30.99,19700,30.509322
2015-09-14,31.00,31.049999,30.98,31.01,6500,30.529012
2015-09-11,30.959999,31.129999,30.84,30.959999,70200,30.479787
2015-09-10,31.16,31.16,30.83,30.83,23000,30.351804
2015-09-09,31.219999,31.23,31.030001,31.07,18400,30.588081
2015-09-08,31.18,31.23,31.09,31.219999,20100,30.735754
2015-09-04,31.16,31.16,31.08,31.120001,7800,30.637307
2015-09-03,31.25,31.25,31.10,31.16,10500,30.676685
2015-09-02,31.110001,31.219999,31.030001,31.17,16100,30.68653
2015-09-01,31.07,31.17,31.040001,31.129999,13300,30.64715
2015-08-31,31.15,31.18,30.99,31.110001,16300,30.627462
2015-08-28,31.26,31.26,31.02,31.02,19000,30.538857
2015-08-27,31.18,31.200001,30.99,31.15,34600,30.66684
2015-08-26,31.040001,31.129999,30.92,31.049999,44600,30.568391
2015-08-25,30.92,31.15,30.76,31.030001,30700,30.548702
2015-08-24,30.799999,30.889999,30.40,30.889999,58300,30.410873
2015-08-21,31.059999,31.139999,31.030001,31.08,14800,30.597926
2015-08-20,31.23,31.23,31.040001,31.07,49400,30.588081
2015-08-19,31.040001,31.26,31.00,31.190001,30300,30.706221
2015-08-18,31.08,31.129999,31.030001,31.049999,31400,30.568391
2015-08-17,31.18,31.18,31.030001,31.040001,30100,30.558548
2015-08-14,30.91,31.120001,30.85,31.10,24000,30.617616
2015-08-13,31.01,31.110001,30.77,30.969999,24700,30.489632
2015-08-12,31.209999,31.27,31.01,31.01,30300,30.529012
2015-08-11,31.360001,31.360001,31.23,31.34,38200,30.853894
2015-08-10,31.35,31.440001,31.32,31.379999,28700,30.893272
2015-08-07,31.41,31.43,31.26,31.33,15900,30.844049
2015-08-06,31.290001,31.42,31.17,31.379999,29800,30.893272
2015-08-05,31.32,31.32,31.10,31.280001,28600,30.794825
2015-08-04,31.25,31.370001,31.219999,31.280001,50800,30.794825
2015-08-03,31.309999,31.34,31.209999,31.32,12000,30.834203
2015-07-31,31.190001,31.299999,31.02,31.190001,12200,30.706221
2015-07-30,31.190001,31.219999,31.040001,31.139999,23000,30.656995
2015-07-29,31.16,31.33,31.00,31.00,21600,30.519167
2015-07-28,31.129999,31.18,31.040001,31.17,20700,30.68653
2015-07-27,31.02,31.190001,30.950001,31.02,36200,30.538857
2015-07-24,30.889999,30.99,30.82,30.99,23600,30.509322
2015-07-23,30.940001,31.00,30.66,30.92,21700,30.440408
2015-07-22,31.00,31.00,30.84,30.940001,19900,30.460098
2015-07-21,30.870001,30.98,30.870001,30.98,11800,30.499477
2015-07-20,30.879999,30.940001,30.799999,30.940001,10700,30.460098
2015-07-17,30.879999,30.950001,30.780001,30.870001,37800,30.391184
2015-07-16,30.77,30.879999,30.629999,30.879999,63600,30.401028
2015-07-15,30.16,30.82,30.16,30.60,77800,30.125372
2015-07-14,30.370001,30.370001,30.120001,30.25,22100,29.7808
2015-07-13,30.209999,30.370001,30.15,30.33,22700,29.859559
2015-07-10,30.08,30.200001,30.08,30.16,10700,29.692196
2015-07-09,29.85,30.15,29.85,30.120001,19900,29.652817
2015-07-08,30.040001,30.280001,29.85,29.90,39200,29.436229
2015-07-07,30.110001,30.200001,30.10,30.10,13200,29.633127
2015-07-06,30.00,30.200001,30.00,30.190001,36700,29.721731
2015-07-02,29.860001,30.200001,29.860001,30.07,27700,29.603592
2015-07-01,29.75,29.879999,29.58,29.860001,32200,29.39685
2015-06-30,29.90,29.99,29.65,29.74,42200,29.27871
2015-06-29,29.780001,30.02,29.780001,29.950001,15700,29.485454
2015-06-26,30.549999,30.549999,30.51,30.540001,13500,30.066303
2015-06-25,30.629999,30.639999,30.48,30.620001,27300,30.145062
2015-06-24,30.620001,30.65,30.559999,30.59,18700,30.115527
2015-06-23,30.50,30.639999,30.459999,30.60,45900,30.125372
2015-06-22,30.66,30.66,30.50,30.559999,237000,30.085991
2015-06-19,30.65,30.719999,30.549999,30.549999,13400,30.076146
2015-06-18,30.780001,30.780001,30.530001,30.549999,40500,30.076146
2015-06-17,30.870001,30.870001,30.60,30.74,216100,30.2632
2015-06-16,30.90,30.90,30.73,30.790001,14200,30.312425
2015-06-15,30.780001,30.84,30.60,30.82,213400,30.341959
2015-06-12,30.76,30.76,30.65,30.719999,18700,30.243509
2015-06-11,30.610001,30.76,30.540001,30.65,23200,30.174596
2015-06-10,30.67,30.709999,30.52,30.57,45900,30.095836
2015-06-09,31.049999,31.049999,30.50,30.67,105900,30.194286
2015-06-08,31.15,31.18,30.92,31.02,17500,30.538857
2015-06-05,31.200001,31.299999,31.09,31.129999,17100,30.64715
2015-06-04,31.290001,31.34,31.190001,31.299999,16500,30.814513
2015-06-03,31.379999,31.379999,31.139999,31.15,32600,30.66684
2015-06-02,31.35,31.41,31.15,31.32,26100,30.834203
2015-06-01,31.440001,31.50,31.309999,31.389999,26600,30.903117
2015-05-29,31.40,31.440001,31.120001,31.34,37700,30.853894
2015-05-28,31.33,31.379999,31.26,31.370001,25100,30.883429
2015-05-27,31.190001,31.33,31.040001,31.299999,23000,30.814513
2015-05-26,30.959999,31.190001,30.92,31.190001,22100,30.706221
2015-05-22,30.93,31.00,30.889999,31.00,10800,30.519167
2015-05-21,31.01,31.10,30.969999,30.99,85700,30.509322
2015-05-20,31.01,31.01,30.92,30.99,18800,30.509322
2015-05-19,30.940001,30.959999,30.809999,30.93,41800,30.450253
2015-05-18,30.969999,30.969999,30.780001,30.940001,23200,30.460098
2015-05-15,31.09,31.09,30.77,30.940001,27600,30.460098
2015-05-14,30.75,30.99,30.610001,30.99,31800,30.509322
2015-05-13,30.48,30.629999,30.360001,30.620001,47000,30.145062
2015-05-12,30.389999,30.49,30.15,30.42,27100,29.948163
2015-05-11,30.75,30.790001,30.299999,30.440001,25100,29.967854
2015-05-08,30.74,30.99,30.559999,30.84,40300,30.361649
2015-05-07,30.370001,30.66,30.27,30.43,65300,29.958009
2015-05-06,31.00,31.00,30.209999,30.290001,169300,29.820181
2015-05-05,31.24,31.24,30.90,30.959999,31600,30.479787
2015-05-04,31.110001,31.200001,31.07,31.17,21000,30.68653
2015-05-01,31.219999,31.26,31.030001,31.059999,157300,30.578236
2015-04-30,30.93,31.33,30.879999,31.280001,169300,30.794825
2015-04-29,30.950001,31.10,30.73,31.040001,40300,30.558548
2015-04-28,31.200001,31.32,31.16,31.17,43300,30.68653
2015-04-27,31.219999,31.33,31.129999,31.200001,61700,30.716066
2015-04-24,31.110001,31.32,31.10,31.280001,143700,30.794825
2015-04-23,31.219999,31.389999,31.09,31.15,37700,30.66684
2015-04-22,31.08,31.24,30.99,31.190001,32100,30.706221
2015-04-21,31.190001,31.280001,31.10,31.10,39700,30.617616
2015-04-20,31.02,31.24,30.870001,31.120001,31700,30.637307
2015-04-17,31.17,31.200001,30.940001,30.969999,89100,30.489632
2015-04-16,31.139999,31.27,31.10,31.17,75000,30.68653
2015-04-15,31.15,31.299999,30.950001,31.25,38700,30.765289
2015-04-14,30.860001,31.190001,30.860001,31.059999,43900,30.578236
2015-04-13,30.92,31.059999,30.84,30.959999,33100,30.479787
2015-04-10,31.00,31.07,30.799999,30.99,40900,30.509322
2015-04-09,30.98,31.049999,30.91,30.950001,26600,30.469943
2015-04-08,30.709999,30.93,30.709999,30.860001,66000,30.381339
2015-04-07,30.719999,30.860001,30.68,30.77,19200,30.292735
2015-04-06,30.879999,30.93,30.68,30.790001,17500,30.312425
2015-04-02,30.809999,30.84,30.629999,30.83,61400,30.351804
2015-04-01,30.77,30.85,30.67,30.780001,22600,30.30258
2015-03-31,30.65,30.799999,30.530001,30.719999,24400,30.243509
2015-03-30,30.75,30.82,30.51,30.610001,44500,30.135217
2015-03-27,31.26,31.32,31.200001,31.25,42100,30.765289
2015-03-26,31.209999,31.25,31.09,31.200001,52100,30.716066
2015-03-25,31.309999,31.32,31.049999,31.16,91500,30.676685
2015-03-24,31.42,31.42,31.16,31.16,49300,30.676685
2015-03-23,31.48,31.51,31.33,31.33,46400,30.844049
2015-03-20,31.25,31.610001,31.200001,31.41,142400,30.922808
2015-03-19,31.219999,31.34,31.08,31.129999,47400,30.64715
2015-03-18,31.02,31.34,30.969999,31.23,30300,30.745599
2015-03-17,30.85,31.09,30.780001,30.969999,29800,30.489632
2015-03-16,30.82,31.01,30.82,31.00,24800,30.519167
2015-03-13,30.780001,30.870001,30.60,30.82,16700,30.341959
2015-03-12,30.700001,30.82,30.690001,30.74,30500,30.2632
2015-03-11,30.559999,30.700001,30.52,30.67,19400,30.194286
2015-03-10,30.370001,30.60,30.25,30.549999,37500,30.076146
2015-03-09,30.389999,30.389999,30.15,30.379999,35500,29.908783
2015-03-06,30.379999,30.440001,30.190001,30.389999,43200,29.918628
2015-03-05,30.530001,30.530001,30.389999,30.459999,33000,29.987542
2015-03-04,30.290001,30.49,30.26,30.360001,94100,29.889095
2015-03-03,30.110001,30.309999,30.110001,30.280001,242900,29.810336
2015-03-02,30.360001,30.370001,30.24,30.25,67400,29.7808
2015-02-27,30.309999,30.35,30.24,30.26,65500,29.790645
2015-02-26,30.219999,30.32,30.219999,30.280001,19600,29.810336
2015-02-25,30.370001,30.370001,30.27,30.309999,53500,29.839869
2015-02-24,30.40,30.40,30.209999,30.33,27000,29.859559
2015-02-23,30.389999,30.389999,30.190001,30.34,19200,29.869404
2015-02-20,30.16,30.280001,30.01,30.280001,17700,29.810336
2015-02-19,30.040001,30.26,29.90,30.00,40700,29.534678
2015-02-18,30.33,30.33,29.77,30.07,35200,29.603592
2015-02-17,30.40,30.40,30.110001,30.25,47100,29.7808
2015-02-13,30.389999,30.40,30.360001,30.40,14000,29.928473
2015-02-12,30.40,30.40,30.360001,30.379999,22600,29.908783
2015-02-11,30.40,30.40,30.040001,30.40,32100,29.928473
2015-02-10,30.40,30.40,30.299999,30.389999,42500,29.918628
2015-02-09,30.23,30.40,30.23,30.40,15500,29.928473
2015-02-06,30.530001,30.67,30.299999,30.379999,25800,29.908783
2015-02-05,30.41,30.66,30.41,30.66,27700,30.184441
2015-02-04,30.25,30.549999,30.25,30.48,39900,30.007232
2015-02-03,30.40,30.629999,30.370001,30.49,18600,30.017077
2015-02-02,30.440001,30.59,30.440001,30.50,31000,30.026922
2015-01-30,30.58,30.58,30.48,30.52,21100,30.046613
2015-01-29,30.18,30.700001,30.15,30.440001,25200,29.967854
2015-01-28,30.219999,30.25,30.059999,30.25,16100,29.7808
2015-01-27,30.139999,30.26,29.959999,30.120001,20300,29.652817
2015-01-26,30.280001,30.379999,30.02,30.049999,43700,29.583902
2015-01-23,30.190001,30.41,30.190001,30.219999,60500,29.751265
2015-01-22,30.15,30.32,30.030001,30.299999,31300,29.830024
2015-01-21,30.129999,30.190001,30.02,30.040001,76000,29.574058
2015-01-20,30.139999,30.27,30.10,30.18,51900,29.711886
2015-01-16,29.719999,30.280001,29.719999,30.190001,49400,29.721731
2015-01-15,30.02,30.02,29.700001,29.860001,21900,29.39685
2015-01-14,30.049999,30.110001,29.950001,29.99,21300,29.524833
2015-01-13,29.98,30.059999,29.91,30.02,31200,29.554368
2015-01-12,30.02,30.07,29.93,30.02,23600,29.554368
2015-01-09,30.07,30.07,29.889999,29.889999,34100,29.426383
2015-01-08,30.040001,30.129999,30.00,30.040001,20100,29.574058
2015-01-07,30.040001,30.120001,29.950001,29.99,25700,29.524833
2015-01-06,29.99,29.99,29.799999,29.91,29500,29.446074
2015-01-05,30.07,30.07,29.67,29.940001,43000,29.475609
2015-01-02,30.01,30.26,29.879999,30.09,25200,29.623282
2014-12-31,29.950001,30.120001,29.77,29.959999,30500,29.495297
2014-12-30,29.809999,30.190001,29.77,30.059999,17100,29.593747
2014-12-29,30.200001,30.26,29.790001,29.959999,36000,29.495297
2014-12-26,30.68,30.690001,30.200001,30.549999,17100,29.591777
2014-12-24,30.60,30.73,30.60,30.67,12200,29.708014
2014-12-23,30.639999,30.719999,30.51,30.690001,16900,29.727387
2014-12-22,30.41,30.620001,30.41,30.530001,33100,29.572406
2014-12-19,30.120001,30.639999,30.120001,30.50,24600,29.543346
2014-12-18,29.799999,30.280001,29.799999,30.200001,22600,29.252757
2014-12-17,29.57,29.90,29.57,29.879999,14900,28.942792
2014-12-16,29.99,29.99,29.700001,29.700001,22600,28.76844
2014-12-15,30.17,30.17,29.860001,29.969999,16200,29.02997
2014-12-12,30.120001,30.200001,30.02,30.030001,14100,29.088089
2014-12-11,29.91,30.24,29.90,30.120001,33200,29.175266
2014-12-10,30.389999,30.49,29.84,29.950001,35200,29.010598
2014-12-09,30.209999,30.530001,30.139999,30.51,31500,29.553033
2014-12-08,29.870001,30.370001,29.870001,30.32,17000,29.368992
2014-12-05,29.90,30.219999,29.870001,30.030001,23200,29.088089
2014-12-04,30.18,30.18,29.709999,29.91,62100,28.971852
2014-12-03,30.299999,30.440001,30.01,30.030001,25800,29.088089
2014-12-02,30.450001,30.530001,30.190001,30.290001,43000,29.339934
2014-12-01,30.639999,30.639999,30.42,30.42,33000,29.465856
2014-11-28,30.530001,30.65,30.48,30.629999,7200,29.669268
2014-11-26,30.35,30.379999,30.25,30.35,54600,29.398052
2014-11-25,30.620001,30.620001,30.27,30.35,56900,29.398052
2014-11-24,30.66,30.68,30.58,30.65,50300,29.688641
2014-11-21,30.58,30.620001,30.530001,30.58,14800,29.620837
2014-11-20,30.49,30.49,30.459999,30.48,10900,29.523973
2014-11-19,30.549999,30.57,30.41,30.440001,29300,29.485229
2014-11-18,30.549999,30.549999,30.469999,30.469999,23300,29.514287
2014-11-17,30.530001,30.59,30.049999,30.469999,390200,29.514287
2014-11-14,30.309999,30.549999,30.309999,30.48,26500,29.523973
2014-11-13,30.450001,30.450001,30.290001,30.360001,28900,29.407738
2014-11-12,30.379999,30.440001,30.24,30.280001,17700,29.330247
2014-11-11,30.110001,30.440001,30.08,30.389999,42800,29.436796
2014-11-10,30.219999,30.25,30.059999,30.08,62000,29.13652
2014-11-07,30.10,30.26,30.10,30.17,39400,29.223697
2014-11-06,30.110001,30.23,30.110001,30.139999,27300,29.194637
2014-11-05,30.25,30.299999,30.10,30.110001,42900,29.16558
2014-11-04,30.309999,30.309999,30.209999,30.25,34400,29.301188
2014-11-03,30.35,30.35,30.209999,30.24,84600,29.291501
2014-10-31,30.35,30.35,30.049999,30.280001,98000,29.330247
2014-10-30,30.15,30.280001,30.15,30.23,10800,29.281815
2014-10-29,30.370001,30.370001,30.16,30.26,17100,29.310874
2014-10-28,30.280001,30.32,30.10,30.280001,15700,29.330247
2014-10-27,30.10,30.26,30.10,30.190001,13700,29.24307
2014-10-24,30.23,30.700001,30.030001,30.08,34000,29.13652
2014-10-23,30.34,30.34,30.10,30.120001,40300,29.175266
2014-10-22,30.23,30.34,30.200001,30.209999,27300,29.262442
2014-10-21,30.209999,30.75,30.209999,30.27,44500,29.320561
2014-10-20,30.139999,30.32,30.129999,30.24,31400,29.291501
2014-10-17,29.870001,30.57,29.870001,30.049999,294500,29.10746
2014-10-16,29.540001,29.98,29.540001,29.98,118200,29.039656
2014-10-15,29.43,29.74,29.43,29.58,53500,28.652203
2014-10-14,29.60,29.700001,29.60,29.68,10900,28.749067
2014-10-13,29.559999,29.700001,29.559999,29.58,10200,28.652203
2014-10-10,29.60,29.700001,29.49,29.639999,14000,28.71032
2014-10-09,29.639999,29.690001,29.60,29.610001,41100,28.681262
2014-10-08,29.60,29.68,29.52,29.68,67600,28.749067
2014-10-07,29.65,29.68,29.52,29.65,14100,28.720007
2014-10-06,29.629999,29.719999,29.60,29.60,25900,28.671576
2014-10-03,29.690001,29.74,29.549999,29.700001,10200,28.76844
2014-10-02,29.34,29.60,29.34,29.530001,17600,28.603772
2014-10-01,29.620001,29.66,29.35,29.370001,16500,28.44879
2014-09-30,29.43,29.629999,29.379999,29.59,19100,28.661889
2014-09-29,29.15,29.540001,28.82,29.540001,21700,28.613458
2014-09-26,29.879999,29.99,29.68,29.690001,399500,28.282185
2014-09-25,29.90,29.940001,29.809999,29.90,80400,28.482226
2014-09-24,29.83,30.00,29.83,30.00,15200,28.577485
2014-09-23,29.969999,29.969999,29.860001,29.950001,21200,28.529857
2014-09-22,30.00,30.00,29.879999,29.93,46600,28.510805
2014-09-19,30.110001,30.110001,29.90,29.98,15000,28.558433
2014-09-18,29.870001,30.030001,29.870001,30.01,20200,28.587011
2014-09-17,29.90,29.969999,29.780001,29.969999,35000,28.548907
2014-09-16,29.75,29.90,29.719999,29.860001,29800,28.444124
2014-09-15,29.73,29.90,29.73,29.889999,15700,28.4727
2014-09-12,29.60,29.719999,29.549999,29.719999,13800,28.310761
2014-09-11,29.76,29.82,29.68,29.719999,67900,28.310761
2014-09-10,29.709999,29.83,29.700001,29.780001,38700,28.367918
2014-09-09,29.82,29.879999,29.51,29.83,39200,28.415546
2014-09-08,29.889999,29.940001,29.790001,29.84,10400,28.425072
2014-09-05,29.77,29.91,29.34,29.860001,37900,28.444124
2014-09-04,29.870001,30.01,29.620001,29.629999,22600,28.225029
2014-09-03,30.120001,30.120001,29.92,30.049999,15900,28.625113
2014-09-02,30.16,30.16,29.950001,30.040001,14000,28.615589
2014-08-29,30.15,30.219999,30.02,30.16,16500,28.729898
2014-08-28,30.18,30.190001,30.049999,30.059999,13000,28.63464
2014-08-27,30.00,30.139999,30.00,30.110001,15400,28.68227
2014-08-26,29.969999,30.07,29.950001,30.049999,12600,28.625113
2014-08-25,29.950001,30.059999,29.889999,30.059999,14700,28.63464
2014-08-22,29.969999,30.030001,29.959999,30.02,10900,28.596537
2014-08-21,30.049999,30.049999,29.940001,30.049999,10800,28.625113
2014-08-20,29.950001,30.040001,29.940001,30.030001,18500,28.606063
2014-08-19,30.00,30.00,29.83,29.950001,19400,28.529857
2014-08-18,29.959999,29.959999,29.700001,29.959999,176600,28.539381
2014-08-15,29.76,29.92,29.719999,29.92,16000,28.501279
2014-08-14,29.84,29.93,29.74,29.889999,21000,28.4727
2014-08-13,29.790001,29.93,29.73,29.84,31800,28.425072
2014-08-12,29.639999,29.709999,29.530001,29.68,65900,28.272659
2014-08-11,29.709999,29.799999,29.549999,29.690001,46700,28.282185
2014-08-08,29.65,29.940001,29.65,29.780001,13000,28.367918
2014-08-07,29.370001,29.799999,29.35,29.799999,28200,28.386968
2014-08-06,29.360001,29.43,29.34,29.41,11800,28.015461
2014-08-05,29.299999,29.49,29.299999,29.379999,18000,27.986883
2014-08-04,29.459999,29.67,29.219999,29.469999,26400,28.072616
2014-08-01,29.60,29.709999,29.34,29.57,30800,28.167874
2014-07-31,29.950001,30.030001,29.50,29.73,49700,28.320287
2014-07-30,30.15,30.15,29.870001,30.030001,18800,28.606063
2014-07-29,29.99,30.110001,29.98,30.08,237400,28.653692
2014-07-28,30.09,30.09,29.93,30.02,15600,28.596537
2014-07-25,29.84,30.08,29.700001,30.07,34400,28.644166
2014-07-24,29.73,29.84,29.700001,29.84,22000,28.425072
2014-07-23,29.74,29.92,29.74,29.77,18900,28.358391
2014-07-22,29.84,29.889999,29.790001,29.799999,85300,28.386968
2014-07-21,29.90,29.99,29.809999,29.90,19100,28.482226
2014-07-18,29.90,30.08,29.879999,29.879999,53200,28.463174
2014-07-17,29.870001,30.02,29.85,29.90,27300,28.482226
2014-07-16,30.00,30.049999,29.85,30.01,29900,28.587011
2014-07-15,30.08,30.09,29.93,30.08,11500,28.653692
2014-07-14,30.10,30.15,29.85,30.01,29400,28.587011
2014-07-11,29.879999,30.09,29.879999,30.049999,30600,28.625113
2014-07-10,29.82,30.049999,29.82,29.940001,27000,28.520331
2014-07-09,30.09,30.10,29.940001,29.969999,60700,28.548907
2014-07-08,29.860001,30.030001,29.860001,30.030001,11300,28.606063
2014-07-07,30.09,30.09,29.60,29.860001,12700,28.444124
2014-07-03,30.26,30.299999,29.52,29.940001,41000,28.520331
2014-07-02,30.219999,30.35,29.98,30.07,25700,28.644166
2014-07-01,29.969999,30.200001,29.950001,30.190001,19100,28.758476
2014-06-30,29.90,29.940001,29.809999,29.940001,10000,28.520331
2014-06-27,30.10,30.10,29.77,29.809999,51900,28.396494
2014-06-26,30.23,30.40,30.07,30.360001,160100,28.451746
2014-06-25,30.16,30.219999,30.120001,30.16,119600,28.264316
2014-06-24,30.049999,30.219999,30.049999,30.10,29500,28.208088
2014-06-23,30.219999,30.290001,30.040001,30.049999,35600,28.16123
2014-06-20,30.18,30.33,30.10,30.10,64000,28.208088
2014-06-19,29.969999,30.309999,29.969999,30.26,22700,28.358031
2014-06-18,29.969999,30.09,29.959999,30.030001,18100,28.142488
2014-06-17,29.959999,30.17,29.879999,30.07,455500,28.179973
2014-06-16,29.809999,29.959999,29.77,29.959999,26500,28.076886
2014-06-13,29.700001,29.809999,29.700001,29.780001,14500,27.908202
2014-06-12,29.74,29.83,29.639999,29.709999,47900,27.8426
2014-06-11,29.57,29.67,29.530001,29.639999,28400,27.777
2014-06-10,29.85,29.85,29.549999,29.59,46000,27.730143
2014-06-09,29.66,29.799999,29.629999,29.74,29700,27.870715
2014-06-06,29.92,29.92,29.610001,29.65,33400,27.786372
2014-06-05,29.870001,30.00,29.540001,29.780001,17100,27.908202
2014-06-04,30.01,30.42,29.040001,29.93,86200,28.048773
2014-06-03,30.00,30.190001,29.83,29.83,34500,27.955058
2014-06-02,29.90,30.16,29.84,30.16,13200,28.264316
2014-05-30,30.10,30.129999,29.67,30.08,18900,28.189345
2014-05-29,29.969999,30.09,29.940001,30.030001,30300,28.142488
2014-05-28,30.00,30.110001,29.99,30.08,18100,28.189345
2014-05-27,30.07,30.110001,29.93,30.00,12300,28.114373
2014-05-23,30.059999,30.18,29.860001,30.09,27300,28.198716
2014-05-22,30.280001,30.280001,29.77,29.99,26200,28.105001
2014-05-21,30.209999,30.379999,30.01,30.02,54600,28.133116
2014-05-20,30.360001,30.379999,30.209999,30.25,29800,28.34866
2014-05-19,30.290001,30.389999,30.16,30.309999,29900,28.404888
2014-05-16,30.27,30.27,30.02,30.16,11100,28.264316
2014-05-15,30.16,30.200001,30.09,30.17,13400,28.273688
2014-05-14,30.34,30.34,30.129999,30.190001,11800,28.292431
2014-05-13,30.16,30.370001,30.16,30.25,22600,28.34866
2014-05-12,30.10,30.26,30.10,30.190001,13700,28.292431
2014-05-09,30.209999,30.219999,30.049999,30.18,17300,28.28306
2014-05-08,30.200001,30.200001,30.049999,30.10,22700,28.208088
2014-05-07,30.209999,30.23,29.98,30.17,15500,28.273688
2014-05-06,30.049999,30.209999,30.049999,30.10,24700,28.208088
2014-05-05,29.84,30.33,29.84,30.059999,21400,28.170601
2014-05-02,30.049999,30.09,29.93,29.99,16700,28.105001
2014-05-01,30.040001,30.059999,29.75,30.059999,13300,28.170601
2014-04-30,29.91,29.99,29.73,29.91,13500,28.03003
2014-04-29,29.84,29.93,29.709999,29.799999,45400,27.926943
2014-04-28,29.48,29.82,29.440001,29.790001,38000,27.917573
2014-04-25,29.450001,29.51,29.32,29.49,56200,27.636429
2014-04-24,29.27,29.41,29.27,29.389999,38900,27.542714
2014-04-23,29.309999,29.48,29.23,29.290001,41700,27.449
2014-04-22,29.32,29.450001,29.299999,29.379999,41900,27.533342
2014-04-21,29.219999,29.360001,29.209999,29.299999,17800,27.45837
2014-04-17,29.559999,29.57,29.040001,29.17,290700,27.336542
2014-04-16,29.76,29.76,29.540001,29.549999,33600,27.692657
2014-04-15,29.709999,29.709999,29.559999,29.60,17800,27.739515
2014-04-14,29.690001,29.75,29.58,29.620001,16500,27.758258
2014-04-11,29.67,29.68,29.559999,29.60,7800,27.739515
2014-04-10,29.60,29.68,29.57,29.620001,18400,27.758258
2014-04-09,29.66,29.700001,29.58,29.60,187300,27.739515
2014-04-08,29.719999,29.719999,29.540001,29.540001,19000,27.683287
2014-04-07,29.77,29.77,29.58,29.66,18800,27.795743
2014-04-04,29.780001,29.780001,29.58,29.74,17200,27.870715
2014-04-03,29.73,29.77,29.559999,29.639999,18000,27.777
2014-04-02,29.700001,29.75,29.58,29.60,43800,27.739515
2014-04-01,29.690001,29.74,29.60,29.610001,25000,27.748887
2014-03-31,29.83,29.83,29.530001,29.620001,51100,27.758258
2014-03-28,29.85,29.85,29.620001,29.620001,16100,27.758258
2014-03-27,30.17,30.26,30.07,30.08,31600,27.728268
2014-03-26,30.200001,30.200001,30.030001,30.07,13700,27.71905
2014-03-25,30.129999,30.129999,29.969999,30.059999,27200,27.709831
2014-03-24,30.389999,30.389999,29.75,29.98,36300,27.636086
2014-03-21,30.280001,30.280001,30.07,30.190001,20500,27.829668
2014-03-20,30.32,30.32,30.01,30.139999,179400,27.783577
2014-03-19,30.379999,30.42,30.09,30.24,26800,27.875759
2014-03-18,30.01,30.309999,29.969999,30.290001,30000,27.921851
2014-03-17,30.16,30.370001,29.99,29.99,98300,27.645304
2014-03-14,29.99,30.200001,29.90,30.00,65000,27.654523
2014-03-13,29.82,30.32,29.82,29.93,33900,27.589996
2014-03-12,29.90,29.969999,29.73,29.889999,27600,27.553122
2014-03-11,29.870001,30.049999,29.77,30.049999,62400,27.700613
2014-03-10,29.75,29.91,29.75,29.84,14400,27.507032
2014-03-07,29.84,29.870001,29.67,29.870001,18000,27.534687
2014-03-06,29.620001,29.799999,29.360001,29.74,94100,27.41485
2014-03-05,29.530001,29.549999,29.190001,29.549999,13500,27.239704
2014-03-04,29.639999,29.65,29.40,29.42,25600,27.119869
2014-03-03,29.379999,29.610001,29.379999,29.540001,17100,27.230487
2014-02-28,29.57,29.66,29.370001,29.549999,28500,27.239704
2014-02-27,29.379999,29.60,29.280001,29.450001,26600,27.147524
2014-02-26,29.440001,29.559999,29.059999,29.27,18900,26.981596
2014-02-25,29.17,29.389999,29.02,29.299999,20500,27.00925
2014-02-24,29.190001,29.24,28.889999,29.09,58700,26.815669
2014-02-21,29.440001,29.440001,29.299999,29.309999,14000,27.018468
2014-02-20,29.690001,29.690001,29.25,29.309999,27100,27.018468
2014-02-19,29.75,29.84,29.33,29.57,28700,27.258141
2014-02-18,29.799999,29.85,29.43,29.629999,31400,27.313449
2014-02-14,29.76,29.76,29.360001,29.50,19800,27.193614
2014-02-13,29.450001,29.74,29.42,29.51,18500,27.202832
2014-02-12,29.50,29.67,29.370001,29.59,21500,27.276578
2014-02-11,29.440001,29.49,29.219999,29.360001,12800,27.06456
2014-02-10,28.940001,29.40,28.940001,29.290001,188700,27.000033
2014-02-07,29.120001,29.15,28.950001,28.98,15900,26.714268
2014-02-06,29.02,29.209999,28.959999,29.02,24700,26.751142
2014-02-05,29.059999,29.059999,28.77,28.99,20700,26.723487
2014-02-04,29.049999,29.049999,28.75,29.00,72000,26.732705
2014-02-03,29.370001,29.370001,28.860001,28.940001,22100,26.677397
2014-01-31,29.25,29.32,29.16,29.32,9300,27.027687
2014-01-30,29.33,29.40,29.200001,29.360001,20200,27.06456
2014-01-29,29.26,29.32,29.18,29.24,15700,26.953941
2014-01-28,29.129999,29.33,29.01,29.290001,23700,27.000033
2014-01-27,28.950001,29.32,28.950001,29.16,26300,26.880196
2014-01-24,29.139999,29.139999,28.950001,28.959999,19300,26.695832
2014-01-23,29.34,29.34,28.93,28.93,15400,26.668178
2014-01-22,29.24,29.34,29.15,29.25,18500,26.96316
2014-01-21,29.200001,29.280001,29.15,29.18,39800,26.898633
2014-01-17,29.139999,29.389999,29.10,29.200001,68800,26.917069
2014-01-16,29.09,29.17,28.93,29.110001,20000,26.834106
2014-01-15,29.299999,29.309999,29.09,29.09,11900,26.815669
2014-01-14,29.16,29.200001,29.08,29.17,13100,26.889414
2014-01-13,29.049999,29.370001,28.91,29.129999,42500,26.852541
2014-01-10,29.26,29.42,29.23,29.23,20100,26.944723
2014-01-09,29.07,29.110001,28.969999,29.110001,14600,26.834106
2014-01-08,28.76,29.01,28.58,29.00,17000,26.732705
2014-01-07,29.209999,29.299999,28.889999,28.889999,18800,26.631305
2014-01-06,29.129999,29.25,29.02,29.25,38000,26.96316
2014-01-03,28.73,29.219999,28.73,29.219999,11600,26.935504
2014-01-02,28.50,28.950001,28.389999,28.709999,24900,26.465377
2013-12-31,28.219999,28.719999,28.219999,28.66,43200,26.419287
2013-12-30,28.200001,28.32,28.049999,28.280001,22500,26.068997
2013-12-27,28.27,28.280001,28.08,28.08,33100,25.884633
2013-12-26,28.559999,28.65,28.540001,28.639999,57000,25.947316
2013-12-24,28.57,28.790001,28.559999,28.620001,11700,25.929198
2013-12-23,28.870001,28.879999,28.549999,28.719999,43200,26.019794
2013-12-20,28.68,28.969999,28.68,28.84,36000,26.128513
2013-12-19,28.780001,28.940001,28.690001,28.83,40400,26.119453
2013-12-18,29.15,29.16,28.90,29.030001,23400,26.30065
2013-12-17,29.23,29.299999,29.10,29.15,21300,26.409367
2013-12-16,29.17,29.379999,29.15,29.290001,53900,26.536205
2013-12-13,28.629999,29.379999,28.629999,29.379999,43700,26.617742
2013-12-12,28.860001,28.969999,28.719999,28.969999,28400,26.24629
2013-12-11,29.280001,29.280001,28.799999,28.870001,18400,26.155693
2013-12-10,29.280001,29.299999,29.16,29.24,31100,26.490905
2013-12-09,29.139999,29.27,29.139999,29.24,14500,26.490905
2013-12-06,29.15,29.33,29.10,29.23,17200,26.481845
2013-12-05,29.219999,29.24,29.139999,29.23,44200,26.481845
2013-12-04,29.15,29.280001,29.030001,29.25,89400,26.499965
2013-12-03,29.18,29.309999,29.07,29.280001,29800,26.527145
2013-12-02,28.870001,29.17,28.870001,29.110001,42500,26.373128
2013-11-29,28.959999,29.09,28.959999,29.040001,1000,26.30971
2013-11-27,29.209999,29.209999,29.02,29.08,10200,26.345948
2013-11-26,28.700001,29.18,28.700001,29.08,22400,26.345948
2013-11-25,28.809999,28.91,28.77,28.82,24800,26.110393
2013-11-22,28.709999,28.959999,28.709999,28.870001,20000,26.155693
2013-11-21,28.57,28.76,28.57,28.700001,9800,26.001676
2013-11-20,28.799999,28.870001,28.65,28.690001,16400,25.992616
2013-11-19,28.90,29.09,28.76,28.98,30800,26.25535
2013-11-18,28.85,28.93,28.59,28.85,13100,26.137573
2013-11-15,28.719999,28.870001,28.629999,28.700001,12500,26.001676
2013-11-14,28.790001,28.950001,28.59,28.799999,12200,26.092273
2013-11-13,28.549999,28.950001,28.549999,28.709999,9200,26.010734
2013-11-12,28.610001,28.75,28.549999,28.58,21800,25.892957
2013-11-11,28.530001,28.84,28.530001,28.74,14200,26.037914
2013-11-08,29.00,29.00,28.610001,28.65,43300,25.956376
2013-11-07,29.00,29.25,28.98,29.23,22000,26.481845
2013-11-06,29.200001,29.25,29.049999,29.10,18600,26.364068
2013-11-05,29.059999,29.27,28.959999,29.27,19500,26.518085
2013-11-04,28.719999,29.07,28.719999,29.07,54600,26.336888
2013-11-01,28.91,28.940001,28.57,28.719999,12900,26.019794
2013-10-31,28.75,28.98,28.75,28.84,19300,26.128513
2013-10-30,28.889999,29.030001,28.50,28.969999,27100,26.24629
2013-10-29,29.040001,29.23,29.01,29.07,28900,26.336888
2013-10-28,29.24,29.41,29.120001,29.16,26800,26.418427
2013-10-25,29.59,29.59,29.209999,29.32,8800,26.563384
2013-10-24,29.719999,29.719999,29.24,29.379999,22000,26.617742
2013-10-23,29.49,29.700001,29.309999,29.540001,20800,26.762701
2013-10-22,29.50,29.889999,29.35,29.40,35500,26.635862
2013-10-21,29.309999,29.41,29.24,29.41,9800,26.644922
2013-10-18,28.84,29.450001,28.809999,29.43,36800,26.663042
2013-10-17,28.60,29.190001,28.58,29.00,41800,26.27347
2013-10-16,28.51,28.67,28.51,28.59,14900,25.902017
2013-10-15,28.76,28.790001,28.43,28.57,28100,25.883897
2013-10-14,28.549999,28.76,28.440001,28.67,6800,25.974496
2013-10-11,28.65,28.790001,28.41,28.67,51900,25.974496
2013-10-10,28.799999,28.799999,28.58,28.700001,22300,26.001676
2013-10-09,28.65,28.860001,28.50,28.610001,21300,25.920138
2013-10-08,28.59,28.99,28.530001,28.629999,34000,25.938256
2013-10-07,28.90,28.98,28.66,28.700001,43400,26.001676
2013-10-04,28.60,29.10,28.58,28.92,47500,26.200991
2013-10-03,28.959999,28.959999,28.65,28.709999,43500,26.010734
2013-10-02,28.49,29.00,28.309999,28.889999,80200,26.173811
2013-10-01,27.959999,28.469999,27.959999,28.43,98000,25.757061
2013-09-30,27.780001,28.120001,27.75,28.120001,81400,25.476207
2013-09-27,27.83,28.299999,27.780001,27.99,46400,25.358428
2013-09-26,28.65,28.65,28.25,28.549999,142100,25.420034
2013-09-25,28.35,28.49,28.10,28.389999,28300,25.277575
2013-09-24,28.540001,28.540001,27.959999,28.17,77000,25.081695
2013-09-23,28.33,28.51,28.10,28.459999,33800,25.339901
2013-09-20,27.92,28.35,27.92,28.27,90600,25.170732
2013-09-19,27.700001,28.049999,27.68,27.92,104800,24.859102
2013-09-18,27.309999,27.700001,27.309999,27.639999,150500,24.609799
2013-09-17,27.219999,27.50,27.110001,27.50,30500,24.485147
2013-09-16,27.42,27.450001,26.82,27.35,55500,24.351592
2013-09-13,27.209999,27.33,26.799999,27.23,34900,24.244747
2013-09-12,27.43,27.43,27.139999,27.309999,53600,24.315977
2013-09-11,27.32,27.42,27.200001,27.26,112000,24.271459
2013-09-10,27.790001,27.799999,27.17,27.280001,105900,24.289267
2013-09-09,27.870001,28.10,27.75,27.790001,14500,24.743355
2013-09-06,28.00,28.360001,27.76,27.809999,18800,24.761161
2013-09-05,27.99,28.309999,27.85,28.110001,36500,25.028273
2013-09-04,27.59,28.07,27.540001,27.90,26100,24.841295
2013-09-03,28.059999,28.059999,27.629999,27.77,68800,24.725547
2013-08-30,27.799999,28.110001,27.620001,27.90,38400,24.841295
2013-08-29,27.790001,27.940001,27.65,27.790001,71500,24.743355
2013-08-28,27.780001,27.879999,27.65,27.879999,90400,24.823487
2013-08-27,27.780001,27.809999,27.66,27.799999,24500,24.752257
2013-08-26,28.00,28.00,27.700001,27.879999,18500,24.823487
2013-08-23,27.870001,28.16,27.709999,27.959999,29800,24.894716
2013-08-22,28.00,28.18,27.690001,27.969999,18800,24.90362
2013-08-21,28.01,28.120001,27.75,27.799999,56900,24.752257
2013-08-20,28.00,28.34,27.65,28.23,37300,25.135116
2013-08-19,28.77,28.77,28.00,28.00,76900,24.930332
2013-08-16,28.709999,28.84,28.50,28.700001,46200,25.553591
2013-08-15,28.40,28.83,28.299999,28.799999,38600,25.642626
2013-08-14,28.719999,28.75,28.530001,28.709999,22800,25.562493
2013-08-13,28.85,28.93,28.459999,28.870001,55400,25.704954
2013-08-12,28.85,28.860001,28.639999,28.719999,12800,25.571397
2013-08-09,28.49,28.77,28.49,28.68,20200,25.535783
2013-08-08,28.610001,29.049999,28.59,28.66,22900,25.517975
2013-08-07,28.76,29.00,28.75,28.75,26700,25.598109
2013-08-06,28.85,29.01,28.540001,28.91,37100,25.740568
2013-08-05,29.120001,29.290001,28.98,28.98,26400,25.802893
2013-08-02,29.459999,29.68,28.870001,29.07,27800,25.883027
2013-08-01,29.34,29.41,29.02,29.309999,42800,26.096715
2013-07-31,29.049999,29.530001,28.85,29.24,22500,26.034389
2013-07-30,28.74,29.15,28.60,29.139999,34800,25.945352
2013-07-29,29.120001,29.139999,28.84,28.860001,20600,25.69605
2013-07-26,28.98,29.16,28.809999,28.969999,14000,25.793989
2013-07-25,29.01,29.01,28.700001,28.959999,127800,25.785085
2013-07-24,28.84,29.059999,28.68,28.91,63900,25.740568
2013-07-23,29.219999,29.219999,28.82,28.950001,67400,25.776183
2013-07-22,29.280001,29.280001,28.809999,28.940001,17300,25.767279
2013-07-19,29.09,29.34,28.60,29.10,51800,25.909738
2013-07-18,29.129999,29.25,28.860001,28.879999,24200,25.713856
2013-07-17,29.09,29.120001,28.940001,29.00,14400,25.820701
2013-07-16,28.940001,29.00,28.58,28.940001,25600,25.767279
2013-07-15,29.00,29.25,28.780001,28.940001,27000,25.767279
2013-07-12,28.50,28.93,28.48,28.93,18100,25.758375
2013-07-11,28.610001,28.889999,28.32,28.48,26900,25.357709
2013-07-10,28.35,28.610001,28.27,28.459999,15200,25.339901
2013-07-09,28.200001,28.540001,28.10,28.52,20100,25.393324
2013-07-08,28.18,28.309999,28.00,28.00,425000,24.930332
2013-07-05,28.799999,28.799999,28.25,28.25,22600,25.152924
2013-07-03,29.00,29.120001,28.68,28.860001,19800,25.69605
2013-07-02,29.280001,29.700001,29.00,29.00,46800,25.820701
2013-07-01,29.530001,29.75,29.25,29.379999,28000,26.15904
2013-06-28,29.84,29.84,29.139999,29.57,432000,26.328211
2013-06-27,28.98,29.889999,28.98,29.610001,52700,26.363827
2013-06-26,29.360001,29.84,28.860001,29.50,39100,25.827824
2013-06-25,29.030001,29.780001,28.40,29.309999,226000,25.661475
2013-06-24,28.959999,29.07,27.75,28.620001,56200,25.057368
2013-06-21,29.43,29.889999,28.48,28.700001,254600,25.127409
2013-06-20,29.00,29.299999,28.690001,28.950001,49800,25.346289
2013-06-19,29.889999,30.00,29.129999,29.290001,46000,25.643966
2013-06-18,29.50,29.75,29.370001,29.68,46000,25.985418
2013-06-17,29.530001,29.629999,29.16,29.540001,26700,25.862845
2013-06-14,28.99,29.67,28.84,29.50,40400,25.827824
2013-06-13,28.48,29.75,27.76,28.99,55400,25.381309
2013-06-12,29.24,29.299999,28.549999,28.65,87700,25.083632
2013-06-11,29.940001,29.940001,28.58,29.10,84500,25.477616
2013-06-10,30.35,30.40,29.879999,29.879999,81100,26.160521
2013-06-07,29.950001,30.34,29.940001,30.34,21100,26.56326
2013-06-06,29.639999,30.040001,29.25,30.040001,26000,26.300605
2013-06-05,30.129999,30.16,29.25,29.83,222800,26.116745
2013-06-04,30.40,30.450001,29.799999,30.049999,31300,26.309359
2013-06-03,30.60,30.60,29.25,30.52,42700,26.720854
2013-05-31,30.690001,30.709999,30.370001,30.60,137900,26.790896
2013-05-30,30.52,30.77,30.51,30.700001,30000,26.878448
2013-05-29,30.60,30.60,30.01,30.49,25300,26.694588
2013-05-28,30.66,31.00,30.620001,30.690001,94200,26.869693
2013-05-24,30.58,30.879999,30.48,30.629999,27200,26.81716
2013-05-23,30.75,30.969999,30.389999,30.51,27700,26.712099
2013-05-22,30.85,30.950001,30.75,30.940001,91000,27.088572
2013-05-21,31.10,31.10,30.879999,30.90,75800,27.053551
2013-05-20,31.190001,31.35,30.85,30.959999,137500,27.106082
2013-05-17,31.360001,31.360001,30.959999,31.360001,17900,27.456291
2013-05-16,31.299999,31.299999,31.17,31.299999,14500,27.403758
2013-05-15,31.50,31.50,31.18,31.25,28300,27.359983
2013-05-14,31.690001,31.75,31.32,31.35,71900,27.447535
2013-05-13,31.65,31.790001,31.48,31.690001,28800,27.745212
2013-05-10,31.65,32.040001,31.40,31.620001,30500,27.683926
2013-05-09,31.65,31.65,31.40,31.60,26600,27.666415
2013-05-08,31.35,31.90,31.35,31.65,48600,27.71019
2013-05-07,31.290001,31.48,31.16,31.48,44900,27.561352
2013-05-06,31.139999,31.389999,30.969999,31.290001,33000,27.395005
2013-05-03,31.040001,31.290001,30.99,31.110001,70100,27.237411
2013-05-02,31.00,31.139999,30.91,31.049999,38300,27.184878
2013-05-01,30.969999,31.389999,30.84,31.09,31200,27.2199
2013-04-30,30.85,30.99,30.73,30.969999,25200,27.114837
2013-04-29,30.549999,30.889999,30.299999,30.860001,28900,27.018531
2013-04-26,30.700001,30.85,30.49,30.76,17800,26.930979
2013-04-25,30.60,30.65,30.35,30.59,24400,26.78214
2013-04-24,30.450001,30.59,30.33,30.59,48700,26.78214
2013-04-23,30.50,30.59,30.25,30.35,27400,26.572016
2013-04-22,30.33,30.49,30.23,30.299999,274100,26.528239
2013-04-19,30.50,30.59,30.07,30.07,99900,26.32687
2013-04-18,30.469999,30.49,30.209999,30.299999,39500,26.528239
2013-04-17,30.43,30.530001,30.16,30.27,65900,26.501974
2013-04-16,30.370001,30.59,30.25,30.26,109500,26.493219
2013-04-15,30.66,30.709999,30.139999,30.24,57100,26.475708
2013-04-12,30.66,30.690001,30.379999,30.549999,16300,26.747119
2013-04-11,30.690001,30.85,30.299999,30.440001,143800,26.650813
2013-04-10,30.83,30.83,30.379999,30.610001,53500,26.799651
2013-04-09,30.969999,31.00,30.51,30.530001,72700,26.72961
2013-04-08,30.65,30.98,30.65,30.940001,16000,27.088572
2013-04-05,30.68,30.950001,30.559999,30.74,14600,26.913468
2013-04-04,30.610001,30.719999,30.48,30.700001,75300,26.878448
2013-04-03,30.620001,30.77,30.459999,30.65,222200,26.834671
2013-04-02,30.40,30.799999,30.33,30.60,57300,26.790896
2013-04-01,30.34,30.40,30.120001,30.33,55200,26.554505
2013-03-28,29.959999,30.200001,29.959999,30.10,18000,26.353136
2013-03-27,29.76,30.030001,29.76,30.030001,2600,26.29185
2013-03-26,30.290001,30.67,30.290001,30.379999,52300,26.167526
2013-03-25,30.68,30.799999,30.459999,30.48,21800,26.253661
2013-03-22,30.799999,30.799999,30.360001,30.50,18400,26.270888
2013-03-21,30.379999,30.870001,30.34,30.459999,28500,26.236433
2013-03-20,30.85,30.85,30.16,30.35,43800,26.141687
2013-03-19,30.67,31.10,30.40,30.530001,63400,26.296729
2013-03-18,30.469999,30.76,30.27,30.49,40100,26.262274
2013-03-15,30.200001,30.440001,30.200001,30.34,16400,26.133073
2013-03-14,30.200001,32.32,30.15,30.25,20700,26.055553
2013-03-13,30.24,30.24,29.860001,30.209999,19900,26.021098
2013-03-12,30.00,30.049999,29.68,30.049999,38600,25.883284
2013-03-11,29.98,30.10,29.700001,30.00,36000,25.840217
2013-03-08,29.870001,29.879999,29.66,29.809999,15600,25.676562
2013-03-07,29.860001,29.860001,29.690001,29.75,9800,25.624882
2013-03-06,29.700001,29.700001,29.559999,29.68,18600,25.564589
2013-03-05,29.780001,29.93,29.459999,29.52,26800,25.426774
2013-03-04,29.68,29.790001,29.58,29.60,29400,25.495682
2013-03-01,29.42,29.74,29.42,29.700001,15300,25.581816
2013-02-28,29.41,29.65,29.41,29.639999,28400,25.530134
2013-02-27,29.67,29.67,29.49,29.57,27200,25.469841
2013-02-26,29.700001,29.790001,29.57,29.60,29800,25.495682
2013-02-25,29.610001,29.790001,29.59,29.65,20200,25.538748
2013-02-22,29.58,29.66,29.49,29.620001,47700,25.512909
2013-02-21,29.530001,29.629999,29.459999,29.629999,17000,25.521521
2013-02-20,29.49,29.559999,29.389999,29.51,19900,25.418161
2013-02-19,29.40,29.629999,29.389999,29.50,21000,25.409547
2013-02-15,29.25,29.620001,29.23,29.469999,30600,25.383706
2013-02-14,29.389999,29.59,29.190001,29.299999,46300,25.237278
2013-02-13,29.469999,29.50,29.280001,29.35,15700,25.280346
2013-02-12,29.50,29.50,29.18,29.27,27300,25.211439
2013-02-11,29.16,29.190001,29.040001,29.17,13600,25.125305
2013-02-08,29.00,29.17,29.00,29.049999,217500,25.021943
2013-02-07,29.01,29.07,28.969999,29.07,187700,25.03917
2013-02-06,28.91,29.10,28.91,28.91,29600,24.901356
2013-02-05,29.02,29.02,28.940001,28.98,30400,24.96165
2013-02-04,29.059999,29.110001,28.940001,28.99,25100,24.970263
2013-02-01,29.040001,29.17,29.00,29.049999,37000,25.021943
2013-01-31,29.23,29.23,28.879999,29.00,35300,24.978877
2013-01-30,29.139999,29.15,29.110001,29.139999,21200,25.099464
2013-01-29,29.16,29.16,29.01,29.08,41000,25.047784
2013-01-28,29.129999,29.17,29.110001,29.110001,21200,25.073625
2013-01-25,29.209999,29.27,29.18,29.190001,28600,25.142532
2013-01-24,29.16,29.209999,29.139999,29.18,35000,25.133918
2013-01-23,29.15,29.18,29.08,29.16,28200,25.116691
2013-01-22,29.07,29.15,28.969999,29.139999,57400,25.099464
2013-01-18,29.01,29.040001,28.85,29.040001,45300,25.013331
2013-01-17,29.15,29.15,28.940001,28.950001,41000,24.935811
2013-01-16,29.129999,29.17,29.00,29.10,47000,25.065011
2013-01-15,29.17,29.17,29.040001,29.08,22100,25.047784
2013-01-14,29.16,29.18,29.10,29.120001,9300,25.082238
2013-01-11,29.24,29.24,29.129999,29.17,28900,25.125305
2013-01-10,29.18,29.18,29.10,29.15,15400,25.108078
2013-01-09,29.190001,29.190001,29.07,29.16,97200,25.116691
2013-01-08,29.10,29.110001,28.969999,29.049999,30200,25.021943
2013-01-07,29.15,29.200001,28.950001,29.040001,31100,25.013331
2013-01-04,29.16,29.190001,29.049999,29.15,27000,25.108078
2013-01-03,28.99,29.15,28.84,29.059999,44500,25.030557
2013-01-02,28.790001,29.17,28.75,28.860001,45600,24.85829
2012-12-31,28.60,28.709999,28.440001,28.709999,26100,24.729087
2012-12-28,28.49,28.57,28.34,28.540001,13900,24.582661
2012-12-27,28.209999,28.48,28.17,28.459999,28800,24.513752
2012-12-26,28.690001,28.719999,28.60,28.700001,6900,24.296695
2012-12-24,28.57,28.67,28.57,28.59,5900,24.203571
2012-12-21,28.57,28.719999,28.57,28.709999,116100,24.30516
2012-12-20,28.620001,28.690001,28.549999,28.68,28600,24.279763
2012-12-19,28.450001,28.620001,28.41,28.620001,66700,24.228969
2012-12-18,28.120001,28.469999,28.120001,28.360001,333900,24.00886
2012-12-17,28.07,28.299999,28.040001,28.24,98200,23.90727
2012-12-14,28.059999,28.17,27.76,28.17,45000,23.84801
2012-12-13,28.08,28.25,27.950001,27.959999,65900,23.670229
2012-12-12,28.18,28.18,27.959999,28.049999,64300,23.74642
2012-12-11,28.059999,28.190001,28.049999,28.120001,21100,23.805682
2012-12-10,28.25,28.25,28.059999,28.059999,43800,23.754886
2012-12-07,28.15,28.200001,28.049999,28.200001,27700,23.873408
2012-12-06,27.959999,28.15,27.90,28.09,192700,23.780284
2012-12-05,28.030001,28.030001,27.870001,27.90,113500,23.619434
2012-12-04,28.00,28.09,27.870001,27.879999,89700,23.602503
2012-12-03,27.870001,28.030001,27.799999,27.98,57700,23.68716
2012-11-30,28.139999,28.139999,27.870001,27.870001,150200,23.594038
2012-11-29,28.17,28.299999,27.950001,28.059999,111800,23.754886
2012-11-28,28.049999,28.200001,28.030001,28.10,67100,23.78875
2012-11-27,28.219999,28.26,27.879999,28.059999,91900,23.754886
2012-11-26,28.10,28.17,27.93,28.049999,37400,23.74642
2012-11-23,28.07,28.15,28.07,28.10,14900,23.78875
2012-11-21,28.209999,28.290001,28.049999,28.049999,82000,23.74642
2012-11-20,28.15,28.190001,28.059999,28.120001,37000,23.805682
2012-11-19,28.370001,28.370001,28.030001,28.17,46800,23.84801
2012-11-16,28.25,28.299999,28.02,28.110001,190900,23.797216
2012-11-15,28.35,28.40,28.049999,28.290001,77700,23.9496
2012-11-14,28.74,28.790001,28.469999,28.48,63500,24.110448
2012-11-13,28.690001,28.809999,28.66,28.75,35400,24.339023
2012-11-12,28.639999,28.73,28.540001,28.73,10300,24.322091
2012-11-09,28.59,28.709999,28.379999,28.48,304800,24.110448
2012-11-08,28.719999,28.90,28.43,28.549999,39200,24.169708
2012-11-07,28.719999,28.73,28.60,28.60,37500,24.212037
2012-11-06,28.65,28.74,28.59,28.74,18500,24.330557
2012-11-05,28.41,28.67,28.40,28.67,48500,24.271297
2012-11-02,28.43,28.639999,28.129999,28.459999,274800,24.093516
2012-11-01,28.450001,28.450001,28.34,28.40,40000,24.042722
2012-10-31,28.469999,28.530001,28.299999,28.379999,83700,24.02579
2012-10-26,28.57,28.57,28.35,28.40,47500,24.042722
2012-10-25,28.530001,28.57,28.40,28.450001,266700,24.085052
2012-10-24,28.690001,28.700001,28.40,28.51,371900,24.135846
2012-10-23,28.58,28.74,28.51,28.559999,33600,24.178174
2012-10-22,28.719999,28.719999,28.50,28.549999,280600,24.169708
2012-10-19,28.75,28.75,28.50,28.549999,105300,24.169708
2012-10-18,28.700001,28.799999,28.60,28.629999,31000,24.237434
2012-10-17,28.67,28.700001,28.60,28.610001,19100,24.220503
2012-10-16,28.780001,28.780001,28.57,28.65,488000,24.254366
2012-10-15,28.82,28.860001,28.549999,28.620001,42500,24.228969
2012-10-12,28.870001,28.870001,28.76,28.860001,25800,24.432147
2012-10-11,28.73,28.860001,28.73,28.809999,25200,24.389817
2012-10-10,28.67,28.799999,28.620001,28.790001,36500,24.372887
2012-10-09,28.75,28.780001,28.60,28.60,839700,24.212037
2012-10-08,28.48,28.76,28.450001,28.74,15800,24.330557
2012-10-05,28.60,28.75,28.41,28.50,36200,24.12738
2012-10-04,28.60,28.77,28.43,28.48,58900,24.110448
2012-10-03,28.530001,28.77,28.49,28.50,44600,24.12738
2012-10-02,28.299999,28.65,28.299999,28.620001,31800,24.228969
2012-10-01,28.190001,28.309999,28.08,28.309999,41100,23.96653
2012-09-28,28.17,28.17,27.92,27.99,44800,23.695626
2012-09-27,27.879999,28.209999,27.809999,28.00,130900,23.704092
2012-09-26,28.25,28.41,28.25,28.35,35200,23.583879
2012-09-25,28.299999,28.33,28.25,28.299999,32000,23.542284
2012-09-24,28.34,28.34,28.200001,28.200001,199000,23.459097
2012-09-21,28.41,28.43,28.26,28.290001,27300,23.533966
2012-09-20,28.27,28.469999,28.27,28.27,34700,23.517328
2012-09-19,28.459999,28.50,28.40,28.469999,15600,23.683704
2012-09-18,28.299999,28.32,28.209999,28.27,38800,23.517328
2012-09-17,28.25,28.280001,28.200001,28.280001,14600,23.525647
2012-09-14,28.200001,28.290001,28.15,28.25,76800,23.50069
2012-09-13,28.299999,28.299999,28.23,28.23,23500,23.484052
2012-09-12,28.18,28.280001,28.17,28.23,19000,23.484052
2012-09-11,28.16,28.27,28.16,28.25,23500,23.50069
2012-09-10,28.17,28.280001,28.17,28.26,10300,23.509009
2012-09-07,28.299999,28.299999,28.190001,28.27,150900,23.517328
2012-09-06,28.110001,28.190001,28.049999,28.10,18600,23.375908
2012-09-05,28.200001,28.200001,28.10,28.139999,31400,23.409182
2012-09-04,28.18,28.209999,28.030001,28.15,27000,23.417501
2012-08-31,28.290001,28.299999,28.02,28.15,28700,23.417501
2012-08-30,28.34,28.35,28.00,28.190001,27500,23.450778
2012-08-29,28.35,28.35,28.26,28.280001,29200,23.525647
2012-08-28,28.299999,28.33,28.290001,28.32,24600,23.558922
2012-08-27,28.299999,28.299999,28.209999,28.26,21400,23.509009
2012-08-24,28.290001,28.290001,28.00,28.23,42100,23.484052
2012-08-23,28.299999,28.299999,28.139999,28.290001,16400,23.533966
2012-08-22,28.290001,28.299999,28.24,28.299999,37400,23.542284
2012-08-21,28.370001,28.370001,28.00,28.139999,261600,23.409182
2012-08-20,28.35,28.389999,28.07,28.24,20600,23.492371
2012-08-17,28.379999,28.379999,28.10,28.120001,19600,23.392546
2012-08-16,28.50,28.610001,28.120001,28.25,52300,23.50069
2012-08-15,28.690001,28.73,28.379999,28.48,41600,23.692023
2012-08-14,28.74,28.74,28.43,28.530001,113700,23.733618
2012-08-13,28.58,28.68,28.49,28.559999,20900,23.758573
2012-08-10,28.65,28.780001,28.549999,28.629999,84500,23.816805
2012-08-09,28.620001,28.82,28.530001,28.700001,139000,23.875038
2012-08-08,28.280001,28.559999,28.23,28.530001,50700,23.733618
2012-08-07,28.10,28.33,28.049999,28.129999,96400,23.400863
2012-08-06,27.98,28.10,27.90,28.040001,101600,23.325995
2012-08-03,27.92,27.92,27.76,27.860001,11600,23.176256
2012-08-02,27.709999,27.940001,27.690001,27.790001,91000,23.118025
2012-08-01,27.75,27.809999,27.639999,27.65,280100,23.00156
2012-07-31,27.67,27.780001,27.67,27.700001,59800,23.043155
2012-07-30,27.709999,27.709999,27.530001,27.65,57300,23.00156
2012-07-27,27.65,27.780001,27.540001,27.610001,45200,22.968286
2012-07-26,27.549999,27.85,27.450001,27.559999,113500,22.92669
2012-07-25,27.41,27.51,27.290001,27.41,166200,22.801908
2012-07-24,27.60,27.82,26.969999,27.24,212600,22.660488
2012-07-23,27.469999,27.74,27.379999,27.389999,100800,22.78527
2012-07-20,28.200001,28.200001,27.52,27.65,322700,23.00156
2012-07-19,28.110001,28.15,27.90,28.059999,371200,23.342632
2012-07-18,28.030001,28.120001,28.01,28.049999,143300,23.334313
2012-07-17,28.27,28.27,27.809999,27.969999,580500,23.267762
2012-07-16,28.10,28.209999,27.91,28.030001,75900,23.317676
2012-07-13,28.00,28.209999,27.74,28.10,59800,23.375908
2012-07-12,27.90,27.90,27.74,27.83,74400,23.151299
2012-07-11,28.10,28.190001,27.75,27.969999,1179300,23.267762
2012-07-10,28.049999,28.40,27.879999,27.940001,159700,23.242807
2012-07-09,27.93,28.18,27.77,28.00,76400,23.292719
2012-07-06,27.40,27.959999,27.40,27.799999,43400,23.126342
2012-07-05,27.34,27.959999,27.290001,27.639999,60000,22.993241
2012-07-03,27.24,27.459999,27.24,27.379999,27400,22.776951
2012-07-02,26.969999,27.219999,26.75,27.15,43200,22.585619
2012-06-29,26.700001,27.219999,26.50,27.040001,67500,22.494113
2012-06-28,26.66,26.690001,26.51,26.58,73700,22.111446
2012-06-27,26.450001,26.76,26.440001,26.59,78300,22.119765
2012-06-26,27.18,27.18,26.73,26.93,467200,21.947565
2012-06-25,27.040001,27.15,26.77,27.049999,253800,22.045362
2012-06-22,26.65,27.129999,26.65,26.940001,50000,21.955715
2012-06-21,26.60,26.74,26.57,26.59,77300,21.67047
2012-06-20,26.549999,26.60,26.27,26.58,61100,21.66232
2012-06-19,26.379999,26.530001,26.299999,26.389999,177100,21.507472
2012-06-18,26.25,26.40,26.15,26.25,84200,21.393374
2012-06-15,26.25,26.26,26.17,26.200001,45100,21.352626
2012-06-14,26.110001,26.370001,26.10,26.15,217600,21.311876
2012-06-13,26.15,26.17,26.10,26.139999,71100,21.303726
2012-06-12,26.299999,26.32,26.00,26.139999,99300,21.303726
2012-06-11,26.34,26.34,26.110001,26.139999,465700,21.303726
2012-06-08,26.25,26.50,26.110001,26.139999,33500,21.303726
2012-06-07,26.10,26.50,26.049999,26.059999,36600,21.238527
2012-06-06,26.00,26.35,25.940001,25.950001,102300,21.148879
2012-06-05,25.969999,26.02,25.950001,25.950001,64200,21.148879
2012-06-04,26.07,26.10,25.85,26.040001,73800,21.222228
2012-06-01,25.950001,26.00,25.85,25.889999,57800,21.099979
2012-05-31,26.00,26.10,25.90,25.969999,91700,21.165178
2012-05-30,25.950001,25.959999,25.90,25.91,54700,21.116279
2012-05-29,26.08,26.139999,25.93,25.950001,138900,21.148879
2012-05-25,26.00,26.030001,25.940001,26.00,52700,21.189628
2012-05-24,25.969999,26.030001,25.93,25.950001,72100,21.148879
2012-05-23,25.940001,26.00,25.889999,25.90,63000,21.108129
2012-05-22,26.00,26.10,25.940001,25.969999,125000,21.165178
2012-05-21,25.90,26.00,25.74,25.950001,105600,21.148879
2012-05-18,25.950001,26.030001,25.67,25.780001,43200,21.010332
2012-05-17,26.049999,26.049999,25.75,25.799999,61000,21.02663
2012-05-16,26.049999,26.129999,26.00,26.040001,55300,21.222228
2012-05-15,25.90,26.129999,25.84,25.959999,649700,21.157028
2012-05-14,26.049999,26.10,25.90,25.90,70900,21.108129
2012-05-11,26.25,26.26,26.15,26.15,43000,21.311876
2012-05-10,26.200001,26.299999,26.190001,26.24,223300,21.385224
2012-05-09,26.25,26.290001,26.15,26.18,45500,21.336326
2012-05-08,26.35,26.40,26.26,26.26,49500,21.401524
2012-05-07,26.290001,26.379999,26.27,26.299999,235000,21.434123
2012-05-04,26.25,26.40,26.25,26.32,64700,21.450423
2012-05-03,26.43,26.440001,26.27,26.27,87000,21.409675
2012-05-02,26.469999,26.690001,26.33,26.360001,342900,21.483023
2012-05-01,26.43,26.50,26.33,26.360001,119300,21.483023
2012-04-30,26.370001,26.50,26.209999,26.35,157000,21.474873
2012-04-27,26.299999,26.389999,26.219999,26.26,384700,21.401524
2012-04-26,26.190001,26.23,26.02,26.219999,200700,21.368924
2012-04-25,26.25,26.450001,25.98,26.15,344900,21.311876
