2016-03-13T00:00:00.000-05:00
skills,0.72001
students,-0.55897
expert panel,0.819431
event planning,0.419866
job options,0.607143
school leaves,-0.55897
answer,0.532241
plenty,0.607143
live chat,0.819431
career advice,-0.660446
free Guardian account,0.398894
Browse Guardian Jobs,-0.660446
GuardianCareers,0.57901
GMT,0.819431
best way,0.707381
apprenticeships,0.563624
industries,0.419866
lives,-0.55897
National Apprenticeship,0.273365
Guardian Careers,-0.660446
Wednesday,0.819431
latest job vacancies,-0.660446
surprise,-0.506013
daunting decisions,-0.55897
