2016-03-05T00:00:00.000-05:00
Advisory Service Inc.,0.44353
Commerce Bancshares,0.42438
quarter worth,0.484068
dividend yield,0.424171
price target,-0.494063
business’s stock,-0.21553
research analysts,0.242552
stock,0.0662646
hold rating,0.242552
InvestorPlace Broker Center,0.555736
Commerce Bancshares Inc.,0.621771
Zacks Investment Research,0.286513
personal trading style,0.598412
annualized basis,0.424171
consensus recommendation,0.343428
Investment Management,0.469236
average twelve-month price,-0.494063
average price,-0.255299
consensus estimate,-0.514015
Financial Advisory Service,0.44353
EisnerAmper Wealth Management,0.562465
financial services provider,0.491744
concise daily summary,0.462355
Jonathan M. Kemper,-0.21553
Marketbeat reports,-0.279707
stock broker,0.245696
company,-0.014237
new stake,0.484068
quarter,0.0124038
