2016-03-07T00:00:00.000-05:00
Teriyaki,0.526557
Exchange Commission,0.264888
30-day option,0.442708
dallas,0.205021
Morgan Stanley,0.342741
solicitation,-0.483326
jurisdiction,-0.350265
registration statement,0.423688
sale,-0.124562
freshly-prepared seasoned fries,0.734008
house-made sides,0.620401
Hickory Smoked BBQ,0.221629
securities laws,-0.483326
Garlic Parmesan Hawaiian,0.526557
GLOBE NEWSWIRE,0.242128
Lemon Pepper,0.272614
common stock,0.33881
selling stockholders,-0.377892
Company,-0.0390823
Attention,0.207289
boneless chicken wings,0.620401
additional shares,0.442708
